0.5750877261161804
0.3960948884487152
0.16992418467998505
0.09333972632884979
0.15749453008174896
0.11430177837610245
0.1456087976694107
0.12978337705135345
0.15148934721946716
0.1311313360929489
0.15363769233226776
0.13059112429618835
0.15338845551013947
0.13096919655799866
0.1549946516752243
0.1315738707780838
0.15487085282802582
0.1308453381061554
0.15577413141727448
0.13082152605056763
0.15531662106513977
0.13008327782154083
0.153832346200943
0.12968574464321136
0.15144990384578705
0.1290188431739807
0.1480010598897934
0.1282203644514084
0.14387691020965576
0.12804754078388214
0.13899776339530945
0.12793464958667755
0.13293883204460144
0.12588061392307281
0.1302916705608368
0.12253443896770477
0.1294209063053131
0.12050126492977142
0.12636813521385193
0.12094585597515106
0.12544278800487518
0.12118007987737656
0.1252737194299698
0.12214956432580948
0.12452348321676254
0.12398092448711395
0.12357436865568161
0.12354221940040588
0.12482677400112152
0.12366955727338791
0.12475705146789551
0.124533511698246
0.12470278143882751
0.12459558993577957
0.12555719912052155
0.12260311841964722
0.1255778968334198
0.12419971823692322
0.12527933716773987
0.12397726625204086
0.12500131130218506
0.12433989346027374
0.12609755992889404
0.12574629485607147
0.12409726530313492
0.12645645439624786
0.1264030486345291
0.12449423223733902
0.1255570948123932
0.1254555881023407
0.12594054639339447
0.12442365288734436
0.126003697514534
0.12662023305892944
0.12489891797304153
0.12632103264331818
0.1253560483455658
0.12552058696746826
0.12488377839326859
0.12568975985050201
0.12545806169509888
0.12574216723442078
0.12618817389011383
0.12601926922798157
0.12793925404548645
0.12547741830348969
0.1273038685321808
0.12434864044189453
0.12709122896194458
0.12558649480342865
0.1257360875606537
0.12679755687713623
0.12686917185783386
0.1262744963169098
0.1266150325536728
0.12507589161396027
0.12668105959892273
0.12624892592430115
0.12654685974121094
0.12608854472637177
0.1257866770029068
0.12477129697799683
0.12652190029621124
0.12515991926193237
0.12619543075561523
0.12703676521778107
0.1267775148153305
0.12487185746431351
0.12763792276382446
0.12562713027000427
0.12741993367671967
0.1263038069009781
0.1260155588388443
0.1262747347354889
0.12714287638664246
0.12581013143062592
0.12639647722244263
0.1270447075366974
0.1268867701292038
0.12495427578687668
0.12611836194992065
0.1256181299686432
0.12693151831626892
0.12567341327667236
0.12594807147979736
0.12513478100299835
0.12682375311851501
0.12452876567840576
0.12621565163135529
0.12508448958396912
0.12724094092845917
0.12669077515602112
0.1260574758052826
0.12611447274684906
0.12436423450708389
0.12472663819789886
0.12657387554645538
0.12471984326839447
0.12568247318267822
0.1246696263551712
0.1255718320608139
0.12573787569999695
0.12640176713466644
0.12624497711658478
0.12540963292121887
0.12673696875572205
0.12682993710041046
0.12709100544452667
0.12478099018335342
0.1266089826822281
0.12610521912574768
0.12621736526489258
0.12527446448802948
0.1250878870487213
0.12606418132781982
0.1254541277885437
0.12586480379104614
0.12611830234527588
0.12637023627758026
0.1259748488664627
0.1259419023990631
0.1254269778728485
0.12473902851343155
0.1255725473165512
0.1257161647081375
0.12520743906497955
0.1256730705499649
0.12575457990169525
0.12575151026248932
0.12710480391979218
0.12588438391685486
0.12443164736032486
0.12688305974006653
0.12635546922683716
0.1259016990661621
0.12551584839820862
0.12671886384487152
0.12487071007490158
0.12457477301359177
0.12568168342113495
0.1256297379732132
0.1262340545654297
0.12508083879947662
0.12576614320278168
0.12564319372177124
0.12453673034906387
0.1262684017419815
0.12525120377540588
0.1255686730146408
0.12431742250919342
0.12491408735513687
0.12507666647434235
0.12577109038829803
0.126139298081398
0.12534049153327942
0.126259908080101
0.12574231624603271
0.12477557361125946
0.12535765767097473
0.1258547306060791
0.1268870085477829
0.12430215626955032
0.12629282474517822
0.12572678923606873
0.1273668259382248
0.1258103996515274
0.12446770817041397
0.12459606677293777
0.12684863805770874
0.12569905817508698
0.12744851410388947
0.12420511990785599
0.1255689263343811
0.12665893137454987
0.12584631145000458
0.1255471408367157
0.12569130957126617
0.12513090670108795
0.12571780383586884
0.12511903047561646
0.12562718987464905
0.12463616579771042
0.1258283406496048
0.12508456408977509
0.12478820979595184
0.12527917325496674
0.1277460902929306
0.12461689114570618
0.12666648626327515
0.12559212744235992
0.12625859677791595
0.12498340755701065
0.12524443864822388
0.12589897215366364
0.12607556581497192
0.12568585574626923
0.1246284767985344
0.12487514317035675
0.12586727738380432
0.12416576594114304
0.1263061910867691
0.1255495846271515
0.12599150836467743
0.12536314129829407
0.12638874351978302
0.1262751668691635
0.12523864209651947
0.1251244693994522
0.12594889104366302
0.12553070485591888
0.12714038789272308
0.12532871961593628
0.12507611513137817
0.12507160007953644
0.1250130981206894
0.12502731382846832
0.12520535290241241
0.1251104772090912
0.12506425380706787
0.1248989999294281
0.12499251216650009
