0.08070050179958344
0.027061471715569496
0.025297323241829872
0.02373874932527542
0.032579343765974045
0.029255656525492668
0.036976929754018784
0.036411531269550323
0.041104137897491455
0.04041463881731033
0.044382333755493164
0.04037151485681534
0.042242325842380524
0.041680704802274704
0.044070784002542496
0.04579058289527893
0.04621196165680885
0.0457226000726223
0.04609425365924835
0.04554940387606621
0.04592417925596237
0.04001273587346077
0.040162064135074615
0.03973973169922829
0.03986959531903267
0.03436271473765373
0.03435054421424866
0.03399519994854927
0.03382864221930504
0.02897232212126255
0.03327781334519386
0.02842583879828453
0.028058383613824844
0.027797214686870575
0.03228927031159401
0.02752004563808441
0.027483833953738213
0.027446487918496132
0.02741154655814171
0.02740500681102276
0.0231991745531559
0.019299153238534927
0.019260575994849205
0.01567726582288742
0.01226839330047369
0.012075957842171192
0.006332944612950087
0.013175778090953827
0.0012614525621756911
0.0007752887904644012
0.0005387807614170015
0.00043733688653446734
0.00030526594491675496
0.0002527862961869687
0.0002104499435517937
0.00021156661387067288
0.00018023094162344933
0.00017649099754635245
0.00015184696530923247
0.00014115947124082595
0.00011458180233603343
0.00012264898396097124
0.0001050871069310233
9.488220530329272e-05
7.877068856032565e-05
7.719190762145445e-05
6.612190918531269e-05
6.577150634257123e-05
5.6427055824315175e-05
5.1284776418469846e-05
5.185596091905609e-05
5.0651873607421294e-05
4.016459934064187e-05
3.9861512050265446e-05
3.799286423600279e-05
3.483991895336658e-05
3.567574094631709e-05
3.682249007397331e-05
3.236059274058789e-05
3.057410503970459e-05
3.028418359463103e-05
2.9769871616736054e-05
2.5603292669984512e-05
2.5610142984078266e-05
2.4729868528083898e-05
2.1883106455788948e-05
2.7490943466546014e-05
2.1683419618057087e-05
2.408805266895797e-05
1.9494418665999547e-05
1.9319617422297597e-05
2.0306471924413927e-05
1.794165109458845e-05
1.6369211152778007e-05
1.864328260126058e-05
1.4943761016183998e-05
1.558160874992609e-05
1.656131280469708e-05
1.4714488315803465e-05
1.4961794477130752e-05
1.5500707377213985e-05
1.328447979176417e-05
1.4666705283161718e-05
1.2705042536254041e-05
1.3084005331620574e-05
1.2592156053869985e-05
1.2209480701130815e-05
1.0958442544506397e-05
1.1681690011755563e-05
1.1572583389352076e-05
1.0496303730178624e-05
1.0573236977506895e-05
1.1484728929644916e-05
1.0933152225334197e-05
9.788058378035203e-06
1.0743351595010608e-05
1.0390457646280993e-05
9.379389666719362e-06
9.872267582977656e-06
9.35436492000008e-06
9.066252459888346e-06
9.20663933356991e-06
8.897688530851156e-06
8.200244337785989e-06
1.1561409337446094e-05
8.58061139297206e-06
8.118178811855614e-06
1.1188013559149113e-05
1.4597145309380721e-05
7.745195944153238e-06
7.970227670739405e-06
7.089398877724307e-06
6.895004844409414e-06
1.1621051271504257e-05
1.0174060662393458e-05
6.950896931812167e-06
1.1947540770052001e-05
7.047588951536454e-06
9.871426300378516e-06
7.0791256803204305e-06
6.182348897709744e-06
7.306168754439568e-06
6.285658855631482e-06
7.294429906323785e-06
6.7413575379760005e-06
6.605022463190835e-06
7.554034709755797e-06
6.309999662335031e-06
8.003088623809163e-06
5.607149432762526e-06
6.7786786530632526e-06
6.862250302219763e-06
6.1792229644197505e-06
6.051294803910423e-06
5.851915830135113e-06
6.371613380906638e-06
5.908930688747205e-06
5.987838903820375e-06
6.862960617581848e-06
5.11904136146768e-06
5.267619144433411e-06
6.928179118403932e-06
5.169507403479656e-06
5.0302455747441854e-06
4.628840997611405e-06
4.855648512602784e-06
5.993481863697525e-06
4.938005531585077e-06
6.830426627857378e-06
7.449251370417187e-06
7.556166565336753e-06
6.106974524300313e-06
4.7779981287021656e-06
4.209632606944069e-06
4.4435905692807864e-06
5.87527620155015e-06
4.807651748706121e-06
6.480922820628621e-06
5.1041156439168844e-06
5.522833816939965e-06
4.711453584604897e-06
4.52715858045849e-06
5.59449108550325e-06
4.365157110441942e-06
4.478580194700044e-06
4.601923592417734e-06
5.4579008974542376e-06
4.361310402600793e-06
5.483204404299613e-06
4.53439179182169e-06
4.7571265895385295e-06
3.844774255412631e-06
6.873844540677965e-06
4.420545792527264e-06
6.403246061381651e-06
3.6808323784498498e-06
4.717832780443132e-06
6.617119652219117e-06
5.267181222734507e-06
4.251861810189439e-06
4.6924606067477725e-06
4.594808615365764e-06
4.533476840151707e-06
5.123702521814266e-06
3.9661927075940184e-06
8.83689608599525e-06
4.8718829930294305e-06
4.154731868766248e-06
8.0458403317607e-06
4.824881671083858e-06
4.914169039693661e-06
3.2781288155092625e-06
4.822231403522892e-06
5.0021963033941574e-06
4.260590685589705e-06
4.065808298037155e-06
3.835427833109861e-06
4.960863861924736e-06
3.7813306335010566e-06
3.4582960779516725e-06
3.820403435383923e-06
3.526746240822831e-06
4.00785847887164e-06
4.025097041449044e-06
3.674667368613882e-06
1.2976393918506801e-05
6.27198687652708e-06
3.6932317470927956e-06
3.8437215152953286e-06
3.2764635307103163e-06
3.1808531275601126e-06
4.9994241635431536e-06
3.4567519833217375e-06
3.133545305900043e-06
3.14569660986308e-06
9.052363566297572e-06
3.2146217563422397e-06
3.3151109164464287e-06
4.2184833546343725e-06
3.848483174806461e-06
3.097693024756154e-06
3.581503733585123e-06
3.558745447662659e-06
4.609264578903094e-06
4.520473794400459e-06
3.3998894650721923e-06
3.0491182769765146e-06
3.2040688893175684e-06
6.535622105729999e-06
3.6176318189973244e-06
2.9658158382517286e-06
3.087078312091762e-06
3.515813887133845e-06
3.0425155728153186e-06
3.3299372717010556e-06
3.1948231935530202e-06
3.323138798805303e-06
3.0113242246443406e-06
3.129692231595982e-06
3.0457936190941837e-06
