0.3678329586982727
0.7285841107368469
0.8124066591262817
0.8616527318954468
0.8616527318954468
0.8616527318954468
0.8616527318954468
0.8616527318954468
0.8616527318954468
0.8616527318954468
0.8616527318954468
0.8616527318954468
0.8364282846450806
0.8364282846450806
0.8364282846450806
0.8364282846450806
0.8364282846450806
0.8364282846450806
0.8364282846450806
0.8364282846450806
0.8364282846450806
0.8124066591262817
0.8124066591262817
0.8124066591262817
0.8124066591262817
0.7759219408035278
0.7759219408035278
0.7759219408035278
0.7759219408035278
0.7416163086891174
0.7759219408035278
0.7416163086891174
0.7416163086891174
0.7416163086891174
0.7759219408035278
0.7416163086891174
0.7416163086891174
0.7416163086891174
0.7416163086891174
0.7416163086891174
0.7133646607398987
0.6925417184829712
0.6925417184829712
0.6672981977462769
0.6376999020576477
0.6376999020576477
0.5908935070037842
0.8739871978759766
0.22768694162368774
0.16268935799598694
0.14172783493995667
0.12867477536201477
0.11000248789787292
0.10083404183387756
0.09249627590179443
0.09295022487640381
0.0861864984035492
0.08539366722106934
0.07925096154212952
0.07699078321456909
0.06877350807189941
0.07191604375839233
0.06541609764099121
0.0627223551273346
0.05545234680175781
0.056422024965286255
0.04959428310394287
0.04845327138900757
0.04649284482002258
0.04223424196243286
0.04497334361076355
0.042566925287246704
0.036446958780288696
0.03979066014289856
0.036299169063568115
0.03819680213928223
0.03446730971336365
0.036013782024383545
0.03144019842147827
0.033258795738220215
0.03355446457862854
0.03266251087188721
0.02976033091545105
0.03058093786239624
0.03156250715255737
0.02756914496421814
0.033334165811538696
0.027293890714645386
0.031071245670318604
0.02644401788711548
0.02470344305038452
0.022303909063339233
0.02240312099456787
0.02520659565925598
0.027030974626541138
0.02332821488380432
0.023485511541366577
0.025135785341262817
0.019080251455307007
0.025483280420303345
0.02520802617073059
0.020266234874725342
0.024397939443588257
0.022473454475402832
0.021248728036880493
0.02283415198326111
0.021987587213516235
0.019865840673446655
0.020909786224365234
0.01915639638900757
0.018554002046585083
0.0211506187915802
0.022610127925872803
0.018060743808746338
0.01895877718925476
0.01828455924987793
0.01849287748336792
0.018729567527770996
0.02050691843032837
0.019560813903808594
0.019524604082107544
0.016719847917556763
0.020133942365646362
0.017821580171585083
0.021884649991989136
0.016296088695526123
0.015048831701278687
0.02241414785385132
0.02414524555206299
0.017763525247573853
0.014200478792190552
0.01771998405456543
0.017124295234680176
0.019403964281082153
0.020113706588745117
0.014132857322692871
0.021201014518737793
0.01723712682723999
0.020528584718704224
0.015796244144439697
0.016959190368652344
0.0134030282497406
0.01496267318725586
0.012975513935089111
0.01682180166244507
0.015481919050216675
0.013689786195755005
0.013668209314346313
0.011780142784118652
0.01477387547492981
0.011806398630142212
0.01729491353034973
0.01618814468383789
0.01727914810180664
0.01257351040840149
0.016823112964630127
0.012628883123397827
0.016806095838546753
0.011353850364685059
0.01520588994026184
0.014934390783309937
0.01643410325050354
0.015690088272094727
0.012783795595169067
0.013879269361495972
0.013777494430541992
0.017066597938537598
0.012336045503616333
0.011586755514144897
0.018720239400863647
0.018216967582702637
0.011044502258300781
0.01480722427368164
0.013340950012207031
0.012919962406158447
0.010354310274124146
0.014536738395690918
0.015394151210784912
0.011104047298431396
0.009129077196121216
0.011910110712051392
0.012975513935089111
0.016504496335983276
0.011116474866867065
0.013235867023468018
0.014312893152236938
0.016534507274627686
0.013699948787689209
0.014754623174667358
0.0120677649974823
0.01500895619392395
0.012481749057769775
0.009237289428710938
0.01135137677192688
0.008793115615844727
0.012471675872802734
0.008630037307739258
0.01677080988883972
0.009423434734344482
0.01262134313583374
0.014406204223632812
0.010175645351409912
0.01289600133895874
0.015818268060684204
0.011304110288619995
0.019092261791229248
0.00930488109588623
0.010457932949066162
0.01880413293838501
0.014856010675430298
0.013750791549682617
0.011330217123031616
0.010744631290435791
0.015921950340270996
0.014890700578689575
0.01388692855834961
0.01414179801940918
0.01454058289527893
0.013372600078582764
0.012362420558929443
0.013428360223770142
0.013762235641479492
0.013261169195175171
0.009956717491149902
0.013906002044677734
0.011591523885726929
0.01614135503768921
0.012666642665863037
0.014512389898300171
0.01261630654335022
0.011035799980163574
0.015230357646942139
0.012607485055923462
0.011627882719039917
0.010160863399505615
0.017749011516571045
0.011501997709274292
0.012508124113082886
0.007789731025695801
0.013819485902786255
0.010155946016311646
0.013079077005386353
0.013080328702926636
0.015119612216949463
0.008278369903564453
0.01240009069442749
0.011251866817474365
0.012830406427383423
0.017006337642669678
0.012223154306411743
0.010307461023330688
0.010371565818786621
0.010624676942825317
0.01028403639793396
0.010560423135757446
0.009694039821624756
0.010518431663513184
0.009940743446350098
0.01077309250831604
0.010039061307907104
