245.93275451660156
106.97801208496094
5.747608661651611
0.36982131004333496
1.0531965494155884
0.47787198424339294
0.8823864459991455
0.5117529630661011
0.8675104975700378
0.5112319588661194
0.9444990158081055
0.5017233490943909
0.9216575622558594
0.4892929494380951
0.9159406423568726
0.501571774482727
0.9067352414131165
0.46387001872062683
0.8824414610862732
0.45522642135620117
0.8629074692726135
0.43003126978874207
0.7992587685585022
0.43129315972328186
0.7538278102874756
0.42473962903022766
0.6810179352760315
0.42288756370544434
0.6123324632644653
0.46119382977485657
0.5470027327537537
0.466581791639328
0.4350682497024536
0.44227591156959534
0.40274345874786377
0.3165677785873413
0.32625576853752136
0.26814889907836914
0.27895286679267883
0.2912532389163971
0.27263638377189636
0.22952570021152496
0.2901420593261719
0.236809641122818
0.2210673838853836
0.25429585576057434
0.2577531933784485
0.24530087411403656
0.27192017436027527
0.23645438253879547
0.26329824328422546
0.3255465030670166
0.2384061962366104
0.36305156350135803
0.39388102293014526
0.49491289258003235
0.40247294306755066
0.48054417967796326
0.4486055374145508
0.47115346789360046
0.41207030415534973
0.468619704246521
0.3822999596595764
0.5000448226928711
0.4229668974876404
0.5076308846473694
0.41987183690071106
0.5173189043998718
0.5421344041824341
0.43228083848953247
0.46179795265197754
0.40718600153923035
0.4857496917247772
0.4184243381023407
0.3637040853500366
0.4191960394382477
0.3148233890533447
0.44149377942085266
0.4200487434864044
0.44079670310020447
0.3776499330997467
0.3621772229671478
0.39678773283958435
0.3219549357891083
0.2988699972629547
0.28721514344215393
0.288038045167923
0.22951284050941467
0.322677880525589
0.293236643075943
0.2894690930843353
0.27481159567832947
0.3202197253704071
0.26789310574531555
0.23694176971912384
0.2561458647251129
0.23816052079200745
0.26458436250686646
0.2657582461833954
0.2878401279449463
0.1927226483821869
0.206679105758667
0.24296577274799347
0.21987299621105194
0.22239230573177338
0.21771053969860077
0.20160745084285736
0.19534708559513092
0.1725689023733139
0.21760603785514832
0.22107262909412384
0.20361405611038208
0.18082332611083984
0.17350737750530243
0.19631327688694
0.18262657523155212
0.21897147595882416
0.1741575002670288
0.163107767701149
0.15327031910419464
0.18286803364753723
0.16645467281341553
0.1766711324453354
0.1480497121810913
0.17166011035442352
0.13061407208442688
0.1645088940858841
0.17930614948272705
0.12647615373134613
0.11213021725416183
0.13937123119831085
0.1348079890012741
0.13789184391498566
0.14226891100406647
0.13653990626335144
0.12922577559947968
0.1627195179462433
0.13809727132320404
0.14521530270576477
0.13053163886070251
0.14674772322177887
0.11965317279100418
0.16268572211265564
0.1476803869009018
0.15956683456897736
0.12911729514598846
0.14827489852905273
0.15232838690280914
0.13210758566856384
0.15687911212444305
0.1306888610124588
0.1505517065525055
0.12172241508960724
0.11556946486234665
0.10100115835666656
0.12956729531288147
0.10698197036981583
0.13972850143909454
0.11502967774868011
0.12197363376617432
0.10559434443712234
0.10763730108737946
0.1029958426952362
0.10300929099321365
0.12003365904092789
0.09322512149810791
0.11316979676485062
0.09981557726860046
0.12047997117042542
0.11569288372993469
0.08334434777498245
0.0849878340959549
0.12140565365552902
0.09176725149154663
0.09414862841367722
0.11402999609708786
0.11680194735527039
0.10179580003023148
0.1017797440290451
0.11897331476211548
0.1240541934967041
0.11175388097763062
0.09168436378240585
0.07604712247848511
0.10552505403757095
0.10349761694669724
0.10158650577068329
0.07848837971687317
0.10053887218236923
0.08747784048318863
0.09599016606807709
0.09060876816511154
0.08747860044240952
0.1214137002825737
0.10338350385427475
0.1169261634349823
0.09292931109666824
0.10653368383646011
0.07230610400438309
0.1039266362786293
0.08040696382522583
0.07668884843587875
0.09723759442567825
0.09803874045610428
0.0694548487663269
0.07895085215568542
0.06355557590723038
0.11791438609361649
0.09173113107681274
0.07534030079841614
0.0658877044916153
0.09512839466333389
0.07260127365589142
0.0809408649802208
0.06006072089076042
0.0671563446521759
0.0735410675406456
0.07502102106809616
0.07760709524154663
0.06873535364866257
0.06832475960254669
0.07778279483318329
0.055836599320173264
0.061931341886520386
0.08943876624107361
0.05984416604042053
0.1055748388171196
0.06343083083629608
0.07032159715890884
0.06612361967563629
0.06254638731479645
0.07295409590005875
0.07046594470739365
0.07280395925045013
0.07860399037599564
0.07871374487876892
0.06215345486998558
0.06908424943685532
0.05824754387140274
0.08448351919651031
0.07556793838739395
0.08221814036369324
0.0686618909239769
0.06263716518878937
0.0607755109667778
0.08438412845134735
0.0657748356461525
0.06294860690832138
0.06580395996570587
0.05536777898669243
0.06483691185712814
0.07128998637199402
0.07541262358427048
0.09846043586730957
0.07300391793251038
0.08522910624742508
0.08897678554058075
0.08695850521326065
0.07607270032167435
0.06666505336761475
0.07025054842233658
