0.29893234372138977
0.1693318486213684
0.02968059852719307
0.019735286012291908
0.017858663573861122
0.01494196429848671
0.014376054517924786
0.014314349740743637
0.014815869741141796
0.014081005938351154
0.014860008843243122
0.01379020418971777
0.014630746096372604
0.013498671352863312
0.01470978558063507
0.01301866676658392
0.014415271580219269
0.012719782069325447
0.014315756037831306
0.012213563546538353
0.01390101108700037
0.011697894893586636
0.013329165987670422
0.01104255672544241
0.01255315076559782
0.010397247970104218
0.011525862850248814
0.009671873413026333
0.010385912843048573
0.008772545494139194
0.009060257114470005
0.007726413197815418
0.007440043613314629
0.006403123028576374
0.005766228772699833
0.0047754463739693165
0.004345656838268042
0.0038238470442593098
0.003796081291511655
0.0033944372553378344
0.003284214297309518
0.0031766097526997328
0.002923245308920741
0.0028621996752917767
0.0026979094836860895
0.0025382123421877623
0.002599554369226098
0.002378980629146099
0.002277560066431761
0.0021956029813736677
0.0021339363884180784
0.0021642884239554405
0.0018544206395745277
0.0018407495226711035
0.001686008763499558
0.0019298475235700607
0.0014760205522179604
0.0014640913577750325
0.0013578037032857537
0.001371738500893116
0.0012360465480014682
0.0013225856237113476
0.0011656628921627998
0.001148725626990199
0.0013225923758000135
0.001169250113889575
0.0010667501483112574
0.0011772392317652702
0.0010775101836770773
0.0010090995347127318
0.001030563609674573
0.0009625045349821448
0.0009316023788414896
0.0010530068539083004
0.0009522457257844508
0.0008959514671005309
0.0008278637542389333
0.0008027823059819639
0.0009455916006118059
0.0008070005569607019
0.0007828072994016111
0.0007134778425097466
0.0007078163325786591
0.0007752405945211649
0.0009826632449403405
0.0006592037971131504
0.0008456781506538391
0.0009475787519477308
0.000730708590708673
0.000589113449677825
0.0006437870324589312
0.0008819406502880156
0.00081483437679708
0.0007793947006575763
0.0006050310912542045
0.0006018617423251271
0.0006267285207286477
0.0006125762593001127
0.000559092266485095
0.0006343150744214654
0.0005799155915156007
0.0006637597107328475
0.0005867159925401211
0.0005637028370983899
0.0005270630936138332
0.0007746691117063165
0.000564217974897474
0.000591300253290683
0.0007516660261899233
0.0004737851268146187
0.0007244714652188122
0.0006253797910176218
0.00047940987860783935
0.0005410517915152013
0.0007306767511181533
0.0004691382928285748
0.0005456773214973509
0.0007431308040395379
0.000646368891466409
0.000566462695132941
0.0004475598398130387
0.0004505651886574924
0.0006227338453754783
0.00042051475611515343
0.000439837429439649
0.0005891662440262735
0.0006691027083434165
0.0005560626741498709
0.0005068501341156662
0.0006684907712042332
0.0006546371150761843
0.0006676481571048498
0.0004173752386122942
0.00043564560473896563
0.0009001501020975411
0.0006669834838248789
0.000468141253804788
0.0007137560751289129
0.0004016550083179027
0.0005904412246309221
0.0004557883075904101
0.0004052282893098891
0.0005429126904346049
0.0004540479858405888
0.0004605038557201624
0.0006074424600228667
0.0005070406477898359
0.000762597715947777
0.0005655121058225632
0.0006901636370457709
0.0003753332421183586
0.00048326730029657483
0.00047586209257133305
0.00044739898294210434
0.0003882512100972235
0.0004033926816191524
0.00044825198710896075
0.0004841625632252544
0.0004033859586343169
0.0005661924369633198
0.00035869795829057693
0.00034300985862500966
0.0006309873424470425
0.0003557299787644297
0.00035220387508161366
0.0004518366768024862
0.00035449344431981444
0.0003485882771201432
0.000354132178472355
0.0008336990722455084
0.00044345608330331743
0.0005639800801873207
0.0006714669871143997
0.0004644530126824975
0.00033899652771651745
0.00032270647352561355
0.0006188210682012141
0.0004096688935533166
0.0006476824637502432
0.0003682249807752669
0.0004173501511104405
0.00039060923154465854
0.0004578283987939358
0.00037425089976750314
0.0003458208229858428
0.00044633555808104575
0.0003755415673367679
0.0003390948404558003
0.00034169002901762724
0.0005730789271183312
0.0004828758246731013
0.00036134084803052247
0.000324251624988392
0.0006128600798547268
0.0004175446811132133
0.0005930846091359854
0.0003124087816104293
0.00039709010161459446
0.0005162851884961128
0.0004751973319798708
0.0005399617366492748
0.0005312791909091175
0.0005303287180140615
0.0004005143709946424
0.000563609239179641
0.0004437302122823894
0.0006297478103078902
0.0004574221093207598
0.0005442728870548308
0.0003894902765750885
0.0006622016662731767
0.0005481845582835376
0.0003154900041408837
0.0006820105481892824
0.0003488149377517402
0.0002825713308993727
0.0003527454100549221
0.00030206996598280966
0.00043470176751725376
0.0003382616559974849
0.00031147742993198335
0.00039636771543882787
0.0002878055674955249
0.0004085022956132889
0.0004851544217672199
0.00029392886790446937
0.0010922058718279004
0.0005646154168061912
0.0005011567263863981
0.0002725237573031336
0.00032950087916105986
0.00030564432381652296
0.0004220670962240547
0.0004119447257835418
0.0003284119302406907
0.000279198691714555
0.000729799794498831
0.00034051656257361174
0.00032218091655522585
0.00053600367391482
0.00035423229564912617
0.0002719659823924303
0.00033630814868956804
0.0002935187367256731
0.0003749228490050882
0.0006035236292518675
0.0003637562913354486
0.00029540283139795065
0.00028811985976062715
0.00035985722206532955
0.0005899886600673199
0.0002795218024402857
0.00032010962604545057
0.00030616787262260914
0.0003076446882914752
0.00030636732117272913
0.00029142064158804715
0.00031057046726346016
0.00030386587604880333
0.00034102314384654164
0.00030949912616051733
