0.31475701928138733
0.13973690569400787
0.011176110245287418
0.005914376582950354
0.005886353552341461
0.005292845889925957
0.005289808381348848
0.005213601514697075
0.005304890219122171
0.005177040584385395
0.0053028822876513
0.005123004782944918
0.005233643110841513
0.005062204785645008
0.00519782118499279
0.004972670692950487
0.005115191917866468
0.004899338819086552
0.0050421408377587795
0.004794778302311897
0.004934198688715696
0.004681555088609457
0.004802658222615719
0.004547689110040665
0.004658077843487263
0.004412745125591755
0.004475818015635014
0.004257170017808676
0.0042718155309557915
0.004067442379891872
0.00402242224663496
0.0038058175705373287
0.0036611321847885847
0.003386951982975006
0.0031016110442578793
0.002811896149069071
0.0026244246400892735
0.002514619380235672
0.0024663438089191914
0.0024289062712341547
0.0024102863389998674
0.002383175538852811
0.002358711324632168
0.0023340978659689426
0.0023117915261536837
0.002283920766785741
0.0022541051730513573
0.002211990999057889
0.0021519975271075964
0.0020731021650135517
0.0019568020943552256
0.0018330068560317159
0.0016836980357766151
0.0015592032577842474
0.0014659645967185497
0.0014282296178862453
0.0013780849985778332
0.0013390231179073453
0.0013116842601448298
0.0012651128927245736
0.0012072395766153932
0.0011571780778467655
0.001137639512307942
0.001128053991124034
0.0010609396267682314
0.0010363479377701879
0.0009871257934719324
0.00098786735907197
0.00099785509519279
0.000894248834811151
0.0008839296642690897
0.0008497321396134794
0.0008805601391941309
0.0007912542205303907
0.0007493988377973437
0.0007665882585570216
0.0006916529382579029
0.0007564519764855504
0.0007542732637375593
0.0007338110590353608
0.0006829927442595363
0.0006727866712026298
0.0006821485585533082
0.0006223488599061966
0.000614043150562793
0.000593577278777957
0.0005732675781473517
0.0006076204008422792
0.0005785697139799595
0.0005862398538738489
0.0005411008023656905
0.0005426586722023785
0.0005748042603954673
0.0005279970937408507
0.00048706092638894916
0.0005178148276172578
0.0004709021304734051
0.0004852235724683851
0.0004947559209540486
0.0004873154975939542
0.00045478733954951167
0.00046593660954385996
0.00045097011025063694
0.00045678752940148115
0.0004300496366340667
0.00044150164467282593
0.0004235392261762172
0.000418041308876127
0.00040059335879050195
0.00041407832759432495
0.0004191226325929165
0.00039704865776002407
0.0003871001536026597
0.0004006463277619332
0.00040626476402394474
0.0003780376282520592
0.00040374475065618753
0.00039270459092222154
0.000369954650523141
0.0003719910455401987
0.0003666491247713566
0.0003593243600334972
0.0003709875454660505
0.0003520731988828629
0.00034456647699698806
0.00039869011379778385
0.00035778243909589946
0.0003492403484415263
0.00039083987940102816
0.00044638768304139376
0.0003338400856591761
0.00034688226878643036
0.0003166223468724638
0.0003134663566015661
0.0004064584500156343
0.00037686139694415033
0.0003226312401238829
0.0004085359687451273
0.0003166919923387468
0.000370229099644348
0.0003211208968423307
0.0002950224152300507
0.00033262063516303897
0.00030333263566717505
0.0003320644609630108
0.0003111148835159838
0.0003103856579400599
0.00033801523386500776
0.00030409739702008665
0.0003511187096592039
0.0002843486436177045
0.00032117293449118733
0.0003103493945673108
0.00029454191098921
0.00028982461662963033
0.0002952684590127319
0.0002988453779835254
0.00029711489332839847
0.0002897388767451048
0.00032385322265326977
0.00026861607329919934
0.0002736760361585766
0.00031301804119721055
0.0002694196882657707
0.00027126309578306973
0.00025840746820904315
0.0002637332072481513
0.000288388691842556
0.0002696974261198193
0.00032298939186148345
0.00032115564681589603
0.0003244337276555598
0.0003047705686185509
0.00026092640473507345
0.00024505725014023483
0.000252687867032364
0.0002992244844790548
0.0002608762588351965
0.0003041585732717067
0.0002759474446065724
0.0002906386798713356
0.00026344184880144894
0.0002548859629314393
0.00027870634221471846
0.0002539685519877821
0.0002527764590922743
0.0002553467347752303
0.0002754075394477695
0.00024868856417015195
0.0002785452816169709
0.0002568374911788851
0.0002578982384875417
0.00023424167011398822
0.0003273452166467905
0.0002532931393943727
0.0003153076395392418
0.0002294304285896942
0.00026721114409156144
0.0003047211212106049
0.00028375431429594755
0.0002494435466360301
0.0002577327541075647
0.0002630699600558728
0.00025464670034125447
0.0002685461367946118
0.00024243324878625572
0.00035122636472806334
0.0002705338119994849
0.00024894860689528286
0.0003340848779771477
0.0002630486851558089
0.00026459546643309295
0.00021779646340291947
0.0002703876525629312
0.00026333885034546256
0.00024350460444111377
0.00023936554498504847
0.0002320408821105957
0.0002647218352649361
0.00023080907703842968
0.00022139995417091995
0.0002326623653061688
0.00022135599283501506
0.00023829416022635996
0.00024390732869505882
0.00022646125580649823
0.0004577036015689373
0.0002970522327814251
0.00023121295089367777
0.00023131174384616315
0.00021472624212037772
0.0002144079189747572
0.0002645204367581755
0.00022265252482611686
0.00021166780788917094
0.00021434931841213256
0.00035812935675494373
0.00021443088189698756
0.00021617914899252355
0.00025215468485839665
0.0002329752896912396
0.00021153729176148772
0.00022442900808528066
0.0002235804422525689
0.0002543423615861684
0.00026282816543243825
0.00021923075837548822
0.0002094918891089037
0.00021237153850961477
0.0003017406852450222
0.00022975116735324264
0.0002075432421406731
0.00021127084619365633
0.00022570711735170335
0.00021029732306487858
0.00021986273350194097
0.0002156853734049946
0.0002190901868743822
0.000209223129786551
0.00021203071810305119
0.0002104413288179785
