1.265875220298767
0.8040241003036499
0.31878232955932617
0.1712193787097931
0.2919875681400299
0.20963932573795319
0.2678358554840088
0.2380838692188263
0.2791098654270172
0.24045781791210175
0.28284555673599243
0.23891639709472656
0.2816419303417206
0.23887045681476593
0.2837759852409363
0.23912809789180756
0.28219589591026306
0.23654818534851074
0.282285213470459
0.2352527230978012
0.2795073390007019
0.2324671745300293
0.275045245885849
0.23037181794643402
0.26918894052505493
0.22737306356430054
0.2618149220943451
0.22481028735637665
0.25341254472732544
0.22303692996501923
0.2435583472251892
0.2216860055923462
0.23211461305618286
0.2166924923658371
0.2254725992679596
0.20845440030097961
0.22288306057453156
0.20453470945358276
0.21641981601715088
0.20435839891433716
0.2133350968360901
0.20398178696632385
0.2117871344089508
0.20469790697097778
0.20853599905967712
0.20589804649353027
0.20510141551494598
0.20358912646770477
0.20588523149490356
0.20267437398433685
0.20477256178855896
0.2032533437013626
0.20371921360492706
0.20304638147354126
0.20456193387508392
0.1989109069108963
0.20400483906269073
0.20095477998256683
0.20311550796031952
0.19998587667942047
0.20155194401741028
0.20014365017414093
0.20310746133327484
0.20226821303367615
0.19924359023571014
0.20306187868118286
0.20236234366893768
0.19922368228435516
0.20093798637390137
0.20004381239414215
0.20091959834098816
0.19819436967372894
0.20093367993831635
0.20136789977550507
0.19910871982574463
0.20080351829528809
0.19953450560569763
0.19969020783901215
0.19881926476955414
0.19974884390830994
0.19963425397872925
0.19983910024166107
0.2007599174976349
0.19989095628261566
0.20330052077770233
0.19868920743465424
0.20179246366024017
0.19713474810123444
0.201278954744339
0.19895713031291962
0.19952602684497833
0.20073053240776062
0.2008039951324463
0.19947050511837006
0.20048868656158447
0.19770397245883942
0.20074233412742615
0.19983643293380737
0.20032596588134766
0.19928498566150665
0.19941510260105133
0.19721125066280365
0.20018669962882996
0.1979992538690567
0.20002174377441406
0.20092397928237915
0.20087653398513794
0.1970851570367813
0.20185105502605438
0.19863539934158325
0.20193693041801453
0.19970791041851044
0.19954271614551544
0.19984087347984314
0.2012222558259964
0.1988682746887207
0.20061850547790527
0.20080812275409698
0.20113325119018555
0.1976473182439804
0.19962078332901
0.19876843690872192
0.20113325119018555
0.19876250624656677
0.19951476156711578
0.19755819439888
0.20081087946891785
0.19675788283348083
0.20006828010082245
0.19794560968875885
0.20159786939620972
0.20024807751178741
0.19967339932918549
0.19950947165489197
0.19729505479335785
0.19718118011951447
0.20019443333148956
0.19749271869659424
0.19934947788715363
0.19704028964042664
0.19887159764766693
0.19843612611293793
0.20044583082199097
0.19948740303516388
0.19896259903907776
0.20046783983707428
0.20115932822227478
0.2012062519788742
0.19770637154579163
0.20032662153244019
0.1999727338552475
0.19924931228160858
0.19840754568576813
0.1978791207075119
0.1995895355939865
0.19871972501277924
0.19960850477218628
0.19968737661838531
0.20028819143772125
0.1991875022649765
0.199543297290802
0.1985466629266739
0.19796603918075562
0.19886954128742218
0.1995852142572403
0.19798025488853455
0.19915756583213806
0.19904375076293945
0.19976547360420227
0.2011081874370575
0.19969981908798218
0.19670146703720093
0.20124715566635132
0.2001732587814331
0.19963331520557404
0.1982194483280182
0.2011399269104004
0.1978466808795929
0.1977425366640091
0.19858494400978088
0.1989850550889969
0.1992693990468979
0.19824643433094025
0.19908885657787323
0.1994391828775406
0.19741016626358032
0.20047880709171295
0.19856947660446167
0.1994694620370865
0.19681228697299957
0.1983223408460617
0.198414608836174
0.1996738761663437
0.19992558658123016
0.19883529841899872
0.19989173114299774
0.1994815617799759
0.19791659712791443
0.19908159971237183
0.19972293078899384
0.20156365633010864
0.19689293205738068
0.20062415301799774
0.19951511919498444
0.2024947702884674
0.19929465651512146
0.19748377799987793
0.19755929708480835
0.2010224312543869
0.19922737777233124
0.20240087807178497
0.1970255970954895
0.1992965042591095
0.20085600018501282
0.19963212311267853
0.19902049005031586
0.19996701180934906
0.19850490987300873
0.19974754750728607
0.19852298498153687
0.19947074353694916
0.19750136137008667
0.19984833896160126
0.1984301209449768
0.19814078509807587
0.19869863986968994
0.20302878320217133
0.19764524698257446
0.20128005743026733
0.19930286705493927
0.20084799826145172
0.1982479691505432
0.19922776520252228
0.1998073160648346
0.20063231885433197
0.19947071373462677
0.19842708110809326
0.19818443059921265
0.20002880692481995
0.19706149399280548
0.2010524570941925
0.19934743642807007
0.20048774778842926
0.19919367134571075
0.20134547352790833
0.20017868280410767
0.19937509298324585
0.1989019364118576
0.2003127783536911
0.19947847723960876
0.20248332619667053
0.1988956332206726
0.19876129925251007
0.19900256395339966
0.19909146428108215
0.1990405023097992
0.19902576506137848
0.19889391958713531
0.19893522560596466
0.1987847238779068
0.1991647183895111
