1.2658706903457642
0.8039337992668152
0.3187478184700012
0.17121344804763794
0.29199787974357605
0.20964020490646362
0.2678610682487488
0.2380971759557724
0.27913475036621094
0.24047069251537323
0.2828678786754608
0.2389286309480667
0.28166061639785767
0.23888030648231506
0.2837899327278137
0.2391364574432373
0.28220799565315247
0.23655514419078827
0.28229621052742004
0.2352578341960907
0.27951332926750183
0.2324671596288681
0.27504783868789673
0.23036661744117737
0.269183486700058
0.22737768292427063
0.2618071436882019
0.22481143474578857
0.25340184569358826
0.22302789986133575
0.24355049431324005
0.22168131172657013
0.23210743069648743
0.21667946875095367
0.22547221183776855
0.2084459364414215
0.22289152443408966
0.20454393327236176
0.21643374860286713
0.20436669886112213
0.2133474051952362
0.20400068163871765
0.2118126004934311
0.20470577478408813
0.20855027437210083
0.20590703189373016
0.20511452853679657
0.20359741151332855
0.2058994621038437
0.20268140733242035
0.2047923058271408
0.20326390862464905
0.20372255146503448
0.20305787026882172
0.20457051694393158
0.1989327222108841
0.20401278138160706
0.20095551013946533
0.20313206315040588
0.19999843835830688
0.20155856013298035
0.2001570612192154
0.2031233161687851
0.20228002965450287
0.19925019145011902
0.20308135449886322
0.20236662030220032
0.19923551380634308
0.2009468376636505
0.20005570352077484
0.20093649625778198
0.19820015132427216
0.20094311237335205
0.20138120651245117
0.19911211729049683
0.20080946385860443
0.19953922927379608
0.19970352947711945
0.19882138073444366
0.1997700035572052
0.1996278464794159
0.19984184205532074
0.20076557993888855
0.19990022480487823
0.2033146619796753
0.1987023502588272
0.2018018662929535
0.19713595509529114
0.20128965377807617
0.1989707052707672
0.19954131543636322
0.2007409930229187
0.20080390572547913
0.19947971403598785
0.2005036175251007
0.19769881665706635
0.20074693858623505
0.19984929263591766
0.2003372311592102
0.1992895007133484
0.19942180812358856
0.1972276270389557
0.20020310580730438
0.19800569117069244
0.2000243365764618
0.20093737542629242
0.20088724792003632
0.1970943808555603
0.20187079906463623
0.19864487648010254
0.20195159316062927
0.1997194141149521
0.19955188035964966
0.19984184205532074
0.20123007893562317
0.19888633489608765
0.20062921941280365
0.20081748068332672
0.20114243030548096
0.19765420258045197
0.1996229737997055
0.19877533614635468
0.20113570988178253
0.19877488911151886
0.19953161478042603
0.197565495967865
0.2008189857006073
0.1967647820711136
0.2000928819179535
0.19795182347297668
0.20159853994846344
0.20026016235351562
0.1996830254793167
0.19951355457305908
0.19729778170585632
0.1971985399723053
0.20020471513271332
0.19750617444515228
0.19936539232730865
0.19704103469848633
0.19887949526309967
0.1984412670135498
0.20045533776283264
0.19950170814990997
0.1989804357290268
0.20047922432422638
0.20117440819740295
0.20121556520462036
0.1977148801088333
0.20034253597259521
0.1999877542257309
0.19924956560134888
0.19842228293418884
0.19788628816604614
0.1995897740125656
0.19872914254665375
0.1996152698993683
0.19969475269317627
0.2002982199192047
0.19918280839920044
0.19956074655056
0.1985609382390976
0.19797877967357635
0.1988772451877594
0.1995989978313446
0.197988823056221
0.19917137920856476
0.1990559995174408
0.1997692734003067
0.20112065970897675
0.1997109204530716
0.19671259820461273
0.20126186311244965
0.2001807689666748
0.19963231682777405
0.19821979105472565
0.20115286111831665
0.1978529691696167
0.19775059819221497
0.19859912991523743
0.1989983320236206
0.19927650690078735
0.1982520967721939
0.19910673797130585
0.19944511353969574
0.19741304218769073
0.2004901021718979
0.1985817849636078
0.19947737455368042
0.19682633876800537
0.19833329319953918
0.19842760264873505
0.19968721270561218
0.19994744658470154
0.19883383810520172
0.1999012976884842
0.1994919627904892
0.19792568683624268
0.19909006357192993
0.1997397392988205
0.20156967639923096
0.1969066560268402
0.20063066482543945
0.19952677190303802
0.2024962604045868
0.19929198920726776
0.19749431312084198
0.19756807386875153
0.20103231072425842
0.19922852516174316
0.20241759717464447
0.19704879820346832
0.19930176436901093
0.20087459683418274
0.19964981079101562
0.19902634620666504
0.1999804675579071
0.198505237698555
0.1997663378715515
0.19853587448596954
0.19948993623256683
0.19752755761146545
0.19985051453113556
0.1984373778104782
0.19815978407859802
0.19870790839195251
0.20303954184055328
0.19764894247055054
0.20128890872001648
0.19930380582809448
0.20085829496383667
0.19825494289398193
0.1992281824350357
0.19982215762138367
0.20063696801662445
0.19947609305381775
0.1984451562166214
0.19819149374961853
0.20003144443035126
0.1970635950565338
0.2010597139596939
0.19935888051986694
0.20049837231636047
0.19921106100082397
0.20136365294456482
0.20019179582595825
0.199388787150383
0.19891150295734406
0.20032304525375366
0.19948133826255798
0.20250165462493896
0.19865064322948456
0.1982252150774002
0.1983426809310913
0.1983555406332016
0.19838841259479523
0.19843555986881256
0.19831083714962006
0.1983317881822586
0.1982521116733551
0.19836391508579254
