0.6045165061950684
0.40591487288475037
0.17103293538093567
0.09349328279495239
0.15824773907661438
0.11448755860328674
0.14619502425193787
0.13014164566993713
0.15213166177272797
0.13147637248039246
0.15421335399150848
0.1309065967798233
0.1539224237203598
0.1312894970178604
0.15562386810779572
0.13195155560970306
0.15549106895923615
0.1311766654253006
0.1563735157251358
0.13121363520622253
0.15600334107875824
0.13049933314323425
0.15457358956336975
0.13031433522701263
0.15228106081485748
0.1293608546257019
0.148873969912529
0.12863552570343018
0.14482718706130981
0.12857453525066376
0.1397697478532791
0.12854444980621338
0.1338372528553009
0.12669500708580017
0.13098138570785522
0.12319505959749222
0.13030186295509338
0.12131012231111526
0.12714877724647522
0.12175342440605164
0.1261165738105774
0.12182828038930893
0.1262056678533554
0.12295787036418915
0.12537577748298645
0.12472949922084808
0.12440375238656998
0.12417939305305481
0.1256105601787567
0.12437479943037033
0.1257561445236206
0.1252554953098297
0.12532122433185577
0.12527728080749512
0.12622343003749847
0.12326297163963318
0.12636864185333252
0.12497251480817795
0.1261686086654663
0.12464997172355652
0.12560155987739563
0.1250591278076172
0.1269097775220871
0.126710444688797
0.12482253462076187
0.12753435969352722
0.1270962357521057
0.125361368060112
0.12637291848659515
0.12606625258922577
0.12662410736083984
0.1252547800540924
0.12675853073596954
0.127263605594635
0.12561902403831482
0.12698785960674286
0.12590907514095306
0.1264699250459671
0.12585346400737762
0.12662586569786072
0.12633590400218964
0.1268312782049179
0.12719185650348663
0.12703388929367065
0.12883852422237396
0.1262253224849701
0.1278999149799347
0.12521733343601227
0.1277032345533371
0.126564159989357
0.12674187123775482
0.12756958603858948
0.12752848863601685
0.126883402466774
0.12732508778572083
0.12595975399017334
0.12743903696537018
0.12715956568717957
0.12724685668945312
0.12695662677288055
0.1266857385635376
0.1254989355802536
0.12732942402362823
0.12610496580600739
0.1271505355834961
0.12796439230442047
0.1275901049375534
0.12547996640205383
0.1281353086233139
0.12644927203655243
0.12828363478183746
0.1271606683731079
0.1268211156129837
0.1273057609796524
0.12790359556674957
0.12665298581123352
0.12756861746311188
0.12780527770519257
0.12780268490314484
0.1259034276008606
0.1268610805273056
0.12651903927326202
0.1276054084300995
0.1265254020690918
0.12673015892505646
0.12580926716327667
0.12770943343639374
0.12531036138534546
0.1269981861114502
0.12586209177970886
0.12797284126281738
0.12739385664463043
0.1267300695180893
0.12680751085281372
0.12532073259353638
0.12531086802482605
0.12723049521446228
0.12561994791030884
0.12664195895195007
0.1253271847963333
0.12636634707450867
0.12629899382591248
0.12725676596164703
0.12695986032485962
0.12651130557060242
0.12747003138065338
0.12777294218540192
0.1279982328414917
0.12563297152519226
0.12743280827999115
0.12687760591506958
0.12663371860980988
0.12600265443325043
0.1257828176021576
0.12664607167243958
0.12643511593341827
0.12662017345428467
0.12707985937595367
0.12706315517425537
0.12668490409851074
0.1267126500606537
0.12625694274902344
0.1256641447544098
0.12629730999469757
0.12667004764080048
0.12599638104438782
0.1266055554151535
0.12669602036476135
0.12686263024806976
0.1277700960636139
0.1267503798007965
0.12499457597732544
0.12772448360919952
0.12726059556007385
0.12663181126117706
0.12602019309997559
0.12766003608703613
0.12574605643749237
0.12562547624111176
0.12628239393234253
0.1263594627380371
0.1266651302576065
0.12582728266716003
0.12641102075576782
0.12648381292819977
0.12543614208698273
0.12718981504440308
0.12616483867168427
0.12648622691631317
0.1250872164964676
0.1257418543100357
0.1259390413761139
0.12653379142284393
0.1271325647830963
0.12608781456947327
0.12698107957839966
0.1263982057571411
0.1258004754781723
0.1261703222990036
0.12686406075954437
0.12774881720542908
0.12520207464694977
0.12731334567070007
0.12656201422214508
0.12811212241649628
0.12649907171726227
0.1252509355545044
0.12551051378250122
0.12756535410881042
0.12654583156108856
0.12829264998435974
0.1253024786710739
0.12645187973976135
0.1277037411928177
0.12638044357299805
0.12632906436920166
0.12666146457195282
0.12599341571331024
0.1265488862991333
0.1259693205356598
0.1263907551765442
0.12539876997470856
0.12654666602611542
0.1258973926305771
0.12545810639858246
0.125987708568573
0.12854371964931488
0.12523213028907776
0.12733571231365204
0.12632149457931519
0.12699416279792786
0.12575305998325348
0.12607313692569733
0.12664951384067535
0.12698878347873688
0.12638941407203674
0.12552936375141144
0.12555819749832153
0.12641504406929016
0.12487486004829407
0.12712562084197998
0.12635113298892975
0.12665875256061554
0.12618911266326904
0.12726545333862305
0.12682877480983734
0.12601543962955475
0.12584835290908813
0.12656262516975403
0.1262020319700241
0.1280052363872528
0.1258644163608551
0.12580661475658417
0.12599685788154602
0.12602363526821136
0.12595823407173157
0.12598587572574615
0.12591800093650818
0.12593497335910797
0.12572118639945984
0.12611013650894165
