-0.029428720474243164
-0.009819984436035156
-0.0011086463928222656
-0.00015354156494140625
-0.0007531642913818359
-0.0001857280731201172
-0.0005862712860107422
-0.00035834312438964844
-0.0006422996520996094
-0.00034499168395996094
-0.0005757808685302734
-0.0003154277801513672
-0.0005340576171875
-0.00032019615173339844
-0.0006291866302490234
-0.000377655029296875
-0.0006201267242431641
-0.0003314018249511719
-0.0005993843078613281
-0.0003921985626220703
-0.0006866455078125
-0.00041604042053222656
-0.0007412433624267578
-0.0006287097930908203
-0.0008311271667480469
-0.0003421306610107422
-0.0008728504180908203
-0.0004150867462158203
-0.0009503364562988281
-0.0005269050598144531
-0.0007719993591308594
-0.0006098747253417969
-0.0008983612060546875
-0.0008144378662109375
-0.0006897449493408203
-0.0006606578826904297
-0.0008809566497802734
-0.0008089542388916016
-0.0007805824279785156
-0.0008075237274169922
-0.0006737709045410156
-0.0006482601165771484
-0.0009319782257080078
-0.0008082389831542969
-0.0008523464202880859
-0.0007486343383789062
-0.0008294582366943359
-0.0006372928619384766
-0.0007836818695068359
-0.0007052421569824219
-0.0009992122650146484
-0.0007219314575195312
-0.0006184577941894531
-0.0006816387176513672
-0.0006661415100097656
-0.000659942626953125
-0.0007908344268798828
-0.0007727146148681641
-0.0008893013000488281
-0.0006728172302246094
-0.0006003379821777344
-0.0007193088531494141
-0.0008122920989990234
-0.0009641647338867188
-0.0007252693176269531
-0.001077890396118164
-0.0006930828094482422
-0.0008671283721923828
-0.0008158683776855469
-0.0006105899810791016
-0.0006835460662841797
-0.0008311271667480469
-0.0007548332214355469
-0.0006434917449951172
-0.0007200241088867188
-0.0006668567657470703
-0.000553131103515625
-0.0009493827819824219
-0.0009696483612060547
-0.0009360313415527344
-0.0008778572082519531
-0.0010890960693359375
-0.0010037422180175781
-0.00101470947265625
-0.0008993148803710938
-0.0007479190826416016
-0.0005960464477539062
-0.0008687973022460938
-0.0006120204925537109
-0.0009777545928955078
-0.0010058879852294922
-0.0007719993591308594
-0.0006592273712158203
-0.0006089210510253906
-0.0007100105285644531
-0.0008838176727294922
-0.0007579326629638672
-0.0009105205535888672
-0.0006999969482421875
-0.0008680820465087891
-0.0008990764617919922
-0.0007276535034179688
-0.0008075237274169922
-0.0009450912475585938
-0.0009551048278808594
-0.0009276866912841797
-0.000812530517578125
-0.0006082057952880859
-0.0004973411560058594
-0.0008220672607421875
-0.0008637905120849609
-0.0008568763732910156
-0.0008056163787841797
-0.0010309219360351562
-0.0007607936859130859
-0.0008428096771240234
-0.0011720657348632812
-0.0007605552673339844
-0.0009160041809082031
-0.0009491443634033203
-0.0007426738739013672
-0.0009009838104248047
-0.0006740093231201172
-0.0008518695831298828
-0.000782012939453125
-0.0006744861602783203
-0.0008857250213623047
-0.0007815361022949219
-0.0007824897766113281
-0.0007774829864501953
-0.0007319450378417969
-0.0007030963897705078
-0.0006725788116455078
-0.0006930828094482422
-0.0009565353393554688
-0.0005841255187988281
-0.0006566047668457031
-0.0009000301361083984
-0.0009593963623046875
-0.0006575584411621094
-0.0007944107055664062
-0.0005609989166259766
-0.0008549690246582031
-0.0007147789001464844
-0.0011017322540283203
-0.0007331371307373047
-0.0009429454803466797
-0.0009071826934814453
-0.0008518695831298828
-0.0008237361907958984
-0.0007724761962890625
-0.0004162788391113281
-0.0007281303405761719
-0.0006949901580810547
-0.0005819797515869141
-0.0009810924530029297
-0.00075531005859375
-0.0009615421295166016
-0.0006928443908691406
-0.0007100105285644531
-0.0007708072662353516
-0.0008299350738525391
-0.0009250640869140625
-0.00072479248046875
-0.0009539127349853516
-0.0007889270782470703
-0.0009324550628662109
-0.0009415149688720703
-0.0011110305786132812
-0.0006651878356933594
-0.000865936279296875
-0.0005629062652587891
-0.0008413791656494141
-0.0009050369262695312
-0.0007300376892089844
-0.0005042552947998047
-0.0009412765502929688
-0.0008752346038818359
-0.001050710678100586
-0.0006008148193359375
-0.0007297992706298828
-0.000431060791015625
-0.0007464885711669922
-0.0006449222564697266
-0.0008406639099121094
-0.0008993148803710938
-0.0009214878082275391
-0.0009136199951171875
-0.0009176731109619141
-0.0007698535919189453
-0.000827789306640625
-0.0008623600006103516
-0.0007627010345458984
-0.0009932518005371094
-0.0007474422454833984
-0.0007212162017822266
-0.0006558895111083984
-0.0010249614715576172
-0.0008127689361572266
-0.001009225845336914
-0.0008618831634521484
-0.0009000301361083984
-0.0010204315185546875
-0.0008351802825927734
-0.0007452964782714844
-0.0006887912750244141
-0.0007832050323486328
-0.0009143352508544922
-0.0007166862487792969
-0.00084686279296875
-0.0008442401885986328
-0.0010974407196044922
-0.0008828639984130859
-0.0010447502136230469
-0.0005340576171875
-0.000782012939453125
-0.0009701251983642578
-0.0008625984191894531
-0.0008311271667480469
-0.0008502006530761719
-0.0007636547088623047
-0.0007627010345458984
-0.0007183551788330078
-0.0008127689361572266
-0.0006699562072753906
-0.0007085800170898438
-0.0007975101470947266
-0.0006153583526611328
-0.0006692409515380859
-0.0007293224334716797
-0.0007355213165283203
-0.0007696151733398438
-0.0008287429809570312
-0.0007505416870117188
-0.0009131431579589844
-0.0007035732269287109
-0.0009009838104248047
-0.0006830692291259766
-0.0005476474761962891
-0.0007090568542480469
-0.0008194446563720703
-0.0008015632629394531
-0.0006673336029052734
-0.0008258819580078125
-0.0008766651153564453
-0.0005536079406738281
-0.0007767677307128906
-0.0007238388061523438
-0.0006136894226074219
-0.00067138671875
-0.0008647441864013672
-0.0005357265472412109
-0.0007305145263671875
-0.0009253025054931641
-0.0010106563568115234
-0.0009310245513916016
-0.0007805824279785156
-0.0008075237274169922
-0.0008707046508789062
-0.0008223056793212891
-0.001117706298828125
