14.771251678466797
7.093913555145264
1.6288090944290161
0.2761993408203125
0.562889575958252
0.29787135124206543
0.41955816745758057
0.31337812542915344
0.4175063967704773
0.3072207570075989
0.428323358297348
0.3003333508968353
0.4219726622104645
0.29502934217453003
0.4260103702545166
0.3025861978530884
0.42721331119537354
0.29300156235694885
0.43332183361053467
0.2992570996284485
0.43894949555397034
0.3058370053768158
0.4416584372520447
0.31800687313079834
0.4354817867279053
0.3273950517177582
0.4373140335083008
0.3453161120414734
0.4471563696861267
0.3741444945335388
0.4420197010040283
0.40171343088150024
0.42801713943481445
0.42541730403900146
0.4882497787475586
0.4959019422531128
0.5415210127830505
0.466510146856308
0.5080438852310181
0.49955376982688904
0.4887253940105438
0.4462588429450989
0.47140824794769287
0.47287166118621826
0.4319676160812378
0.4561334550380707
0.4238666892051697
0.45502981543540955
0.4441545605659485
0.44971534609794617
0.4567897319793701
0.4684244990348816
0.4659379720687866
0.5312891006469727
0.51003497838974
0.5122394561767578
0.5094692707061768
0.5214282274246216
0.511876106262207
0.4949413239955902
0.47606760263442993
0.49252015352249146
0.4778392016887665
0.4727029502391815
0.45883211493492126
0.4769173860549927
0.46486184000968933
0.4548499584197998
0.4646509289741516
0.442971795797348
0.44190147519111633
0.4137638211250305
0.43397125601768494
0.4218332767486572
0.4228927791118622
0.4149683713912964
0.40791118144989014
0.40691298246383667
0.38638246059417725
0.38945943117141724
0.3868163824081421
0.3980821371078491
0.3777446150779724
0.3989449441432953
0.38200807571411133
0.36417263746261597
0.3960207402706146
0.380138635635376
0.39724719524383545
0.3883897662162781
0.3788384199142456
0.3796617388725281
0.368728905916214
0.372322678565979
0.3749316930770874
0.34167322516441345
0.3753367066383362
0.3566352128982544
0.35422539710998535
0.38423675298690796
0.35278552770614624
0.34567177295684814
0.33555105328559875
0.3453170657157898
0.3628513216972351
0.35991060733795166
0.35557931661605835
0.3488689959049225
0.352222740650177
0.3515802025794983
0.34329912066459656
0.34067031741142273
0.3454205095767975
0.36456239223480225
0.37120142579078674
0.3511621356010437
0.3571677803993225
0.3531932830810547
0.33629754185676575
0.35004669427871704
0.33990567922592163
0.3422704339027405
0.34590384364128113
0.3517036736011505
0.34633028507232666
0.3198014497756958
0.34406617283821106
0.3385692834854126
0.3217369318008423
0.3221539556980133
0.34248146414756775
0.3471871316432953
0.3339700996875763
0.34323054552078247
0.3227638006210327
0.32517874240875244
0.3309749662876129
0.3323722183704376
0.36388540267944336
0.32180461287498474
0.32746422290802
0.31651395559310913
0.3321305215358734
0.33456623554229736
0.33920690417289734
0.3303793668746948
0.326458215713501
0.34308138489723206
0.31807178258895874
0.31846070289611816
0.3218415379524231
0.32546597719192505
0.32367533445358276
0.34963327646255493
0.32437530159950256
0.3326549530029297
0.3102702796459198
0.32635271549224854
0.32747238874435425
0.3429797887802124
0.3129788041114807
0.3079252541065216
0.31787097454071045
0.32025110721588135
0.33618083596229553
0.35392725467681885
0.3060978949069977
0.3138221502304077
0.3164149522781372
0.33121031522750854
0.3127806484699249
0.30181846022605896
0.3155122995376587
0.30683672428131104
0.339123010635376
0.31353992223739624
0.3242422938346863
0.3128472566604614
0.31934934854507446
0.32311588525772095
0.33650678396224976
0.3131450414657593
0.3106027841567993
0.3176441192626953
0.3251710534095764
0.29753509163856506
0.3193094730377197
0.3144742250442505
0.3046582341194153
0.3012900948524475
0.30769622325897217
0.3221965432167053
0.2965366244316101
0.31663429737091064
0.3243981599807739
0.33538714051246643
0.31833887100219727
0.3158777058124542
0.2939717471599579
0.33615607023239136
0.335069477558136
0.32351940870285034
0.3226959705352783
0.3033352494239807
0.3270982503890991
0.3189322352409363
0.285239040851593
0.3235468864440918
0.2954864501953125
0.3127896785736084
0.3261517882347107
0.29587990045547485
0.2921317219734192
0.3198254704475403
0.300960510969162
0.3000645935535431
0.29118281602859497
0.2863001227378845
0.2839483618736267
0.29834139347076416
0.2976644039154053
0.29217207431793213
0.303069531917572
0.29103124141693115
0.28149038553237915
0.30802488327026367
0.31339728832244873
0.2993244528770447
0.27413809299468994
0.28531110286712646
0.29562509059906006
0.301445871591568
0.29364141821861267
0.3067460358142853
0.30368295311927795
0.29176077246665955
0.277968168258667
0.30140382051467896
0.2811061441898346
0.2958696484565735
0.2866540551185608
0.3020877242088318
0.30748021602630615
0.3026457726955414
0.30013909935951233
0.28947144746780396
0.316653311252594
0.28095710277557373
0.2897789478302002
0.2673478126525879
0.3021172881126404
0.30113962292671204
0.28595492243766785
0.28574138879776
0.2800419330596924
0.2803418040275574
0.2970269024372101
0.29951101541519165
0.3013848662376404
0.2924310266971588
0.2846639156341553
