0.5889124274253845
0.2870206832885742
0.05936191603541374
0.01912279799580574
0.05516137555241585
0.029164763167500496
0.04794604703783989
0.03869963809847832
0.05236881226301193
0.03995183855295181
0.054433245211839676
0.040254145860672
0.05538713559508324
0.041357289999723434
0.05844746530056
0.04365256801247597
0.06027795746922493
0.044373463839292526
0.06302067637443542
0.04683443903923035
0.06588791310787201
0.05003655329346657
0.06963951140642166
0.05405030772089958
0.07066447287797928
0.05587662756443024
0.07410185039043427
0.058602381497621536
0.07295319437980652
0.0641176626086235
0.07337381690740585
0.06701221317052841
0.0708102360367775
0.06796230375766754
0.07220016419887543
0.07230442762374878
0.07467474043369293
0.068113312125206
0.06972754001617432
0.07188525795936584
0.07025232911109924
0.07059795409440994
0.07046794891357422
0.07158206403255463
0.06810568273067474
0.07398565858602524
0.06870099902153015
0.0725160464644432
0.07078887522220612
0.0716828927397728
0.07092654705047607
0.07225199043750763
0.07160279154777527
0.07441788166761398
0.07371880114078522
0.06950940191745758
0.07353141158819199
0.07237905263900757
0.0728185623884201
0.07292379438877106
0.07066205143928528
0.07297617942094803
0.07349038869142532
0.07424302399158478
0.07115994393825531
0.07509496062994003
0.07572094351053238
0.07196545600891113
0.07289847731590271
0.07316455245018005
0.07328779250383377
0.07227388769388199
0.07285153865814209
0.07351098209619522
0.07192502170801163
0.07447230815887451
0.07123959809541702
0.07436391711235046
0.07244095206260681
0.07426482439041138
0.07235266268253326
0.07465862482786179
0.07112574577331543
0.07278668880462646
0.07216168195009232
0.07097511738538742
0.07510197162628174
0.07371700555086136
0.07489325106143951
0.0751844048500061
0.074302539229393
0.07559138536453247
0.07226477563381195
0.07328648865222931
0.07379422336816788
0.0722099170088768
0.07323605567216873
0.07377224415540695
0.07261799275875092
0.07570085674524307
0.07218050956726074
0.0714370533823967
0.07051585614681244
0.07286494970321655
0.07395727187395096
0.07467290014028549
0.07330691814422607
0.07237804681062698
0.07363878190517426
0.0736415907740593
0.0727902352809906
0.07332054525613785
0.07299160957336426
0.07463081181049347
0.07588227093219757
0.0730290487408638
0.07357224076986313
0.0739126205444336
0.0737338438630104
0.07322913408279419
0.07342422753572464
0.07338514178991318
0.07451893389225006
0.0731976181268692
0.07201021909713745
0.07155453413724899
0.07535970211029053
0.07444281876087189
0.07084425538778305
0.0706438273191452
0.07553786039352417
0.07305002957582474
0.07210470736026764
0.07082638144493103
0.07259470969438553
0.07182221859693527
0.07328822463750839
0.07075942307710648
0.07287505269050598
0.07243446260690689
0.07050439715385437
0.07319093495607376
0.07276256382465363
0.07422351092100143
0.07316592335700989
0.0732421875
0.07284379750490189
0.07613278180360794
0.07095139473676682
0.07417787611484528
0.07236548513174057
0.07316608726978302
0.07302479445934296
0.07328888773918152
0.07191437482833862
0.07331328839063644
0.07163086533546448
0.07494939863681793
0.07362522929906845
0.07385219633579254
0.07119547575712204
0.07286158204078674
0.0711471363902092
0.07441771030426025
0.07363089174032211
0.075531005859375
0.0738971084356308
0.07248876988887787
0.07183819264173508
0.07700217515230179
0.07434312999248505
0.07067643105983734
0.07601073384284973
0.07337640225887299
0.07321576774120331
0.07407926023006439
0.07374941557645798
0.07311700284481049
0.07028570771217346
0.07502191513776779
0.07298756390810013
0.0717814639210701
0.07236305624246597
0.07241103053092957
0.0746256485581398
0.073447085916996
0.07255169749259949
0.07292884588241577
0.07159353792667389
0.07066531479358673
0.07050161063671112
0.0698627158999443
0.07034548372030258
0.07334046065807343
0.0739215612411499
0.07550827413797379
0.0751221626996994
0.073068767786026
0.0732429027557373
0.07738485932350159
0.07497327029705048
0.07185796648263931
0.07590807229280472
0.07081811130046844
0.07608088850975037
0.0727885290980339
0.07171133160591125
0.07121875882148743
0.0727921575307846
0.07086005806922913
0.07469730079174042
0.07314062863588333
0.07342901825904846
0.0747218057513237
0.07275764644145966
0.07181431353092194
0.07185124605894089
0.07198630273342133
0.07112783193588257
0.07257691025733948
0.07009324431419373
0.073862724006176
0.07399152964353561
0.0709199383854866
0.07181953638792038
0.07374519854784012
0.07340442389249802
0.07166960090398788
0.07237857580184937
0.07293297350406647
0.0716235414147377
0.07309293001890182
0.07298436760902405
0.07347744703292847
0.07292211800813675
0.07294411957263947
0.06930618733167648
0.0720352828502655
0.07134535163640976
0.07112371921539307
0.07303261756896973
0.0726378932595253
0.07241159677505493
0.07133656740188599
0.07322560995817184
0.07349857687950134
0.0725129023194313
0.07223581522703171
0.07214664667844772
0.07362938672304153
0.07384100556373596
0.07262569665908813
0.0721965804696083
0.07297472655773163
0.07210174202919006
0.07266774773597717
0.07077255845069885
0.07084032893180847
0.07146809995174408
0.0757094994187355
0.07243242859840393
