0.595808744430542
0.27931439876556396
0.05450288578867912
0.017791088670492172
0.05792125314474106
0.029454080387949944
0.05265034735202789
0.04153277724981308
0.05684530362486839
0.04236767813563347
0.05809471756219864
0.04234766215085983
0.05837682634592056
0.04316985607147217
0.060918573290109634
0.04518783092498779
0.06237044557929039
0.04564661160111427
0.06469818949699402
0.04783251881599426
0.06717576086521149
0.05059252679347992
0.07041207700967789
0.05422547087073326
0.07108044624328613
0.055733613669872284
0.07422000169754028
0.058192506432533264
0.07286450266838074
0.06332278251647949
0.07304532080888748
0.06595925986766815
0.07064352929592133
0.06724086403846741
0.07299496978521347
0.07270362228155136
0.07678981870412827
0.06909525394439697
0.07246337085962296
0.07330336421728134
0.07249953597784042
0.07177779078483582
0.07232890278100967
0.07296968996524811
0.06973173469305038
0.07543018460273743
0.0702793225646019
0.07407589256763458
0.07241086661815643
0.07312279939651489
0.07214132696390152
0.07347480207681656
0.07282555848360062
0.07541459798812866
0.07474680989980698
0.07067649811506271
0.07477232068777084
0.07331766933202744
0.07406533509492874
0.07397587597370148
0.07187089323997498
0.07399222999811172
0.0746154636144638
0.07527133077383041
0.07227293401956558
0.07615574449300766
0.07696856558322906
0.07301761955022812
0.07406973093748093
0.07438477873802185
0.07441665977239609
0.0733075812458992
0.07399856299161911
0.07433535158634186
0.07324609160423279
0.07545647770166397
0.07227861136198044
0.07553374022245407
0.07355967164039612
0.07522140443325043
0.0733131691813469
0.0756865069270134
0.07226654142141342
0.07383612543344498
0.07319667935371399
0.0720374807715416
0.07617195695638657
0.07476624846458435
0.07611606270074844
0.07613721489906311
0.07541210204362869
0.07670476287603378
0.07333772629499435
0.07443118095397949
0.07493153214454651
0.07316457480192184
0.07440303266048431
0.07470057904720306
0.0737827718257904
0.07670356333255768
0.07329971343278885
0.0724836140871048
0.07160676270723343
0.07393602281808853
0.07502948492765427
0.0756155475974083
0.07457331568002701
0.07348062098026276
0.07472612708806992
0.07474244385957718
0.07387659698724747
0.07443828135728836
0.0741824209690094
0.07570101320743561
0.07714370638132095
0.07408446073532104
0.07469621300697327
0.07503765821456909
0.07488050311803818
0.07430768013000488
0.07453127950429916
0.07441051304340363
0.07581619918346405
0.07427235692739487
0.07321102172136307
0.07269997894763947
0.07669846713542938
0.07558085769414902
0.07204647362232208
0.07158524543046951
0.07678639888763428
0.0742960274219513
0.07309530675411224
0.07192452996969223
0.07380399852991104
0.07292866706848145
0.07457689940929413
0.07187391817569733
0.07403204590082169
0.07369427382946014
0.07164926081895828
0.07428420335054398
0.07404226064682007
0.07550767064094543
0.07428495585918427
0.07437258958816528
0.07404014468193054
0.07732655853033066
0.07213328778743744
0.07534744590520859
0.07364671677350998
0.07430167496204376
0.07430481165647507
0.07460164278745651
0.07326608896255493
0.07443751394748688
0.07285366952419281
0.07618731260299683
0.07487096637487411
0.07510333508253098
0.07248860597610474
0.07405029982328415
0.07238100469112396
0.0756625309586525
0.07477962225675583
0.07684439420700073
0.07515307515859604
0.073618084192276
0.07310962677001953
0.07830707728862762
0.07562899589538574
0.07179158180952072
0.07738588750362396
0.07456783950328827
0.07447469234466553
0.07539620250463486
0.07510750740766525
0.07436951249837875
0.07154740393161774
0.07627145200967789
0.0741153359413147
0.07299676537513733
0.07374624162912369
0.07345348596572876
0.07586852461099625
0.07462626695632935
0.07394149154424667
0.07414928078651428
0.07279596477746964
0.0718364492058754
0.07191740721464157
0.07107067108154297
0.07171235978603363
0.07447288930416107
0.07525328546762466
0.07674098759889603
0.07648304849863052
0.07432952523231506
0.0745672732591629
0.07867969572544098
0.07634808123111725
0.07311607897281647
0.0772905945777893
0.07214535772800446
0.07745089381933212
0.07409834861755371
0.07296361029148102
0.07242824882268906
0.07410218566656113
0.07204174250364304
0.0759982168674469
0.07431942969560623
0.07482773065567017
0.07600163668394089
0.07401171326637268
0.0731048434972763
0.07333660870790482
0.07323111593723297
0.07242702692747116
0.07382991164922714
0.07141407579183578
0.07514309138059616
0.0752502828836441
0.07223429530858994
0.07315103709697723
0.07500742375850677
0.07483077049255371
0.07294923067092896
0.07368672639131546
0.07415459305047989
0.07301049679517746
0.07435879111289978
0.0743192732334137
0.07466839253902435
0.07426495105028152
0.07418472319841385
0.07072910666465759
0.07326427847146988
0.07271913439035416
0.0723719447851181
0.07453301548957825
0.07392074167728424
0.07365373522043228
0.07262300699949265
0.07458042353391647
0.07472950965166092
0.07372626662254333
0.07339280098676682
0.07348580658435822
0.07489855587482452
0.0752420648932457
0.018049268051981926
0.009913009591400623
0.008751947432756424
0.008290151134133339
0.008029312826693058
0.00796309020370245
0.008184211328625679
0.007889553904533386
0.008103816770017147
0.007832754403352737
