0.0000,0.0188
0.0000,0.0188
0.0000,0.0152
0.0000,0.0140
0.0000,0.0109
0.0000,0.0138
0.0000,0.0122
0.0000,0.0106
0.0000,0.0096
0.0000,0.0120
0.0000,0.0137
0.0000,0.0137
0.0000,0.0107
0.0000,0.0148
0.0000,0.0115
0.0000,0.0106
0.0000,0.0094
0.0000,0.0117
0.0000,0.0117
0.0000,0.0090
0.0000,0.0087
0.0000,0.0087
0.0000,0.0103
0.0000,0.0127
0.0000,0.0138
0.0000,0.0100
0.0000,0.0097
0.0000,0.0094
0.0000,0.0091
0.0000,0.0117
0.0000,0.0139
0.0000,0.0139
0.0000,0.0104
0.0000,0.0098
0.0000,0.0096
0.0000,0.0112
0.0000,0.0102
0.0000,0.0104
0.0000,0.0127
0.0000,0.0095
0.0000,0.0105
0.0000,0.0105
0.0000,0.0107
0.0000,0.0092
0.0000,0.0103
0.0000,0.0107
0.0000,0.0116
0.0000,0.0113
0.0000,0.0082
0.0000,0.0102
0.0000,0.0095
0.0000,0.0092
0.0000,0.0092
0.0000,0.0092
0.0000,0.0092
0.0000,0.0092
0.0000,0.0092
0.0000,0.0092
0.0000,0.0092
0.0000,0.0092
0.0000,0.0092
0.0000,0.0092
0.0000,0.0092
0.0000,0.0092
0.0000,0.0092
0.0000,0.0092
0.0000,0.0092
0.0000,0.0092
0.0000,0.0092
0.0000,0.0092
0.0000,0.0092
0.0000,0.0092
0.0000,0.0092
0.0000,0.0092
0.0000,0.0092
0.0000,0.0092
0.0000,0.0092
0.0000,0.0092
0.0000,0.0092
0.0000,0.0092
0.0000,0.0092
0.0000,0.0092
0.0000,0.0092
0.0000,0.0092
0.0000,0.0092
0.0000,0.0092
0.0000,0.0092
0.0000,0.0092
0.0000,0.0092
0.0000,0.0092
0.0000,0.0092
0.0000,0.0092
0.0000,0.0092
0.0000,0.0092
0.0000,0.0092
0.0000,0.0092
0.0000,0.0092
0.0000,0.0092
0.0000,0.0092
0.0000,0.0092
0.0000,0.0092
0.0000,0.0095
0.0000,0.0092
0.0000,0.0092
0.0000,0.0092
0.0000,0.0092
0.0000,0.0092
0.0000,0.0092
0.0000,0.0092
0.0000,0.0092
0.0000,0.0092
0.0000,0.0092
0.0000,0.0092
0.0000,0.0092
0.0000,0.0092
0.0000,0.0092
0.0000,0.0092
0.0000,0.0092
0.0000,0.0092
0.0000,0.0092
0.0000,0.0092
0.0000,0.0092
0.0000,0.0092
0.0000,0.0092
0.0000,0.0092
0.0000,0.0092
0.0000,0.0092
0.0000,0.0092
0.0000,0.0092
0.0000,0.0092
0.0000,0.0092
0.0000,0.0092
0.0000,0.0092
0.0000,0.0092
0.0000,0.0092
0.0000,0.0092
0.0000,0.0092
0.0000,0.0092
0.0000,0.0092
0.0000,0.0092
0.0000,0.0092
0.0000,0.0092
0.0000,0.0092
0.0000,0.0092
0.0000,0.0092
0.0000,0.0092
0.0000,0.0092
0.0000,0.0092
0.0000,0.0092
0.0000,0.0092
0.0000,0.0092
0.0000,0.0092
0.0000,0.0095
