33.1165,286.9105
33.1096,286.9084
32.4634,286.9191
32.0254,286.9062
32.0220,286.9167
32.0190,286.9073
32.0136,286.9105
32.0194,286.9214
32.1111,286.9102
32.4336,286.9163
32.5420,286.9088
32.1669,286.9107
31.9933,286.9117
32.0733,286.9037
31.9789,286.9120
32.1854,286.9113
31.9931,286.9106
32.0009,286.9126
32.2624,286.9149
31.9783,286.9119
32.3735,286.9175
32.2592,286.9211
32.0624,286.9113
31.9229,286.9005
31.9098,286.9114
32.0616,286.9099
31.9196,286.9182
31.8915,286.9146
31.9048,286.9116
32.1789,286.9044
31.8779,286.9104
31.9360,286.9117
31.8642,286.9165
31.8598,286.9124
31.9467,286.9081
32.6058,286.9142
31.8459,286.9054
31.8216,286.9060
32.1693,286.9185
32.1058,286.9114
31.8187,286.9148
32.0434,286.9081
31.7946,286.9104
31.7859,286.9088
31.8255,286.9078
31.7701,286.9073
32.4936,286.9113
31.7939,286.9168
32.0301,286.9155
31.8079,286.9095
31.7346,286.9145
32.2517,285.4849
