37.0689,38.2808
37.0720,38.2808
37.0666,38.2808
37.0691,38.2807
37.0697,38.2807
37.0674,38.2807
37.0662,38.2808
37.0698,38.2808
37.0699,38.2807
37.0659,38.2808
37.0662,38.2807
37.0671,38.2808
37.0668,38.2807
37.0683,38.2808
37.0668,38.2807
37.0642,38.2808
37.0658,38.2808
37.0678,38.2807
37.0682,38.2808
37.0670,38.2808
37.0703,38.2808
37.0734,38.2807
37.0720,38.2807
37.0710,38.2808
37.0683,38.2807
37.0666,38.2808
37.0676,38.2808
37.0693,38.2808
37.0690,38.2807
37.0680,38.2808
37.0679,38.2807
37.0699,38.2808
37.0682,38.2808
37.0659,38.2808
37.0686,38.2808
37.0698,38.2808
37.0675,38.2809
37.0683,38.2808
37.0672,38.2808
37.0669,38.2808
37.0673,38.2807
37.0699,38.2808
37.0700,38.2808
37.0688,38.2807
37.0673,38.2807
37.0666,38.2808
37.0702,38.2807
37.0657,38.2808
37.0663,38.2807
37.0649,38.2809
37.0661,38.2807
37.0857,38.2780
