14.4383,12.0151
13.8575,11.4319
13.8575,11.4321
14.0665,11.6447
13.7606,11.3417
13.8581,11.4365
13.6171,11.1971
13.7900,11.3696
13.9782,11.5562
14.0724,11.6520
14.0538,11.6361
13.8196,11.4012
13.8195,11.4012
14.1647,11.7452
13.6127,11.1933
13.8570,11.4383
14.1941,11.7758
14.2386,11.8186
13.9624,11.5427
13.8778,11.4582
14.1473,11.7269
14.0913,11.6708
14.0915,11.6709
14.0042,11.5861
13.7850,11.3692
13.7385,11.3226
14.0774,11.6596
14.0204,11.6012
13.9827,11.5644
14.1295,11.7105
13.9395,11.5237
13.6407,11.2248
13.6409,11.2248
13.8539,11.4384
13.8464,11.4285
13.9696,11.5503
14.0078,11.5886
13.9316,11.5151
13.9468,11.5300
13.7492,11.3321
14.2981,11.8810
13.9332,11.5154
13.9332,11.5155
13.8777,11.4602
13.9537,11.5368
14.1566,11.7391
13.8784,11.4619
13.8792,11.4607
13.9106,11.4933
14.1070,11.6902
13.9869,11.5694
13.9751,11.5366
13.9538,11.5368
13.9538,11.5368
13.9538,11.5367
13.9538,11.5368
13.9539,11.5368
13.9538,11.5367
13.9538,11.5367
13.9538,11.5367
13.9538,11.5368
13.9538,11.5367
13.9537,11.5368
13.9537,11.5369
13.9538,11.5368
13.9538,11.5368
13.9538,11.5367
13.9538,11.5368
13.9538,11.5367
13.9538,11.5367
13.9538,11.5369
13.9538,11.5368
13.9539,11.5367
13.9537,11.5369
13.9539,11.5367
13.9538,11.5368
13.9539,11.5368
13.9538,11.5367
13.9539,11.5368
13.9538,11.5367
13.9538,11.5367
13.9538,11.5368
13.9538,11.5369
13.9538,11.5367
13.9538,11.5367
13.9538,11.5369
13.9538,11.5367
13.9538,11.5368
13.9538,11.5368
13.9538,11.5368
13.9538,11.5368
13.9539,11.5369
13.9538,11.5368
13.9538,11.5368
13.9537,11.5369
13.9538,11.5368
13.9538,11.5367
13.9538,11.5368
13.9538,11.5368
13.9538,11.5368
13.9538,11.5368
13.9538,11.5368
13.9539,11.5368
13.9752,11.5367
13.9538,11.5368
13.9538,11.5369
13.9538,11.5368
13.9538,11.5367
13.9538,11.5367
13.9539,11.5367
13.9538,11.5368
13.9537,11.5368
13.9538,11.5368
13.9539,11.5368
13.9537,11.5367
13.9538,11.5368
13.9539,11.5367
13.9539,11.5368
13.9537,11.5368
13.9538,11.5368
13.9538,11.5368
13.9539,11.5367
13.9537,11.5368
13.9538,11.5370
13.9538,11.5367
13.9539,11.5368
13.9538,11.5368
13.9537,11.5367
13.9539,11.5368
13.9538,11.5367
13.9539,11.5367
13.9538,11.5368
13.9538,11.5367
13.9538,11.5368
13.9538,11.5368
13.9537,11.5368
13.9538,11.5368
13.9538,11.5369
13.9538,11.5369
13.9538,11.5369
13.9537,11.5369
13.9538,11.5368
13.9538,11.5367
13.9539,11.5368
13.9538,11.5367
13.9538,11.5368
13.9538,11.5367
13.9537,11.5368
13.9539,11.5369
13.9538,11.5368
13.9538,11.5367
13.9539,11.5369
13.9539,11.5368
13.9538,11.5369
13.9538,11.5368
13.9751,11.5367
