25.7653,15.6180
25.7686,15.6180
25.7681,15.6180
25.7671,15.6180
25.7670,15.6180
25.7670,15.6179
25.7670,15.6180
25.7669,15.6179
25.7676,15.6180
25.7659,15.6180
25.7658,15.6179
25.7663,15.6179
25.7669,15.6180
25.7676,15.6180
25.7669,15.6180
25.7662,15.6179
25.7668,15.6180
25.7674,15.6179
25.7661,15.6180
25.7668,15.6180
25.7681,15.6180
25.7661,15.6180
25.7676,15.6179
25.7669,15.6180
25.7670,15.6180
25.7677,15.6179
25.7668,15.6179
25.7670,15.6181
25.7668,15.6180
25.7661,15.6180
25.7672,15.6180
25.7666,15.6180
25.7669,15.6179
25.7668,15.6179
25.7665,15.6180
25.7656,15.6180
25.7668,15.6180
25.7672,15.6180
25.7661,15.6180
25.7661,15.6180
25.7668,15.6180
25.7662,15.6180
25.7669,15.6179
25.7669,15.6180
25.7667,15.6180
25.7670,15.6180
25.7685,15.6179
25.7674,15.6179
25.7661,15.6179
25.7666,15.6179
25.7671,15.6179
25.7657,15.6428
