-1.0000,0.4473
-1.0000,0.4473
-1.0000,0.4473
-1.0000,0.4474
-1.0000,0.4474
-1.0000,0.4473
-1.0000,0.4472
-1.0000,0.4472
-1.0000,0.4472
-1.0000,0.4472
-1.0000,0.4471
-1.0000,0.4470
-1.0000,0.4470
-1.0000,0.4470
-1.0000,0.4470
-1.0000,0.4470
-1.0000,0.4470
-1.0000,0.4470
-1.0000,0.4469
-1.0000,0.4468
-1.0000,0.4468
-1.0000,0.4468
-1.0000,0.4468
-1.0000,0.4468
-1.0000,0.4467
-1.0000,0.4468
-1.0000,0.4468
-1.0000,0.4468
-1.0000,0.4468
-1.0000,0.4467
-1.0000,0.4466
-1.0000,0.4465
-1.0000,0.4465
-1.0000,0.4467
-1.0000,0.4467
-1.0000,0.4467
-1.0000,0.4466
-1.0000,0.4465
-1.0000,0.4464
-1.0000,0.4463
-1.0000,0.4463
-1.0000,0.4462
-1.0000,0.4462
-1.0000,0.4462
-1.0000,0.4461
-1.0000,0.4461
-1.0000,0.4460
-1.0000,0.4459
-1.0000,0.4458
-1.0000,0.4458
-1.0000,0.4457
-1.0000,-1.0000,0.4461
-1.0000,0.4461
-1.0000,0.4461
-1.0000,0.4461
-1.0000,0.4461
-1.0000,0.4461
-1.0000,0.4461
-1.0000,0.4461
-1.0000,0.4461
-1.0000,0.4461
-1.0000,0.4461
-1.0000,0.4461
-1.0000,0.4461
-1.0000,0.4461
-1.0000,0.4461
-1.0000,0.4461
-1.0000,0.4461
-1.0000,0.4461
-1.0000,0.4461
-1.0000,0.4461
-1.0000,0.4461
-1.0000,0.4461
-1.0000,0.4461
-1.0000,0.4461
-1.0000,0.4461
-1.0000,0.4461
-1.0000,0.4461
-1.0000,0.4461
-1.0000,0.4461
-1.0000,0.4461
-1.0000,0.4461
-1.0000,0.4461
-1.0000,0.4461
-1.0000,0.4461
-1.0000,0.4461
-1.0000,0.4461
-1.0000,0.4461
-1.0000,0.4461
-1.0000,0.4461
-1.0000,0.4461
-1.0000,0.4461
-1.0000,0.4461
-1.0000,0.4461
-1.0000,0.4461
-1.0000,0.4461
-1.0000,0.4461
-1.0000,0.4461
-1.0000,0.4461
-1.0000,0.4461
-1.0000,0.4461
-1.0000,0.4461
-1.0000,0.4461
-1.0000,-1.0000,0.4461
-1.0000,0.4461
-1.0000,0.4461
-1.0000,0.4461
-1.0000,0.4461
-1.0000,0.4461
-1.0000,0.4461
-1.0000,0.4461
-1.0000,0.4461
-1.0000,0.4461
-1.0000,0.4461
-1.0000,0.4461
-1.0000,0.4461
-1.0000,0.4461
-1.0000,0.4461
-1.0000,0.4461
-1.0000,0.4461
-1.0000,0.4461
-1.0000,0.4461
-1.0000,0.4461
-1.0000,0.4461
-1.0000,0.4461
-1.0000,0.4461
-1.0000,0.4461
-1.0000,0.4461
-1.0000,0.4461
-1.0000,0.4461
-1.0000,0.4461
-1.0000,0.4461
-1.0000,0.4461
-1.0000,0.4461
-1.0000,0.4461
-1.0000,0.4461
-1.0000,0.4461
-1.0000,0.4461
-1.0000,0.4461
-1.0000,0.4461
-1.0000,0.4461
-1.0000,0.4461
-1.0000,0.4461
-1.0000,0.4461
-1.0000,0.4461
-1.0000,0.4461
-1.0000,0.4461
-1.0000,0.4461
-1.0000,0.4461
-1.0000,0.4461
-1.0000,0.4461
-1.0000,0.4461
-1.0000,0.4461
-1.0000,0.4461
-1.0000,0.4461
-1.0000,-1.0000,0.4461
