8437.0615
8965.0342
7940.6470
8128.7671
8240.7520
8793.0723
8191.9463
8373.1484
8876.6387
8693.0557
8553.3281
8279.8164
8252.3906
8756.2168
8438.1074
8323.2949
8601.3750
9017.1504
8324.7793
8273.9854
8449.4414
8761.4258
8731.5088
8525.4717
8327.0078
8168.2090
8384.5078
8977.3301
8764.5576
8226.1875
8218.2852
7967.9399
7939.1616
8300.9062
8427.0176
8371.3398
8793.5859
8737.8633
8380.1143
8130.0127
8486.2539
8483.2793
8479.3359
8475.3232
8397.1738
8678.1484
8310.5352
8609.1992
8193.7012
8680.8047
8486.1143
8234.8105
8485.9805
8486.2793
8486.0293
8486.1709
8485.6982
8485.9863
8486.3330
8486.1074
8486.1484
8485.7871
8485.9043
8485.9111
8485.7236
8485.9736
8485.8545
8486.0479
8486.0312
8485.9775
8485.9785
8486.0352
8485.8535
8485.8145
8485.9688
8485.8301
8486.0049
8485.7090
8485.7217
8486.0107
8486.1172
8485.7285
8486.1152
8486.0938
8485.9893
8485.7334
8486.0195
8485.9160
8485.9854
8485.8457
8485.8477
8485.9736
8485.8926
8486.1523
8485.9375
8485.9707
8486.0723
8485.9766
8485.9297
8485.7910
8485.9707
8485.7363
8486.1152
8234.6064
8485.8623
8486.0537
8485.7578
8485.8672
8486.0264
8486.0508
8486.0410
8486.0029
8485.9492
8485.8008
8485.7773
8485.7705
8485.8867
8486.0996
8485.7773
8486.0195
8486.1953
8486.0859
8486.3086
8486.1797
8486.1973
8485.9258
8485.9453
8485.9023
8486.0342
8485.7764
8486.1602
8486.0654
8485.8477
8485.9404
8486.1016
8486.0586
8485.7559
8486.0059
8485.9141
8485.8311
8486.1152
8485.8018
8485.9521
8485.9111
8486.0332
8486.1719
8486.0137
8485.7988
8485.9990
8486.0996
8485.8125
8486.1602
8485.9863
8485.9609
8485.9658
8234.6611
