0.0665,0.4973
0.0673,0.4982
0.0534,0.3217
0.0846,0.5696
0.0620,0.3335
0.0697,0.5100
0.0544,0.3042
0.1001,0.6192
0.0760,0.3829
0.1715,0.7977
0.0700,0.5113
0.0708,0.5116
0.0533,0.3347
0.1016,0.6185
0.0554,0.2947
0.0717,0.5156
0.0538,0.3244
0.1003,0.6143
0.0566,0.4232
0.0612,0.4623
0.0561,0.4429
0.0563,0.4428
0.0355,0.3802
0.0107,0.1987
0.0027,0.1857
0.0012,0.1714
0.0010,0.1599
0.0010,0.1418
0.0008,0.1487
0.0008,0.1520
0.0008,0.1415
0.0008,0.1411
0.0008,0.1507
0.0008,0.1461
0.0008,0.1465
0.0008,0.1431
0.0007,0.1463
0.0007,0.1440
0.0007,0.1457
0.0007,0.1419
0.0007,0.1455
0.0007,0.1453
0.0007,0.1422
0.0007,0.1406
0.0007,0.1469
0.0007,0.1414
0.0007,0.1434
0.0007,0.1456
0.0007,0.1416
0.0007,0.1410
0.0007,0.1437
0.0007,0.1444
0.0007,0.1386
0.0007,0.1454
0.0007,0.1460
0.0007,0.1379
0.0007,0.1425
0.0007,0.1452
0.0007,0.1432
0.0007,0.1396
0.0007,0.1439
0.0007,0.1440
0.0007,0.1447
0.0008,0.1332
0.0007,0.1481
0.0008,0.1335
0.0007,0.1443
0.0007,0.1454
0.0008,0.1334
0.0007,0.1504
0.0007,0.1422
0.0007,0.1418
0.0007,0.1388
0.0007,0.1428
0.0007,0.1393
0.0007,0.1443
0.0007,0.1373
0.0007,0.1427
0.0007,0.1439
0.0008,0.1357
0.0007,0.1480
0.0007,0.1478
0.0010,0.1226
0.0008,0.1509
0.0008,0.1366
0.0007,0.1448
0.0007,0.1376
0.0007,0.1389
0.0007,0.1469
0.0007,0.1399
0.0007,0.1412
0.0007,0.1415
0.0007,0.1364
0.0007,0.1394
0.0007,0.1434
0.0007,0.1354
0.0007,0.1442
0.0007,0.1381
0.0007,0.1357
0.0665,0.4973
0.0007,0.1430
0.0673,0.4982
0.0007,0.1414
0.0534,0.3217
0.0007,0.1420
0.0846,0.5696
0.0007,0.1354
0.0620,0.3335
0.0007,0.1470
0.0697,0.5100
0.0007,0.1389
0.0544,0.3042
0.0008,0.1314
0.1001,0.6192
0.0007,0.1487
0.0760,0.3829
0.0010,0.1263
0.1715,0.7977
0.0008,0.1546
0.0700,0.5113
0.0009,0.1302
0.0708,0.5116
0.0007,0.1496
0.0007,0.1500
0.0010,0.1241
0.0009,0.1550
0.0008,0.1318
0.0007,0.1470
0.0007,0.1346
0.0007,0.1425
0.0007,0.1378
0.0007,0.1411
0.0007,0.1399
0.0007,0.1395
0.0007,0.1388
0.0007,0.1411
0.0007,0.1341
0.0007,0.1451
0.0008,0.1323
0.0007,0.1454
0.0007,0.1360
0.0007,0.1419
0.0007,0.1367
0.0007,0.1368
0.0007,0.1446
0.0007,0.1348
0.0007,0.1494
0.0009,0.1253
0.0008,0.1529
0.0008,0.1334
0.0007,0.1473
0.0009,0.1279
0.0008,0.1512
0.0008,0.1514
0.0013,0.1191
0.0007,0.1502
0.0009,0.1314
0.0007,0.1492
0.0007,0.1373
0.0007,0.1368
0.0007,0.1458
0.0007,0.1426
0.0007,0.1341
0.0007,0.1345
0.0008,0.1539
0.0008,0.1336
0.0007,0.1469
0.0007,0.1363
0.0007,0.1404
0.0007,0.1372
0.0007,0.1428
0.0007,0.1396
0.0007,0.1401
0.0007,0.1400
0.0007,0.1429
0.0007,0.1346
0.0007,0.1414
0.0007,0.1373
0.0007,0.1387
0.0007,0.1364
0.0007,0.1466
0.0009,0.1264
0.0008,0.1564
0.0008,0.1560
0.0011,0.1224
0.0008,0.1534
0.0008,0.1322
0.0007,0.1523
0.0007,0.1367
0.0007,0.1409
0.0008,0.1274
0.0008,0.1525
0.0008,0.1322
0.0008,0.1320
0.0007,0.1460
0.0007,0.1356
0.0007,0.1406
0.0006,0.1405
0.0007,0.1380
0.0007,0.1364
0.0007,0.1448
0.0009,0.1263
0.0007,0.1485
0.0007,0.1480
0.0017,0.1403
0.0010,0.1593
0.0010,0.1231
0.0007,0.1398
0.0009,0.1309
0.0008,0.1492
0.0009,0.1309
0.0007,0.1457
0.0007,0.1364
0.0007,0.1368
0.0007,0.1402
0.0007,0.1405
0.0007,0.1345
0.0007,0.1428
0.0007,0.1347
0.0007,0.1400
0.0007,0.1414
0.0008,0.1349
0.0007,0.1414
0.0006,0.1412
0.0009,0.1105
0.0007,0.1069
0.0010,0.1141
0.0008,0.0967
0.0008,0.1198
0.0012,0.0837
0.0007,0.1143
0.0006,0.1071
0.0005,0.1027
0.0005,0.1019
0.0006,0.0985
0.0005,0.1060
0.0006,0.0997
0.0005,0.0913
0.0006,0.1055
0.0006,0.1057
0.0006,0.0949
0.0006,0.0991
0.0005,0.1018
0.0005,0.1028
0.0005,0.0887
0.0006,0.0938
0.0006,0.1114
0.0006,0.0986
0.0005,0.0973
0.0005,0.0967
0.0005,0.0995
0.0005,0.1051
0.0006,0.0891
0.0006,0.0884
0.0006,0.1119
0.0005,0.1066
0.0006,0.0992
0.0005,0.0908
0.0005,0.0985
0.0005,0.1007
0.0005,0.1010
0.0005,0.1006
0.0006,0.0883
0.0006,0.0881
0.0005,0.1118
0.0006,0.0916
0.0007,0.0912
0.0006,0.1074
0.0005,0.0970
0.0006,0.0926
0.0005,0.1000
0.0005,0.0968
0.0005,0.0978
0.0005,0.0960
0.0005,0.1074
0.0005,0.0928
0.0005,0.0884
0.0005,0.0996
0.0005,0.0941
0.0006,0.0972
0.0005,0.0992
0.0005,0.1019
0.0005,0.0943
0.0005,0.0945
0.0005,0.0954
0.0005,0.0956
0.0005,0.1040
0.0005,0.0937
0.0005,0.1018
0.0005,0.1004
0.0005,0.0901
0.0005,0.0974
0.0005,0.0986
0.0005,0.0999
0.0005,0.0909
0.0005,0.0910
0.0005,0.0957
0.0005,0.1021
0.0006,0.0844
0.0005,0.0934
0.0005,0.0958
0.0006,0.0944
0.0005,0.0915
0.0005,0.0899
0.0005,0.1035
0.0005,0.0940
0.0005,0.0895
0.0005,0.0978
0.0005,0.0882
0.0005,0.1070
0.0008,0.0665
0.0005,0.1009
0.0005,0.0949
0.0005,0.0970
0.0006,0.0797
0.0005,0.0949
0.0005,0.0887
0.0005,0.0983
0.0005,0.0899
0.0007,0.0834
0.0005,0.0938
0.0005,0.0841
0.0004,0.0937
0.0004,0.0945
0.0008,0.0807
0.0004,0.0963
0.0005,0.0989
0.0004,0.0980
0.0005,0.0765
0.0005,0.1030
0.0006,0.0749
0.0005,0.1048
0.0006,0.0796
0.0006,0.0796
0.0005,0.1055
0.0005,0.0957
0.0006,0.0912
0.0006,0.0853
0.0004,0.0938
0.0004,0.0970
0.0006,0.0782
0.0004,0.0963
0.0005,0.0876
0.0005,0.0906
0.0005,0.0966
0.0005,0.0789
0.0005,0.1016
0.0004,0.0823
0.0004,0.0985
0.0005,0.0850
0.0004,0.0900
0.0005,0.0916
0.0010,0.0780
0.0010,0.0777
0.0006,0.1049
0.0005,0.0787
0.0005,0.1081
0.0004,0.0879
0.0005,0.0756
0.0004,0.0941
0.0004,0.0956
0.0005,0.0837
0.0004,0.0934
0.0004,0.0921
0.0005,0.0690
0.0005,0.1103
0.0007,0.0785
0.0005,0.0819
0.0004,0.1006
0.0007,0.0701
0.0008,0.0948
0.0004,0.0850
0.0005,0.0841
0.0005,0.0827
0.0004,0.0873
0.0003,0.0851
0.0004,0.0679
0.0006,0.0713
0.0003,0.0747
0.0003,0.0730
0.0003,0.0834
0.0004,0.0584
0.0003,0.0658
0.0003,0.0626
0.0004,0.0689
0.0003,0.0642
0.0004,0.0689
0.0004,0.0695
0.0004,0.0570
0.0003,0.0695
0.0003,0.0673
0.0005,0.0666
0.0003,0.0718
0.0003,0.0733
0.0004,0.0501
0.0003,0.0725
0.0003,0.0627
0.0003,0.0696
0.0003,0.0581
0.0003,0.0648
0.0003,0.0609
0.0003,0.0700
0.0003,0.0577
0.0003,0.0591
0.0004,0.0645
0.0003,0.0679
0.0003,0.0618
0.0004,0.0561
0.0003,0.0683
0.0003,0.0626
0.0003,0.0620
0.0006,0.0724
0.0005,0.0600
0.0005,0.0571
0.0004,0.0768
0.0003,0.0833
0.0003,0.0674
0.0004,0.0566
0.0003,0.0722
0.0004,0.0715
0.0003,0.0638
0.0004,0.0552
0.0003,0.0676
0.0003,0.0683
0.0003,0.0632
0.0003,0.0596
0.0004,0.0601
0.0005,0.0639
0.0003,0.0659
0.0003,0.0581
0.0003,0.0688
0.0003,0.0603
0.0003,0.0593
0.0003,0.0606
0.0003,0.0658
0.0003,0.0618
0.0003,0.0599
0.0003,0.0611
0.0003,0.0568
0.0003,0.0662
0.0003,0.0640
0.0003,0.0591
0.0004,0.0604
0.0004,0.0624
0.0003,0.0463
0.0003,0.0801
0.0003,0.0586
0.0004,0.0584
0.0004,0.0710
0.0003,0.0612
0.0004,0.0574
0.0004,0.0707
0.0004,0.0565
0.0004,0.0571
0.0003,0.0657
0.0003,0.0630
0.0003,0.0691
0.0003,0.0621
0.0003,0.0574
0.0002,0.0692
0.0003,0.0576
0.0003,0.0588
0.0003,0.0611
0.0003,0.0651
0.0003,0.0539
0.0002,0.0554
0.0002,0.0632
0.0003,0.0516
0.0003,0.0599
0.0003,0.0572
0.0002,0.0565
0.0002,0.0603
0.0002,0.0546
0.0002,0.0573
0.0003,0.0565
0.0003,0.0598
0.0002,0.0572
0.0002,0.0523
0.0003,0.0631
0.0002,0.0591
0.0003,0.0528
0.0003,0.0609
0.0004,0.0620
0.0004,0.0611
0.0006,0.0690
0.0003,0.0705
0.0002,0.0624
0.0005,0.0559
0.0003,0.0657
0.0003,0.0504
0.0004,0.0632
0.0005,0.0484
0.0006,0.0697
0.0006,0.0687
0.0008,0.0691
0.0003,0.0647
0.0002,0.0596
0.0003,0.0481
0.0003,0.0619
0.0003,0.0479
0.0003,0.0622
0.0003,0.0496
0.0002,0.0556
0.0002,0.0553
0.0003,0.0594
0.0003,0.0517
0.0003,0.0543
0.0002,0.0500
0.0003,0.0601
0.0003,0.0510
0.0003,0.0545
0.0003,0.0520
0.0003,0.0599
0.0003,0.0625
0.0004,0.0490
0.0002,0.0642
0.0003,0.0431
0.0002,0.0607
0.0004,0.0551
0.0003,0.0447
0.0003,0.0610
0.0002,0.0515
0.0003,0.0647
0.0003,0.0646
0.0004,0.0472
0.0007,0.0790
0.0006,0.0529
0.0004,0.0666
0.0003,0.0600
0.0003,0.0559
0.0002,0.0690
0.0003,0.0508
0.0002,0.0730
0.0002,0.0696
0.0006,0.0558
0.0003,0.0747
0.0004,0.0557
0.0002,0.0649
0.0006,0.0521
0.0003,0.0617
0.0003,0.0751
0.0005,0.0554
0.0003,0.0587
0.0003,0.0613
0.0003,0.0599
0.0003,0.0591
0.0002,0.0583
0.0002,0.0514
0.0003,0.0584
0.0002,0.0552
0.0002,0.0548
0.0002,0.0480
0.0003,0.0653
0.0003,0.0626
0.0002,0.0529
0.0003,0.0502
0.0002,0.0650
0.0003,0.0393
0.0002,0.0618
0.0002,0.0454
0.0002,0.0564
0.0002,0.0484
0.0003,0.0511
0.0003,0.0524
0.0002,0.0417
0.0002,0.0532
0.0002,0.0519
0.0002,0.0507
0.0002,0.0429
0.0002,0.0536
0.0003,0.0515
0.0002,0.0441
0.0002,0.0519
0.0003,0.0492
0.0002,0.0464
0.0002,0.0536
0.0002,0.0494
0.0003,0.0523
0.0002,0.0539
0.0003,0.0522
0.0003,0.0619
0.0002,0.0393
0.0002,0.0459
0.0002,0.0463
0.0002,0.0386
0.0002,0.0570
0.0002,0.0414
0.0003,0.0450
0.0002,0.0629
0.0003,0.0562
0.0003,0.0503
0.0003,0.0419
0.0002,0.0613
0.0002,0.0628
0.0003,0.0582
0.0003,0.0663
0.0003,0.0399
0.0002,0.0632
0.0003,0.0539
0.0002,0.0529
0.0002,0.0410
0.0002,0.0459
0.0003,0.0457
0.0003,0.0472
0.0002,0.0403
0.0002,0.0511
0.0002,0.0422
0.0003,0.0457
0.0002,0.0455
0.0002,0.0435
0.0002,0.0476
0.0001,0.0512
0.0002,0.0393
0.0002,0.0373
0.0002,0.0612
0.0006,0.0765
0.0002,0.0632
0.0002,0.0464
0.0002,0.0583
0.0008,0.0648
0.0003,0.0628
0.0004,0.0615
0.0003,0.0566
0.0003,0.0570
0.0002,0.0474
0.0002,0.0513
0.0002,0.0489
0.0003,0.0557
0.0004,0.0622
0.0002,0.0795
0.0002,0.0477
0.0002,0.0591
0.0003,0.0362
0.0003,0.0378
0.0002,0.0539
0.0002,0.0554
0.0003,0.0615
0.0002,0.0614
0.0003,0.0589
0.0002,0.0538
0.0002,0.0425
0.0001,0.0430
0.0002,0.0432
0.0002,0.0446
0.0002,0.0482
0.0003,0.0583
0.0002,0.0516
0.0005,0.0532
0.0003,0.0427
0.0002,0.0441
0.0002,0.0504
0.0002,0.0433
0.0003,0.0502
0.0003,0.0509
0.0003,0.0493
0.0002,0.0588
0.0002,0.0430
0.0003,0.0534
0.0009,0.0898
0.0003,0.0745
0.0004,0.0635
0.0002,0.0632
0.0002,0.0484
0.0002,0.0474
0.0005,0.0536
0.0003,0.0522
0.0002,0.0622
0.0002,0.0408
0.0004,0.0831
0.0007,0.0473
0.0005,0.0692
0.0003,0.0800
0.0003,0.0743
0.0003,0.0733
0.0005,0.0697
0.0002,0.0627
0.0002,0.0563
0.0003,0.0492
0.0002,0.0577
0.0002,0.0450
0.0002,0.0418
0.0002,0.0475
0.0002,0.0499
0.0002,0.0483
0.0002,0.0426
0.0002,0.0546
0.0002,0.0463
0.0001,0.0550
0.0002,0.0490
0.0003,0.0537
0.0001,0.0509
0.0001,0.0429
0.0001,0.0485
0.0002,0.0422
0.0003,0.0399
0.0002,0.0446
0.0001,0.0546
0.0003,0.0553
0.0002,0.0508
0.0002,0.0420
0.0001,0.0491
0.0002,0.0473
0.0001,0.0527
0.0001,0.0528
0.0003,0.0544
0.0002,0.0553
0.0002,0.0417
0.0001,0.0402
0.0002,0.0421
0.0002,0.0510
0.0002,0.0454
0.0002,0.0468
0.0001,0.0373
0.0001,0.0363
0.0001,0.0488
0.0002,0.0401
0.0004,0.0581
0.0002,0.0567
0.0002,0.0413
0.0002,0.0427
0.0002,0.0426
0.0001,0.0478
0.0001,0.0405
0.0001,0.0428
0.0001,0.0458
0.0002,0.0418
0.0002,0.0418
0.0001,0.0510
0.0003,0.0489
0.0001,0.0450
0.0002,0.0392
0.0001,0.0452
0.0002,0.0351
0.0002,0.0368
0.0002,0.0534
0.0002,0.0456
0.0001,0.0474
0.0003,0.0459
0.0002,0.0460
0.0002,0.0419
0.0002,0.0481
0.0002,0.0428
0.0002,0.0474
0.0002,0.0488
0.0003,0.0544
0.0002,0.0596
0.0002,0.0575
0.0002,0.0621
0.0002,0.0458
0.0001,0.0565
0.0002,0.0479
0.0001,0.0517
0.0002,0.0398
0.0002,0.0443
0.0001,0.0591
0.0001,0.0354
0.0003,0.0432
0.0002,0.0477
0.0001,0.0468
0.0001,0.0465
0.0002,0.0477
0.0002,0.0470
0.0001,0.0371
0.0001,0.0385
0.0002,0.0551
0.0002,0.0468
0.0002,0.0401
0.0002,0.0445
0.0001,0.0481
0.0002,0.0423
0.0001,0.0391
0.0003,0.0486
0.0002,0.0473
0.0002,0.0492
0.0001,0.0582
0.0002,0.0413
0.0001,0.0494
0.0001,0.0395
0.0002,0.0415
0.0002,0.0399
0.0003,0.0407
0.0002,0.0385
0.0001,0.0431
0.0001,0.0426
0.0002,0.0405
0.0002,0.0461
0.0002,0.0508
0.0002,0.0494
0.0002,0.0449
0.0001,0.0493
0.0003,0.0496
0.0003,0.0608
0.0002,0.0411
0.0002,0.0429
0.0002,0.0646
0.0002,0.0512
0.0001,0.0485
0.0002,0.0420
0.0002,0.0460
0.0001,0.0410
0.0002,0.0391
0.0001,0.0454
0.0002,0.0392
0.0002,0.0382
0.0002,0.0444
0.0002,0.0466
0.0001,0.0566
0.0002,0.0408
0.0001,0.0438
0.0002,0.0425
0.0003,0.0475
0.0002,0.0439
0.0003,0.0540
0.0003,0.0514
0.0003,0.0441
0.0002,0.0443
0.0001,0.0453
0.0002,0.0407
0.0002,0.0437
0.0002,0.0548
0.0002,0.0534
0.0002,0.0363
0.0002,0.0433
0.0001,0.0430
0.0001,0.0414
0.0001,0.0370
0.0002,0.0490
0.0002,0.0416
0.0001,0.0497
0.0001,0.0413
0.0002,0.0392
0.0002,0.0486
0.0002,0.0463
0.0002,0.0494
0.0002,0.0513
0.0001,0.0397
0.0001,0.0457
0.0001,0.0370
0.0003,0.0514
0.0002,0.0400
0.0001,0.0567
0.0002,0.0471
0.0001,0.0397
0.0001,0.0421
0.0002,0.0459
0.0002,0.0437
0.0001,0.0451
0.0004,0.0596
0.0002,0.0425
0.0002,0.0464
0.0002,0.0407
0.0002,0.0422
0.0002,0.0403
0.0002,0.0399
0.0001,0.0400
0.0002,0.0550
0.0002,0.0439
0.0002,0.0495
0.0001,0.0373
0.0001,0.0421
0.0003,0.0460
0.0002,0.0533
0.0002,0.0451
0.0002,0.0450
0.0001,0.0573
0.0002,0.0459
0.0002,0.0516
0.0002,0.0395
0.0002,0.0509
0.0002,0.0443
0.0002,0.0581
0.0002,0.0426
0.0002,0.0490
0.0002,0.0466
0.0002,0.0387
0.0002,0.0396
0.0001,0.0425
0.0001,0.0521
0.0002,0.0454
0.0001,0.0476
0.0003,0.0517
0.0002,0.0537
0.0002,0.0399
0.0002,0.0402
0.0003,0.0511
0.0003,0.0562
0.0002,0.0578
0.0001,0.0348
0.0004,0.0578
0.0003,0.0667
0.0003,0.0572
0.0002,0.0465
0.0002,0.0511
0.0002,0.0531
0.0002,0.0428
0.0002,0.0464
0.0002,0.0495
0.0002,0.0421
0.0002,0.0480
0.0002,0.0441
0.0002,0.0388
0.0001,0.0383
0.0003,0.0427
0.0003,0.0425
0.0002,0.0489
0.0002,0.0387
0.0002,0.0430
0.0002,0.0439
0.0002,0.0361
0.0001,0.0487
0.0002,0.0359
0.0001,0.0466
0.0003,0.0505
0.0004,0.0520
0.0002,0.0594
0.0002,0.0422
0.0002,0.0467
0.0002,0.0570
0.0003,0.0474
0.0003,0.0412
0.0002,0.0438
0.0002,0.0485
0.0002,0.0463
0.0002,0.0471
0.0004,0.0657
0.0003,0.0539
0.0002,0.0482
0.0002,0.0346
0.0002,0.0467
0.0003,0.0431
0.0002,0.0425
0.0002,0.0347
0.0002,0.0380
0.0002,0.0419
0.0002,0.0459
0.0001,0.0453
0.0003,0.0505
0.0001,0.0458
0.0001,0.0438
0.0002,0.0360
0.0001,0.0482
0.0002,0.0424
0.0001,0.0458
0.0001,0.0448
0.0007,0.0675
0.0018,0.0930
0.0006,0.0588
0.0007,0.0764
0.0043,0.1341
0.0008,0.0576
0.0035,0.1299
0.0009,0.0656
0.0024,0.0854
0.0022,0.0816
0.0009,0.0696
0.0015,0.0800
0.0109,0.2251
0.0016,0.1021
0.0006,0.0686
0.0004,0.0683
0.0004,0.0871
0.0003,0.0657
0.0005,0.0627
0.0005,0.0649
0.0003,0.0758
0.0003,0.0725
0.0007,0.0723
0.0003,0.0697
0.0003,0.0666
0.0004,0.0584
0.0003,0.0659
0.0002,0.0624
0.0004,0.0549
0.0005,0.0565
0.0003,0.0610
0.0002,0.0665
0.0004,0.0544
0.0003,0.0529
0.0003,0.0569
0.0002,0.0589
0.0003,0.0562
0.0004,0.0545
0.0003,0.0586
0.0003,0.0601
0.0002,0.0573
0.0003,0.0532
0.0003,0.0577
0.0004,0.0562
0.0002,0.0516
0.0002,0.0600
0.0002,0.0575
0.0005,0.0542
0.0002,0.0577
0.0002,0.0609
0.0004,0.0569
0.0003,0.0546
0.0002,0.0587
0.0002,0.0491
0.0003,0.0505
0.0002,0.0580
0.0002,0.0531
0.0002,0.0505
0.0002,0.0507
0.0002,0.0520
0.0003,0.0481
0.0002,0.0503
0.0002,0.0548
0.0003,0.0509
0.0003,0.0502
0.0002,0.0480
0.0002,0.0470
0.0002,0.0567
0.0002,0.0444
0.0002,0.0456
0.0002,0.0488
0.0002,0.0516
0.0002,0.0456
0.0003,0.0487
0.0002,0.0513
0.0002,0.0531
0.0002,0.0483
0.0002,0.0496
0.0002,0.0464
0.0002,0.0471
0.0002,0.0553
0.0002,0.0465
0.0002,0.0500
0.0002,0.0508
0.0002,0.0443
0.0002,0.0457
0.0002,0.0511
0.0002,0.0441
0.0002,0.0513
0.0002,0.0483
0.0002,0.0443
0.0002,0.0514
0.0002,0.0511
0.0002,0.0456
0.0002,0.0477
0.0002,0.0471
0.0003,0.0540
0.0002,0.0518
0.0002,0.0620
0.0002,0.0570
0.0002,0.0485
0.0003,0.0505
0.0002,0.0532
0.0002,0.0528
0.0002,0.0506
0.0003,0.0486
0.0002,0.0539
0.0002,0.0462
0.0002,0.0467
0.0002,0.0453
0.0002,0.0520
0.0002,0.0538
0.0002,0.0484
0.0002,0.0486
0.0002,0.0530
0.0003,0.0445
0.0002,0.0490
0.0002,0.0533
0.0002,0.0465
0.0002,0.0461
0.0002,0.0470
0.0002,0.0516
0.0002,0.0428
0.0002,0.0526
0.0002,0.0381
0.0002,0.0521
0.0003,0.0455
0.0002,0.0464
0.0003,0.0451
0.0003,0.0432
0.0002,0.0522
0.0002,0.0460
0.0002,0.0445
0.0002,0.0436
0.0001,0.0472
0.0002,0.0454
0.0002,0.0437
0.0001,0.0445
0.0002,0.0495
0.0002,0.0498
0.0002,0.0423
0.0002,0.0449
0.0002,0.0443
0.0002,0.0460
0.0001,0.0451
0.0001,0.0512
0.0002,0.0428
0.0002,0.0464
0.0002,0.0426
0.0002,0.0420
0.0002,0.0441
0.0001,0.0492
0.0002,0.0467
0.0002,0.0394
0.0002,0.0442
0.0002,0.0435
0.0002,0.0466
0.0002,0.0468
0.0002,0.0448
0.0002,0.0460
0.0001,0.0515
0.0002,0.0424
0.0002,0.0427
0.0002,0.0483
0.0002,0.0467
0.0001,0.0444
0.0002,0.0425
0.0001,0.0463
0.0002,0.0458
0.0002,0.0424
0.0002,0.0460
0.0002,0.0484
0.0004,0.0508
0.0002,0.0466
0.0001,0.0449
0.0001,0.0450
0.0001,0.0440
0.0002,0.0375
0.0002,0.0503
0.0002,0.0506
0.0002,0.0463
0.0003,0.0553
0.0002,0.0502
0.0002,0.0462
0.0003,0.0451
0.0002,0.0481
0.0002,0.0422
0.0002,0.0431
0.0002,0.0488
0.0002,0.0509
0.0002,0.0419
0.0002,0.0442
0.0001,0.0462
0.0001,0.0456
0.0002,0.0400
0.0002,0.0473
0.0001,0.0432
0.0002,0.0458
0.0002,0.0458
0.0002,0.0493
0.0002,0.0490
0.0002,0.0405
0.0002,0.0481
0.0001,0.0428
0.0002,0.0390
0.0005,0.0530
0.0003,0.0708
0.0002,0.0470
0.0002,0.0464
0.0002,0.0465
0.0002,0.0564
0.0002,0.0544
0.0002,0.0380
0.0002,0.0434
0.0001,0.0422
0.0001,0.0483
0.0001,0.0468
0.0001,0.0412
0.0001,0.0429
0.0001,0.0427
0.0001,0.0419
0.0002,0.0449
0.0002,0.0488
0.0002,0.0416
0.0002,0.0467
0.0002,0.0413
0.0001,0.0413
0.0002,0.0517
0.0001,0.0406
0.0001,0.0395
0.0002,0.0409
0.0002,0.0409
0.0001,0.0478
0.0002,0.0490
0.0001,0.0418
0.0002,0.0384
0.0002,0.0494
0.0002,0.0398
0.0002,0.0453
0.0002,0.0472
0.0001,0.0482
0.0002,0.0446
0.0001,0.0438
0.0001,0.0384
0.0002,0.0431
0.0002,0.0400
0.0001,0.0413
0.0001,0.0419
0.0002,0.0365
0.0002,0.0380
0.0002,0.0450
0.0002,0.0426
0.0002,0.0438
0.0001,0.0499
0.0001,0.0445
0.0001,0.0375
0.0001,0.0405
0.0001,0.0395
0.0002,0.0399
0.0001,0.0417
0.0001,0.0427
0.0003,0.0497
0.0021,0.1342
0.0004,0.0724
0.0004,0.0639
0.0005,0.0644
0.0003,0.0599
0.0003,0.0593
0.0003,0.0637
0.0003,0.0619
0.0004,0.0546
0.0003,0.0539
0.0002,0.0602
0.0002,0.0550
0.0002,0.0562
0.0003,0.0511
0.0002,0.0531
0.0002,0.0540
0.0002,0.0518
0.0002,0.0523
0.0003,0.0480
0.0002,0.0480
0.0003,0.0527
0.0002,0.0523
0.0002,0.0528
0.0002,0.0586
0.0002,0.0559
0.0002,0.0488
0.0004,0.0541
0.0003,0.0531
0.0002,0.0593
0.0002,0.0577
0.0002,0.0534
0.0002,0.0533
0.0003,0.0525
0.0004,0.0542
0.0002,0.0483
0.0002,0.0643
0.0002,0.0516
0.0002,0.0518
0.0002,0.0489
0.0003,0.0472
0.0002,0.0511
0.0002,0.0508
0.0002,0.0495
0.0002,0.0499
0.0003,0.0507
0.0002,0.0519
0.0002,0.0545
0.0002,0.0517
0.0002,0.0497
0.0002,0.0465
0.0002,0.0484
0.0003,0.0474
0.0002,0.0504
0.0002,0.0493
0.0002,0.0507
0.0002,0.0500
0.0002,0.0451
0.0003,0.0487
0.0002,0.0538
0.0002,0.0426
0.0002,0.0443
0.0002,0.0453
0.0002,0.0491
0.0002,0.0467
0.0002,0.0442
0.0002,0.0435
0.0002,0.0463
0.0002,0.0480
0.0002,0.0481
0.0002,0.0506
0.0002,0.0422
0.0002,0.0428
0.0002,0.0457
0.0002,0.0430
0.0002,0.0510
0.0002,0.0407
0.0002,0.0472
0.0002,0.0462
0.0002,0.0470
0.0003,0.0441
0.0002,0.0490
0.0002,0.0453
0.0002,0.0417
0.0002,0.0464
0.0003,0.0502
0.0002,0.0466
0.0002,0.0457
0.0002,0.0467
0.0002,0.0465
0.0002,0.0513
0.0002,0.0464
0.0002,0.0501
0.0002,0.0449
0.0002,0.0456
0.0002,0.0411
0.0001,0.0465
0.0001,0.0391
0.0001,0.0401
0.0002,0.0450
0.0002,0.0454
0.0002,0.0477
0.0002,0.0414
0.0002,0.0422
0.0002,0.0442
0.0001,0.0411
0.0002,0.0507
0.0003,0.0518
0.0003,0.0544
0.0001,0.0490
0.0001,0.0484
0.0002,0.0433
0.0002,0.0391
0.0001,0.0473
0.0002,0.0402
0.0002,0.0410
0.0002,0.0461
0.0001,0.0465
0.0001,0.0446
0.0002,0.0424
0.0001,0.0402
0.0002,0.0433
0.0002,0.0451
0.0002,0.0471
0.0002,0.0506
0.0002,0.0452
0.0002,0.0429
0.0002,0.0498
0.0002,0.0464
0.0001,0.0425
0.0002,0.0364
0.0001,0.0374
0.0002,0.0410
0.0001,0.0457
0.0001,0.0417
0.0002,0.0404
0.0002,0.0385
0.0001,0.0408
0.0001,0.0401
0.0001,0.0405
0.0001,0.0373
0.0001,0.0331
0.0002,0.0508
0.0002,0.0405
0.0001,0.0408
0.0001,0.0460
0.0002,0.0373
0.0001,0.0349
0.0001,0.0352
0.0005,0.0433
0.0025,0.1286
0.0010,0.0767
0.0004,0.0412
0.0006,0.0640
0.0014,0.0993
0.0006,0.0461
0.0009,0.0728
0.0004,0.0386
0.0004,0.0366
0.0007,0.0536
0.0005,0.0569
0.0005,0.0701
0.0003,0.0486
0.0003,0.0500
0.0002,0.0387
0.0002,0.0423
0.0002,0.0475
0.0002,0.0404
0.0002,0.0402
0.0002,0.0427
0.0002,0.0398
0.0001,0.0454
0.0002,0.0377
0.0002,0.0437
0.0001,0.0409
0.0001,0.0421
0.0002,0.0362
0.0002,0.0381
0.0001,0.0382
0.0002,0.0436
0.0001,0.0431
0.0002,0.0375
0.0002,0.0425
0.0002,0.0383
0.0001,0.0448
0.0002,0.0421
0.0002,0.0419
0.0001,0.0408
0.0001,0.0413
0.0001,0.0493
0.0001,0.0435
0.0002,0.0419
0.0001,0.0405
0.0002,0.0417
0.0002,0.0441
0.0001,0.0354
0.0002,0.0443
0.0003,0.0449
0.0002,0.0440
0.0001,0.0385
0.0001,0.0399
0.0002,0.0492
0.0002,0.0390
0.0002,0.0357
0.0002,0.0458
0.0001,0.0393
0.0001,0.0433
0.0002,0.0369
0.0002,0.0385
0.0001,0.0426
0.0001,0.0470
0.0001,0.0381
0.0002,0.0355
0.0001,0.0451
0.0002,0.0399
0.0001,0.0376
0.0001,0.0436
0.0001,0.0422
0.0001,0.0445
0.0003,0.0456
0.0003,0.0401
0.0002,0.0427
0.0002,0.0391
0.0001,0.0422
0.0002,0.0425
0.0001,0.0358
0.0001,0.0413
0.0002,0.0439
0.0002,0.0426
0.0002,0.0365
0.0001,0.0406
0.0001,0.0417
0.0001,0.0382
0.0002,0.0392
0.0002,0.0402
0.0002,0.0430
0.0001,0.0370
0.0002,0.0417
0.0002,0.0399
0.0001,0.0406
0.0001,0.0386
0.0002,0.0358
0.0002,0.0421
0.0002,0.0341
0.0001,0.0418
0.0001,0.0382
0.0001,0.0362
0.0001,0.0442
0.0001,0.0426
0.0001,0.0334
0.0001,0.0365
0.0001,0.0439
0.0001,0.0332
0.0002,0.0374
0.0001,0.0395
0.0001,0.0395
0.0002,0.0370
0.0001,0.0364
0.0001,0.0349
0.0001,0.0456
0.0001,0.0369
0.0002,0.0367
0.0001,0.0410
0.0002,0.0353
0.0001,0.0444
0.0002,0.0363
0.0001,0.0399
0.0001,0.0451
0.0001,0.0436
0.0001,0.0417
0.0002,0.0347
0.0001,0.0373
0.0001,0.0353
0.0002,0.0389
0.0001,0.0438
0.0002,0.0380
0.0001,0.0401
0.0001,0.0463
0.0001,0.0467
0.0002,0.0346
0.0002,0.0392
0.0002,0.0425
0.0002,0.0441
0.0001,0.0474
0.0003,0.0388
0.0001,0.0387
0.0002,0.0375
0.0001,0.0427
0.0001,0.0424
0.0002,0.0402
0.0002,0.0407
0.0002,0.0434
0.0001,0.0457
0.0001,0.0441
0.0001,0.0408
0.0002,0.0373
0.0001,0.0438
0.0001,0.0415
0.0001,0.0428
0.0002,0.0398
0.0002,0.0342
0.0002,0.0460
0.0002,0.0436
0.0001,0.0380
0.0001,0.0416
0.0002,0.0381
0.0001,0.0361
0.0002,0.0344
0.0002,0.0366
0.0001,0.0409
0.0001,0.0415
0.0001,0.0389
0.0001,0.0392
0.0002,0.0357
0.0003,0.0490
0.0002,0.0405
0.0002,0.0445
0.0002,0.0503
0.0002,0.0483
0.0002,0.0391
0.0002,0.0420
0.0001,0.0349
0.0002,0.0506
0.0002,0.0371
0.0003,0.0562
0.0002,0.0393
0.0002,0.0355
0.0002,0.0433
0.0002,0.0435
0.0003,0.0417
0.0002,0.0440
0.0003,0.0447
0.0003,0.0486
0.0002,0.0526
0.0002,0.0546
0.0002,0.0470
0.0002,0.0486
0.0002,0.0502
0.0002,0.0547
0.0002,0.0433
0.0001,0.0386
0.0002,0.0404
0.0002,0.0381
0.0002,0.0415
0.0001,0.0489
0.0001,0.0407
0.0001,0.0359
0.0001,0.0357
0.0001,0.0364
0.0002,0.0423
0.0002,0.0389
0.0002,0.0398
0.0002,0.0478
0.0002,0.0343
0.0002,0.0397
0.0003,0.0470
0.0002,0.0418
0.0002,0.0391
0.0002,0.0412
0.0002,0.0475
0.0001,0.0407
0.0002,0.0418
0.0002,0.0364
0.0001,0.0458
0.0001,0.0419
0.0002,0.0405
0.0002,0.0377
0.0002,0.0423
0.0002,0.0396
0.0002,0.0394
0.0002,0.0426
0.0002,0.0340
0.0002,0.0444
0.0002,0.0353
0.0002,0.0445
0.0002,0.0374
0.0002,0.0418
0.0002,0.0407
0.0002,0.0406
0.0001,0.0443
0.0001,0.0375
0.0002,0.0371
0.0002,0.0403
0.0002,0.0381
0.0002,0.0372
0.0002,0.0412
0.0002,0.0381
0.0001,0.0370
0.0001,0.0397
0.0002,0.0413
0.0002,0.0370
0.0001,0.0412
0.0002,0.0446
0.0002,0.0377
0.0001,0.0358
0.0002,0.0418
0.0002,0.0350
0.0003,0.0589
0.0003,0.0608
0.0002,0.0449
0.0001,0.0361
0.0001,0.0402
0.0002,0.0353
0.0002,0.0449
0.0002,0.0411
0.0002,0.0361
0.0002,0.0464
0.0002,0.0370
0.0002,0.0394
0.0002,0.0386
0.0002,0.0424
0.0001,0.0402
0.0002,0.0436
0.0002,0.0387
0.0002,0.0392
0.0001,0.0478
0.0002,0.0374
0.0001,0.0384
0.0001,0.0422
0.0002,0.0390
0.0004,0.0559
0.0003,0.0484
0.0002,0.0440
0.0005,0.0684
0.0003,0.0488
0.0002,0.0457
0.0002,0.0497
0.0002,0.0445
0.0002,0.0410
0.0002,0.0380
0.0004,0.0609
0.0002,0.0372
0.0002,0.0386
0.0003,0.0585
0.0003,0.0485
0.0003,0.0456
0.0003,0.0526
0.0004,0.0506
0.0004,0.0514
0.0002,0.0373
0.0002,0.0374
0.0002,0.0464
0.0002,0.0408
0.0002,0.0410
0.0002,0.0377
0.0002,0.0446
0.0002,0.0400
0.0003,0.0543
0.0003,0.0475
0.0002,0.0406
0.0002,0.0383
0.0002,0.0456
0.0003,0.0465
0.0002,0.0459
0.0002,0.0411
0.0002,0.0461
0.0002,0.0400
0.0002,0.0410
0.0002,0.0456
0.0003,0.0456
0.0002,0.0458
0.0002,0.0389
0.0002,0.0480
0.0002,0.0373
0.0002,0.0396
0.0002,0.0435
0.0002,0.0483
0.0002,0.0351
0.0002,0.0361
0.0003,0.0563
0.0002,0.0435
0.0002,0.0349
0.0003,0.0578
0.0003,0.0394
0.0006,0.0687
0.0005,0.0556
0.0003,0.0514
0.0004,0.0438
0.0004,0.0427
0.0002,0.0473
0.0002,0.0497
0.0002,0.0398
0.0002,0.0385
0.0002,0.0420
0.0002,0.0465
0.0003,0.0467
0.0002,0.0492
0.0002,0.0453
0.0002,0.0446
0.0004,0.0494
0.0002,0.0437
0.0002,0.0506
0.0002,0.0473
0.0003,0.0443
0.0005,0.0642
0.0002,0.0449
0.0002,0.0600
0.0003,0.0459
0.0003,0.0463
0.0002,0.0367
0.0002,0.0499
0.0002,0.0385
0.0003,0.0445
0.0003,0.0419
0.0003,0.0455
0.0002,0.0447
0.0002,0.0463
0.0002,0.0442
0.0002,0.0444
0.0002,0.0398
0.0002,0.0408
0.0003,0.0419
0.0001,0.0392
0.0002,0.0489
0.0002,0.0344
0.0003,0.0547
0.0003,0.0605
0.0003,0.0517
0.0003,0.0486
0.0002,0.0463
0.0002,0.0419
0.0002,0.0448
0.0002,0.0387
0.0002,0.0434
0.0002,0.0448
0.0002,0.0389
0.0002,0.0466
0.0003,0.0383
0.0003,0.0367
0.0002,0.0525
0.0002,0.0410
0.0003,0.0422
0.0002,0.0362
0.0002,0.0433
0.0002,0.0403
0.0002,0.0419
0.0002,0.0453
0.0002,0.0324
0.0002,0.0414
0.0002,0.0475
0.0002,0.0414
0.0002,0.0362
0.0002,0.0315
0.0002,0.0386
0.0002,0.0517
0.0002,0.0395
0.0003,0.0425
0.0002,0.0408
0.0002,0.0398
0.0002,0.0421
0.0003,0.0574
0.0002,0.0340
0.0002,0.0347
0.0002,0.0378
0.0002,0.0439
0.0001,0.0354
0.0002,0.0467
0.0003,0.0442
0.0003,0.0455
0.0002,0.0461
0.0002,0.0360
0.0002,0.0429
0.0002,0.0404
0.0002,0.0477
0.0002,0.0382
0.0002,0.0480
0.0002,0.0399
0.0002,0.0477
0.0002,0.0498
0.0002,0.0371
0.0002,0.0403
0.0002,0.0389
0.0002,0.0472
0.0002,0.0387
0.0002,0.0436
0.0002,0.0403
0.0002,0.0404
0.0002,0.0342
0.0001,0.0386
0.0001,0.0376
0.0002,0.0419
0.0002,0.0413
0.0001,0.0397
0.0001,0.0427
0.0002,0.0408
0.0002,0.0368
0.0002,0.0487
0.0001,0.0456
0.0001,0.0416
0.0003,0.0498
0.0002,0.0485
0.0002,0.0434
0.0002,0.0459
0.0002,0.0477
0.0002,0.0497
0.0002,0.0419
0.0011,0.0820
0.0004,0.0608
0.0004,0.0656
0.0007,0.0646
0.0004,0.0491
0.0002,0.0547
0.0002,0.0641
0.0003,0.0459
0.0003,0.0417
0.0003,0.0492
0.0003,0.0442
0.0002,0.0456
0.0002,0.0431
0.0002,0.0370
0.0002,0.0413
0.0002,0.0398
0.0002,0.0411
0.0002,0.0393
0.0004,0.0587
0.0003,0.0469
0.0003,0.0423
0.0002,0.0445
0.0002,0.0427
0.0002,0.0423
0.0002,0.0412
0.0002,0.0476
0.0003,0.0393
0.0002,0.0397
0.0002,0.0347
0.0002,0.0427
0.0002,0.0448
0.0002,0.0495
0.0002,0.0428
0.0002,0.0428
0.0002,0.0437
0.0002,0.0384
0.0002,0.0398
0.0002,0.0391
0.0002,0.0507
0.0004,0.0504
0.0003,0.0395
0.0002,0.0417
0.0002,0.0377
0.0003,0.0419
0.0002,0.0404
0.0002,0.0415
0.0002,0.0397
0.0002,0.0440
0.0002,0.0380
0.0003,0.0471
0.0002,0.0486
0.0003,0.0431
0.0002,0.0432
0.0002,0.0438
0.0002,0.0503
0.0002,0.0457
0.0002,0.0407
0.0002,0.0480
0.0002,0.0427
0.0002,0.0353
0.0002,0.0354
0.0002,0.0379
0.0002,0.0352
0.0003,0.0561
0.0004,0.0447
0.0003,0.0639
0.0003,0.0398
0.0002,0.0349
0.0002,0.0441
0.0002,0.0431
0.0002,0.0347
0.0002,0.0430
0.0002,0.0434
0.0003,0.0420
0.0002,0.0414
0.0002,0.0385
0.0002,0.0416
0.0002,0.0377
0.0002,0.0399
0.0002,0.0387
0.0002,0.0341
0.0002,0.0439
0.0002,0.0418
0.0002,0.0399
0.0002,0.0361
0.0002,0.0423
0.0002,0.0365
0.0002,0.0329
0.0002,0.0460
0.0002,0.0375
0.0002,0.0356
0.0002,0.0417
0.0001,0.0441
0.0002,0.0389
0.0002,0.0462
0.0001,0.0431
0.0001,0.0410
0.0002,0.0380
0.0002,0.0411
0.0002,0.0378
0.0002,0.0393
0.0002,0.0397
0.0002,0.0429
0.0001,0.0365
0.0002,0.0350
0.0003,0.0540
0.0002,0.0350
0.0002,0.0413
0.0002,0.0453
0.0002,0.0364
0.0002,0.0416
0.0002,0.0347
0.0002,0.0342
0.0002,0.0445
0.0002,0.0472
0.0003,0.0545
0.0002,0.0470
0.0002,0.0542
0.0002,0.0430
0.0002,0.0404
0.0002,0.0428
0.0002,0.0478
0.0002,0.0435
0.0002,0.0443
0.0002,0.0497
0.0001,0.0450
0.0003,0.0383
0.0002,0.0434
0.0002,0.0419
0.0002,0.0410
0.0002,0.0396
0.0002,0.0429
0.0002,0.0404
0.0003,0.0477
0.0002,0.0418
0.0002,0.0358
0.0002,0.0397
0.0002,0.0492
0.0002,0.0420
0.0002,0.0413
0.0003,0.0505
0.0002,0.0432
0.0002,0.0449
0.0002,0.0485
0.0003,0.0481
0.0002,0.0447
0.0002,0.0489
0.0002,0.0402
0.0006,0.0600
0.0003,0.0503
0.0003,0.0638
0.0002,0.0516
0.0002,0.0558
0.0003,0.0468
0.0002,0.0505
0.0002,0.0395
0.0002,0.0400
0.0002,0.0389
0.0003,0.0462
0.0002,0.0485
0.0002,0.0527
0.0002,0.0527
0.0002,0.0512
0.0003,0.0485
0.0003,0.0492
0.0003,0.0563
0.0003,0.0550
0.0005,0.0576
0.0003,0.0524
0.0002,0.0603
0.0003,0.0476
0.0002,0.0447
0.0002,0.0400
0.0002,0.0486
0.0002,0.0465
0.0002,0.0431
0.0002,0.0427
0.0003,0.0509
0.0002,0.0605
0.0003,0.0511
0.0002,0.0460
0.0003,0.0504
0.0003,0.0533
0.0002,0.0454
0.0002,0.0462
0.0002,0.0527
0.0003,0.0517
0.0003,0.0485
0.0002,0.0553
0.0002,0.0470
0.0003,0.0526
0.0002,0.0503
0.0002,0.0478
0.0002,0.0450
0.0003,0.0444
0.0002,0.0510
0.0003,0.0438
0.0002,0.0500
0.0003,0.0409
0.0003,0.0523
0.0014,0.0796
0.0011,0.0756
0.0011,0.0777
0.0016,0.0882
0.0005,0.0535
0.0005,0.0641
0.0004,0.0429
0.0008,0.0840
0.0007,0.0572
0.0032,0.1472
0.0019,0.1163
0.0001,0.0417
0.0001,0.0370
0.0001,0.0419
0.0001,0.0419
0.0001,0.0418
0.0001,0.0437
0.0001,0.0417
0.0001,0.0417
0.0001,0.0393
0.0001,0.0430
0.0001,0.0430
0.0001,0.0405
0.0001,0.0428
0.0001,0.0451
0.0001,0.0385
0.0001,0.0416
0.0001,0.0401
0.0001,0.0417
0.0001,0.0406
0.0001,0.0388
0.0001,0.0391
0.0001,0.0398
0.0001,0.0430
0.0001,0.0392
0.0001,0.0407
0.0001,0.0391
0.0001,0.0435
0.0001,0.0424
0.0001,0.0401
0.0001,0.0404
0.0001,0.0402
0.0001,0.0414
0.0001,0.0404
0.0001,0.0413
0.0001,0.0418
0.0001,0.0416
0.0001,0.0393
0.0001,0.0393
0.0001,0.0402
0.0001,0.0399
0.0001,0.0387
0.0001,0.0396
0.0001,0.0421
0.0001,0.0413
0.0001,0.0410
0.0001,0.0378
0.0001,0.0407
0.0001,0.0398
0.0001,0.0415
0.0001,0.0450
0.0001,0.0383
0.0001,0.0393
0.0001,0.0401
0.0001,0.0415
0.0001,0.0384
0.0001,0.0407
0.0001,0.0398
0.0001,0.0367
0.0001,0.0416
0.0001,0.0396
0.0001,0.0426
0.0001,0.0396
0.0001,0.0421
0.0001,0.0407
0.0001,0.0388
0.0001,0.0430
0.0001,0.0409
0.0001,0.0392
0.0001,0.0422
0.0001,0.0422
0.0001,0.0400
0.0001,0.0393
0.0001,0.0372
0.0001,0.0395
0.0001,0.0410
0.0001,0.0413
0.0001,0.0419
0.0001,0.0440
0.0001,0.0410
0.0001,0.0409
0.0001,0.0416
0.0001,0.0412
0.0001,0.0383
0.0001,0.0382
0.0001,0.0424
0.0001,0.0386
0.0001,0.0388
0.0001,0.0416
0.0001,0.0379
0.0001,0.0394
0.0001,0.0422
0.0001,0.0392
0.0001,0.0391
0.0001,0.0420
0.0001,0.0410
0.0001,0.0448
0.0001,0.0423
0.0001,0.0388
0.0001,0.0411
0.0001,0.0429
0.0001,0.0406
0.0001,0.0408
0.0001,0.0434
0.0001,0.0423
0.0001,0.0385
0.0001,0.0385
0.0001,0.0407
0.0001,0.0449
0.0001,0.0389
0.0001,0.0414
0.0001,0.0413
0.0001,0.0410
0.0001,0.0406
0.0001,0.0430
0.0001,0.0400
0.0001,0.0392
0.0001,0.0401
0.0001,0.0409
0.0001,0.0418
0.0001,0.0440
0.0001,0.0424
0.0001,0.0408
0.0001,0.0365
0.0001,0.0413
0.0001,0.0423
0.0001,0.0400
0.0001,0.0413
0.0001,0.0388
0.0001,0.0376
0.0001,0.0420
0.0001,0.0409
0.0001,0.0416
0.0001,0.0412
0.0001,0.0441
0.0001,0.0392
0.0001,0.0395
0.0001,0.0386
0.0001,0.0417
0.0001,0.0403
0.0001,0.0407
0.0001,0.0406
0.0001,0.0386
0.0001,0.0432
0.0001,0.0401
0.0001,0.0399
0.0001,0.0403
0.0001,0.0394
0.0001,0.0392
0.0001,0.0393
0.0001,0.0413
0.0001,0.0388
0.0001,0.0401
0.0001,0.0395
0.0001,0.0432
0.0001,0.0430
0.0001,0.0430
0.0001,0.0401
0.0001,0.0399
0.0001,0.0428
0.0001,0.0383
0.0001,0.0413
0.0001,0.0431
0.0001,0.0411
0.0001,0.0385
0.0001,0.0425
0.0001,0.0387
0.0001,0.0411
0.0001,0.0416
0.0001,0.0423
0.0001,0.0413
0.0001,0.0389
0.0001,0.0386
0.0001,0.0433
0.0001,0.0405
0.0001,0.0427
0.0001,0.0377
0.0001,0.0388
0.0001,0.0400
0.0001,0.0410
0.0001,0.0421
0.0001,0.0398
0.0001,0.0391
0.0001,0.0415
0.0001,0.0416
0.0001,0.0393
0.0001,0.0403
0.0001,0.0396
0.0001,0.0392
0.0001,0.0393
0.0001,0.0423
0.0001,0.0396
0.0001,0.0391
0.0001,0.0425
0.0001,0.0408
0.0001,0.0386
0.0001,0.0410
0.0001,0.0416
0.0001,0.0420
0.0001,0.0374
0.0001,0.0395
0.0001,0.0388
0.0001,0.0419
0.0001,0.0378
