47.9940,46.4984
29.4708,27.9462
29.4708,27.9462
37.1670,35.6548
26.3361,24.8061
40.8401,39.3336
28.9418,27.4163
37.9326,36.4215
24.1705,22.6372
43.7703,42.2685
16.3677,14.8214
28.8923,27.3665
28.8923,27.3665
36.6306,35.1172
24.2479,22.7150
38.3744,36.8639
28.7223,27.1976
37.0556,35.5429
24.4126,22.8787
32.7600,31.2408
31.0282,29.5064
30.7434,29.2182
30.7429,29.2156
27.6286,26.1044
26.4610,24.9436
21.6482,20.1107
22.1711,20.6271
22.2577,20.7228
22.9567,21.4297
22.4247,20.8941
22.1010,20.5679
22.6305,21.0903
22.6252,21.0940
22.1011,20.5481
22.2996,20.7611
22.2176,20.7021
22.4213,20.8829
22.2195,20.6844
22.3793,20.8306
22.2252,20.6875
22.4664,20.9323
22.2121,20.6776
22.2140,20.6815
22.4729,20.9259
22.5201,20.9858
22.1611,20.6246
22.5066,20.9700
22.4027,20.8325
22.2217,20.6839
22.4548,20.9184
22.4928,20.9550
22.2817,20.7464
22.2840,20.7402
22.6314,21.1193
22.2650,20.7054
22.2123,20.6745
22.6991,21.1594
22.3785,20.8531
22.1693,20.6341
22.2968,20.7417
22.4978,20.9451
22.2673,20.7100
22.2687,20.7197
22.1982,20.6480
22.8646,21.3318
22.0060,20.4541
22.8703,21.3258
22.2417,20.6969
22.1377,20.5991
22.8614,21.3106
21.8509,20.3015
22.3477,20.7950
22.3483,20.8102
22.5037,20.9716
22.2399,20.6960
22.4760,20.9521
22.2210,20.6579
22.6214,21.0806
22.3313,20.7802
22.2061,20.6450
22.6608,21.1036
21.9348,20.3844
21.9288,20.3778
23.4181,21.8787
21.7832,20.2401
22.5656,21.0259
22.1515,20.6034
22.5609,21.0106
22.4189,20.8641
21.9915,20.4475
22.4325,20.8730
22.3113,20.7504
22.3088,20.7504
22.6084,21.0576
22.4422,20.9048
22.1980,20.6634
22.6195,21.0926
22.1567,20.6059
22.4864,20.9235
47.9940,46.4984
22.5705,21.0373
29.4708,27.9462
22.1466,20.5978
29.4708,27.9462
22.2503,20.6949
37.1670,35.6548
22.2600,20.6900
26.3361,24.8061
22.6207,21.0683
40.8401,39.3336
21.9717,20.4140
28.9418,27.4163
22.4409,20.8942
37.9326,36.4215
22.7698,21.2191
24.1705,22.6372
21.8679,20.2993
43.7703,42.2685
23.1447,21.5954
16.3677,14.8214
21.4858,19.9292
28.8923,27.3665
22.9456,21.3841
28.8923,27.3665
21.7930,20.2444
21.7944,20.2380
23.1779,21.6346
21.3995,19.8675
22.8069,21.2420
21.9308,20.3913
22.6118,21.0648
22.1946,20.6433
22.4616,20.9201
22.2551,20.7083
22.3287,20.7815
22.3293,20.7874
22.3902,20.8375
22.2881,20.7537
22.6835,21.1283
22.0166,20.4560
22.7920,21.2361
21.9878,20.4368
22.4711,20.9354
22.1970,20.6341
22.5379,21.0046
22.5468,21.0062
22.0715,20.5420
22.6740,21.1224
21.7546,20.1958
23.0557,21.4937
21.6016,20.0559
22.6599,21.1148
21.7903,20.2487
22.8629,21.3344
21.6322,20.1039
21.6360,20.0910
23.3778,21.8158
21.7593,20.2009
22.8967,21.3326
21.8967,20.3467
22.4682,20.9091
22.4765,20.9311
22.0609,20.5085
22.2780,20.7385
22.6952,21.1555
22.6938,21.1601
21.5928,20.0574
22.7872,21.2313
22.0192,20.4637
22.3985,20.8591
22.2210,20.6788
22.3751,20.8426
22.1324,20.5883
22.4533,20.9020
22.3911,20.8325
22.3825,20.8432
22.0847,20.5427
22.6614,21.1293
22.1361,20.5782
22.3402,20.7923
22.2530,20.7249
22.5390,21.0024
21.9612,20.4237
23.0406,21.4900
21.5672,20.0053
21.5688,20.0288
23.0613,21.5334
21.5281,19.9747
22.7373,21.2127
21.7414,20.1993
22.5836,21.0512
22.0157,20.4621
22.8260,21.2798
21.6327,20.0909
22.7708,21.2206
22.7751,21.2178
21.8748,20.3468
22.4933,20.9457
22.1709,20.6126
22.2565,20.7204
22.5102,20.9619
22.3271,20.7869
21.8490,20.3183
22.9607,21.4215
22.0811,20.5230
22.0788,20.5235
23.9072,22.3646
22.0633,20.5069
23.3235,21.7769
21.9737,20.4205
22.4595,20.9240
21.8074,20.2667
22.7963,21.2744
21.9927,20.4515
22.3977,20.8527
22.3779,20.8451
22.1624,20.6078
22.2574,20.7301
22.5722,21.0495
22.1450,20.5913
22.5090,20.9759
22.2375,20.6935
22.1833,20.6596
22.5547,21.0284
22.4731,20.9480
22.4624,20.9242
23.2509,21.7337
22.3736,20.8843
21.6981,20.1841
22.9477,21.5067
21.5643,20.0475
23.1244,21.6187
21.6321,20.1479
22.4796,20.9681
22.2628,20.7633
22.2818,20.7715
22.5022,21.0015
22.1808,20.6776
22.2978,20.8234
22.5690,21.0578
22.1479,20.6824
22.0211,20.4871
22.5518,21.0210
22.4217,20.9169
22.1298,20.6306
22.1140,20.6635
22.5833,21.0732
22.4890,20.9776
21.5706,20.0454
22.3901,20.8895
22.3592,20.8832
22.4148,20.9465
22.4306,20.9387
22.2459,20.7605
22.7382,21.2479
22.7362,21.2468
21.9625,20.4590
22.1605,20.6425
22.4089,20.8841
22.6277,21.1192
22.2594,20.8018
22.0058,20.4851
22.2162,20.7536
22.4562,20.9464
22.5912,21.1096
22.6114,21.0608
21.9445,20.4532
22.4697,21.0117
22.5343,21.0490
21.9833,20.4387
22.3422,20.8771
22.3905,20.8589
22.0387,20.5678
22.3722,20.8842
22.3634,20.8628
22.3576,20.8739
21.9388,20.4298
22.4930,20.9617
22.5072,20.9880
22.2108,20.6700
22.4317,20.9176
22.1184,20.6540
22.2924,20.7949
22.0439,20.5279
22.2355,20.7376
22.2563,20.7167
22.4760,20.9531
22.4360,20.9366
22.0893,20.6445
22.3965,20.8994
21.8506,20.3623
22.1541,20.6309
22.2672,20.7473
22.0952,20.5788
22.1147,20.5643
22.0919,20.5979
22.4921,20.9537
22.4929,20.9674
22.1857,20.7259
21.9850,20.4607
22.6070,21.0814
22.5127,21.0256
21.7037,20.1655
22.9337,21.3878
22.3639,20.8658
22.3839,20.8596
22.0531,20.4786
22.4664,20.9640
22.0176,20.5047
22.3201,20.7896
22.0853,20.6185
22.0410,20.5561
22.8629,21.3502
22.3316,20.8188
21.8135,20.3326
21.7977,20.3141
22.5552,21.0552
22.3969,20.8807
22.0204,20.5056
22.6405,21.1337
21.7012,20.1806
22.7182,21.2348
21.7470,20.2305
22.5553,21.0066
21.9943,20.4852
21.9985,20.4822
22.7450,21.2745
22.3080,20.8079
21.7729,20.2569
22.3314,20.8168
22.3046,20.8046
22.2156,20.7244
22.3454,20.8228
21.8535,20.3764
22.3692,20.8571
22.3662,20.8634
22.2695,20.7194
21.7504,20.2681
22.7424,21.2186
22.3376,20.8433
22.3444,20.7823
21.9902,20.4954
22.5115,20.9833
22.3862,20.8669
21.7662,20.2586
21.7581,20.2504
22.4724,20.9499
22.2420,20.6898
22.3472,20.8005
22.3158,20.8232
22.2469,20.7319
22.3461,20.8983
22.4548,20.8927
21.8068,20.3253
22.7839,21.3224
22.7967,21.3222
21.7484,20.2337
22.0525,20.4995
21.7877,20.3077
22.3322,20.8073
22.0284,20.5052
22.2072,20.7145
21.9750,20.4715
22.4097,20.9224
22.1163,20.6241
22.1299,20.6252
22.4583,20.9200
22.0019,20.4370
21.9565,20.3809
22.1919,20.6796
22.5031,20.9656
22.1657,20.6339
21.5657,20.0283
22.6415,21.1703
22.3480,20.8220
22.3784,20.8493
22.0903,20.5469
22.2033,20.6386
22.5041,20.9240
22.5435,21.0123
22.2113,20.6775
22.0924,20.5708
22.1324,20.6068
22.2920,20.7932
22.1057,20.6064
22.1561,20.6220
22.6702,21.2048
22.3644,20.8173
21.9363,20.4219
22.3447,20.8388
22.3328,20.7897
22.3651,20.8722
22.0067,20.4819
22.4120,20.9009
22.0285,20.4891
22.0145,20.4768
22.8323,21.2965
22.2549,20.7327
22.1173,20.5913
22.1359,20.6362
22.4646,20.8808
22.3422,20.8834
22.2858,20.7933
22.3577,20.8545
21.7359,20.1872
21.6776,20.2347
22.5799,21.0447
22.0472,20.4863
22.0638,20.5272
22.6893,21.1960
21.7631,20.2413
22.1979,20.6567
22.4109,20.9093
21.5091,19.9476
22.1911,20.6968
22.2597,20.6473
21.5723,20.0096
21.5764,20.0261
21.7597,20.2740
21.9983,20.4729
21.7173,20.2267
21.3339,19.8097
21.8036,20.2621
22.0449,20.5055
21.7514,20.2013
21.7588,20.1867
21.6977,20.2119
21.8948,20.3493
22.0229,20.5420
21.5342,20.0277
21.6270,20.1070
21.6098,20.0893
21.9244,20.4333
21.7961,20.3180
21.8023,20.2643
21.7769,20.3049
21.7179,20.1979
21.7236,20.1779
21.8892,20.3716
22.0032,20.4774
21.7698,20.2456
21.5700,20.0203
21.7095,20.1917
21.7523,20.2393
21.7273,20.2090
21.7160,20.2017
22.2532,20.7103
21.5289,20.0007
21.7429,20.2240
22.1033,20.5596
21.2666,19.7258
21.7919,20.2844
22.1386,20.6108
21.3769,19.8541
21.9230,20.4002
21.9222,20.4139
21.6534,20.0836
21.6184,20.0777
21.8295,20.3240
21.7461,20.2210
21.6689,20.1317
21.7939,20.2640
21.8448,20.3831
21.8370,20.2709
21.7020,20.1742
21.6764,20.1587
21.9858,20.4864
21.8512,20.3202
21.7460,20.2120
22.0239,20.5236
21.8420,20.3437
21.7205,20.1586
21.9464,20.4106
21.8114,20.2657
21.8476,20.3020
21.8237,20.3321
21.7807,20.2141
21.7523,20.2596
21.6731,20.1389
22.0458,20.5238
21.6059,20.0651
21.9055,20.3793
21.6756,20.1380
22.0448,20.5200
21.4121,19.8607
21.4562,19.8765
21.9178,20.3859
21.8724,20.3299
21.8945,20.3511
22.4581,20.8944
21.5419,20.0062
22.0537,20.5352
21.5583,20.0832
22.6530,21.1734
21.2634,19.7350
21.2870,19.7201
22.5907,21.0459
22.0633,20.5634
21.8636,20.3439
21.9646,20.4194
21.5928,20.0780
22.2745,20.7182
21.6266,20.1452
22.1601,20.6412
21.8628,20.2991
21.8729,20.3511
21.7280,20.2190
21.5146,20.0132
22.2215,20.6712
21.9695,20.4397
21.7288,20.1870
22.3488,20.8038
21.8483,20.3381
21.8652,20.3448
21.7095,20.1514
21.6604,20.1425
21.9655,20.5072
22.0360,20.4631
21.9556,20.3598
22.1975,20.6536
21.3804,19.8853
22.3568,20.8012
21.7975,20.2297
21.9573,20.4286
21.6914,20.1778
21.6904,20.1533
22.4113,20.8786
21.8610,20.2973
22.1134,20.6475
21.6004,20.0733
22.0994,20.5862
21.7910,20.2634
22.0752,20.5556
21.9335,20.3947
21.7753,20.2600
21.7746,20.2596
22.4014,20.8614
21.7014,20.1797
22.3045,20.7701
21.7717,20.2308
22.5224,20.9695
22.0325,20.4874
21.7057,20.2003
22.3406,20.8296
21.9515,20.4133
21.9489,20.4210
21.9102,20.3803
21.7057,20.1998
21.9288,20.4345
22.1794,20.6482
21.8083,20.2365
21.8201,20.3204
22.1209,20.5956
21.8634,20.3821
22.0539,20.5529
22.1131,20.5478
22.0315,20.5440
21.8721,20.3101
21.7561,20.2466
22.1788,20.6562
22.2519,20.6989
21.8334,20.3757
22.0125,20.5046
22.1960,20.6671
22.3715,20.8730
22.3790,20.8874
22.1956,20.6626
22.2410,20.7388
21.9722,20.4424
22.1427,20.6768
22.0858,20.5523
22.3958,20.9058
21.7434,20.2444
22.0015,20.4259
22.3980,20.9140
22.4386,20.8986
22.0256,20.4927
22.1527,20.6655
21.8541,20.3507
22.0789,20.5770
22.4392,20.9395
21.8582,20.3147
21.9314,20.4074
22.3012,20.7617
22.2257,20.7388
22.2260,20.6940
22.0238,20.5177
22.1957,20.6741
22.3611,20.8632
22.3971,20.9149
21.9478,20.4487
21.9766,20.4629
22.9038,21.4204
21.4923,19.9165
22.3857,20.9090
22.3811,20.8762
22.0779,20.5393
21.8702,20.3253
21.9540,20.4515
22.3949,20.8725
22.0216,20.5065
21.9802,20.4738
22.0189,20.4929
22.3900,20.8915
21.8967,20.3849
21.8624,20.3783
22.2444,20.6837
22.2066,20.7185
22.0541,20.5130
22.1775,20.6268
22.4269,20.9483
22.1938,20.6622
22.2564,20.7674
22.1951,20.6506
22.3021,20.8075
22.2721,20.7494
22.0204,20.5304
22.3441,20.8260
21.8350,20.2907
22.2696,20.7783
21.8441,20.3225
22.8878,21.3486
22.0410,20.5503
22.2418,20.7007
22.2705,20.7178
22.2774,20.7292
21.6830,20.1602
22.3459,20.8065
21.7120,20.2137
22.5099,20.9758
21.9420,20.4320
22.3351,20.8684
21.9264,20.4143
22.1626,20.6498
22.2106,20.7331
22.2412,20.7011
21.9982,20.4278
22.4231,20.8976
22.3300,20.7951
21.9220,20.3976
22.2916,20.7618
22.4011,20.8616
21.7739,20.2555
22.4795,20.9603
22.0922,20.5826
22.0956,20.5665
22.3512,20.8268
22.1458,20.6534
22.2406,20.7404
21.7718,20.2479
22.6249,21.1312
22.1117,20.6306
21.9935,20.5086
21.9713,20.4276
21.9773,20.4797
21.9680,20.4407
21.6208,20.1376
21.9739,20.4355
22.0905,20.5647
22.5733,21.0818
22.8407,21.3070
22.3255,20.7904
22.2064,20.6959
22.0124,20.5039
21.8487,20.3192
21.8386,20.2849
22.8163,21.2302
21.5831,20.0589
22.3000,20.8119
21.8451,20.3468
21.4198,19.8728
23.3513,21.7835
22.2469,20.7238
22.0284,20.5204
21.5372,20.0271
21.5597,19.9984
22.0159,20.5078
21.5206,20.0364
21.7917,20.2383
22.0153,20.4860
21.8728,20.3573
21.9768,20.4266
22.1021,20.5891
21.9920,20.4555
22.1185,20.5667
22.1242,20.5793
22.0922,20.5090
21.8532,20.3390
22.0443,20.5159
22.0541,20.5620
21.7510,20.2473
22.3676,20.8265
22.1500,20.6233
22.1113,20.6526
22.0371,20.5193
22.0733,20.5401
22.5679,21.0336
21.9135,20.3668
22.0430,20.5186
21.7826,20.2481
22.2840,20.7620
21.9807,20.4337
22.2638,20.7274
22.3847,20.8611
21.9903,20.4906
21.9952,20.4267
22.4490,20.8827
21.9512,20.4379
22.2910,20.8149
22.3304,20.7747
22.1842,20.6553
21.8602,20.3238
21.9919,20.4630
22.0585,20.5121
22.0961,20.5404
22.1070,20.5431
22.3306,20.8124
22.4189,20.9275
22.4472,20.9683
22.7173,21.1824
21.9636,20.4508
22.4210,20.8880
22.4473,20.9206
22.2330,20.7196
22.0764,20.5210
22.0459,20.5500
22.0972,20.6093
22.0962,20.6302
22.3999,20.8985
21.9859,20.4735
22.5914,21.0745
22.3842,20.8554
21.8207,20.3120
22.6113,21.1375
21.7309,20.2432
21.7082,20.2195
21.8449,20.3072
21.9687,20.3837
22.3611,20.8658
21.3861,19.8921
22.3908,20.9169
22.3737,20.8616
22.4007,20.9001
22.3056,20.7637
22.1166,20.6054
22.0837,20.6147
22.0861,20.5450
22.0935,20.5819
21.7895,20.3021
22.4244,20.8943
22.2176,20.7175
22.0568,20.5113
22.1687,20.6873
22.0854,20.5611
21.7703,20.2052
21.7902,20.2275
22.1008,20.6236
22.2804,20.7307
22.5921,21.0664
22.3222,20.8069
22.0846,20.5321
22.1658,20.6694
22.1210,20.6633
22.6240,21.1203
22.2074,20.7276
22.2175,20.7124
22.0176,20.4691
22.0310,20.5285
22.5860,21.0487
21.9538,20.4831
21.9795,20.4704
22.3641,20.8497
22.3520,20.8393
21.9472,20.4478
21.9533,20.4753
21.9724,20.4878
22.4439,20.8953
22.1823,20.6499
22.0295,20.4885
22.4066,20.8609
21.8987,20.3791
22.3949,20.9018
22.4478,20.8897
22.1772,20.6565
22.2132,20.6666
22.2150,20.6626
22.2153,20.7660
22.4694,20.9456
22.1655,20.6305
22.3095,20.7517
22.1815,20.6383
22.2910,20.7568
22.2310,20.7553
21.7264,20.2004
21.9117,20.3649
21.8974,20.3471
22.4391,20.9168
21.8787,20.3427
22.1789,20.6104
22.1621,20.6541
22.4580,20.9313
22.2636,20.7961
22.1576,20.6387
22.2666,20.7572
22.2607,20.7046
22.2320,20.7698
22.0693,20.5755
22.0450,20.5803
22.4374,20.9398
22.0732,20.5740
22.4238,20.8977
22.9940,21.4757
22.0037,20.4760
22.0408,20.5668
21.5382,20.0435
21.5581,20.0586
22.0994,20.5785
22.1639,20.6752
21.9283,20.4412
22.6667,21.1917
22.0780,20.5451
22.2810,20.7927
22.0227,20.5412
22.2847,20.7854
22.1984,20.6825
22.2051,20.7110
22.2710,20.8119
22.3688,20.8264
21.9734,20.4629
22.1736,20.6376
22.3300,20.8582
22.1214,20.6671
22.0038,20.4725
21.8509,20.3321
22.3112,20.8089
22.3313,20.8394
21.8578,20.3476
22.0773,20.5631
22.3277,20.8098
22.3879,20.8807
22.1207,20.6128
22.2223,20.6953
21.9614,20.4338
22.2135,20.6425
22.4080,20.8694
22.3611,20.8616
21.8818,20.3830
21.7773,20.2863
22.2501,20.7844
22.7290,21.2609
22.4710,20.9379
21.9104,20.3695
22.0326,20.5724
22.3742,20.8289
22.4257,20.9606
22.4503,20.9200
22.2578,20.7580
21.8956,20.3787
21.9893,20.4560
22.4898,21.0024
21.9542,20.4678
22.2785,20.8119
22.1492,20.6336
21.6617,20.1865
22.3824,20.8849
22.4069,20.8821
22.1768,20.6702
22.1381,20.6427
22.2376,20.7406
21.8745,20.3801
22.2069,20.7053
21.9401,20.4161
22.0679,20.5612
22.3963,20.9004
22.1441,20.6327
22.1693,20.6271
21.9515,20.4681
22.1356,20.6519
22.2143,20.7336
22.2925,20.7949
22.0505,20.6091
22.2256,20.7232
22.5267,21.0319
22.0583,20.5517
22.0253,20.5019
22.0334,20.4953
22.3558,20.8440
21.9715,20.5220
22.2030,20.6864
22.1636,20.6193
22.0053,20.4867
21.5401,20.0208
21.7025,20.1928
22.1600,20.6345
22.3322,20.8318
22.3405,20.7859
21.7624,20.2394
21.8021,20.2406
22.1115,20.5796
21.9101,20.4204
22.1752,20.6236
22.3093,20.8021
22.3944,20.8766
22.1071,20.5776
21.8234,20.3330
21.8505,20.3281
21.6497,20.1568
22.5483,21.0048
22.2461,20.6978
21.9567,20.4082
22.4754,20.9454
22.3177,20.8117
22.2662,20.7625
22.3470,20.8686
22.3053,20.7453
22.2896,20.7798
22.3497,20.8216
21.8109,20.2983
21.8393,20.3139
22.1699,20.6589
22.5800,21.0598
22.6806,21.1581
22.4944,20.9730
22.0197,20.5121
21.7652,20.2777
21.7772,20.2270
22.2670,20.7280
22.3680,20.8629
21.9031,20.3897
22.1302,20.6144
22.1275,20.6272
22.1082,20.5917
22.5229,21.0491
22.1739,20.6824
22.1866,20.6951
22.2117,20.7416
22.0455,20.5318
22.1532,20.6346
22.2864,20.7745
22.2298,20.7335
22.3671,20.8977
21.9681,20.4386
22.2707,20.7534
22.3722,20.8829
22.3401,20.8494
22.3783,20.8636
21.7795,20.2532
21.6907,20.1942
21.0644,19.5104
21.0215,19.4490
23.3091,21.7934
20.0599,18.5545
22.0148,20.4216
20.2449,18.6904
23.2454,21.6842
23.1809,21.6333
20.8863,19.3741
19.3513,17.8492
22.1612,20.7668
20.2933,18.7652
22.1385,20.6074
21.2198,19.7007
21.9914,20.4590
21.9147,20.3943
21.8155,20.2741
21.8350,20.2554
21.4827,19.9850
21.4185,19.8716
22.3172,20.7923
21.6149,20.0772
21.3823,19.8453
22.0750,20.5177
21.5934,20.0964
21.7411,20.2138
21.9353,20.4161
21.9267,20.4359
21.4905,19.9417
21.7750,20.2762
22.0170,20.4557
21.6896,20.1329
21.8127,20.2704
21.8497,20.3399
21.8473,20.3029
22.2298,20.6554
21.9019,20.3887
21.9138,20.3695
21.4021,19.9005
21.9249,20.3854
21.8164,20.3058
22.4871,20.9476
21.8515,20.3057
21.9460,20.4380
21.8140,20.2653
22.3972,20.8317
21.6886,20.1483
21.6580,20.1595
22.0946,20.5747
21.8676,20.3259
21.8918,20.3936
21.9801,20.4637
22.1306,20.6194
21.6724,20.1622
21.8810,20.3664
21.7278,20.1969
21.8555,20.3141
21.8465,20.3298
22.2996,20.7747
21.8121,20.2877
21.6620,20.1085
22.0092,20.5024
22.0651,20.5075
21.9303,20.3903
22.1573,20.6067
21.8479,20.3163
21.9973,20.4660
22.0026,20.4509
22.1319,20.6128
21.9582,20.4178
21.8068,20.2362
22.2800,20.7733
22.2433,20.7363
21.7387,20.2099
21.7145,20.1830
22.0743,20.5716
21.8627,20.3198
21.8528,20.3161
22.3693,20.8447
21.9884,20.4702
21.8232,20.2844
21.7985,20.2996
22.0402,20.4631
22.2367,20.6806
22.0515,20.5386
22.2632,20.6777
21.8181,20.2573
21.8454,20.2909
22.3338,20.7981
21.7389,20.2435
21.6413,20.0878
22.0157,20.5149
22.3183,20.7678
21.8831,20.3655
22.1558,20.6249
21.7320,20.1451
22.2091,20.7176
22.2635,20.6904
22.0893,20.5401
22.3616,20.7934
22.1578,20.6068
21.7982,20.2671
21.4324,19.9020
22.3082,20.7681
21.8967,20.3343
22.1788,20.6881
22.1580,20.6468
22.1300,20.6275
21.9512,20.4262
22.0856,20.5658
21.8541,20.3572
22.2334,20.6947
21.8602,20.3513
22.3945,20.8836
21.9127,20.3677
22.4283,20.8527
22.3263,20.8146
22.3287,20.8035
21.9702,20.4671
22.0202,20.5309
22.1299,20.6089
21.7860,20.3139
22.0287,20.4812
22.0613,20.5521
22.6825,21.1906
21.8369,20.2774
22.6140,21.0877
22.6214,21.0808
21.6361,20.1518
22.6038,21.1171
21.7857,20.3018
22.3003,20.7923
22.0788,20.5567
22.4114,20.8821
22.1480,20.5923
21.9771,20.4728
21.7266,20.2762
21.7346,20.2559
21.7356,20.2225
21.9438,20.4709
22.4790,20.9550
22.3321,20.8087
21.9819,20.4776
22.0289,20.5491
21.9186,20.3861
21.7425,20.1814
22.3239,20.8096
22.3254,20.8112
21.9716,20.4588
22.3717,20.8435
21.7668,20.2204
22.3591,20.8493
21.6611,20.1206
21.9487,20.4431
22.0322,20.5246
21.9993,20.4362
22.5469,21.0099
22.5508,21.0200
21.9076,20.3877
22.4020,20.9105
21.7322,20.1723
21.6874,20.1318
22.0582,20.5633
22.3031,20.7905
22.4854,20.9922
22.1270,20.6250
22.1020,20.6015
22.1144,20.6452
22.0667,20.5084
21.7689,20.2515
22.5721,21.1329
21.9144,20.3853
21.9740,20.4645
22.1919,20.6894
22.1492,20.6471
22.2098,20.6911
21.9296,20.4300
21.9347,20.4089
22.5377,21.0063
22.3560,20.7858
21.6898,20.2200
22.1684,20.6165
22.6245,21.1115
21.4824,19.9974
22.1713,20.6435
22.3625,20.8196
22.0004,20.4593
21.9876,20.4714
22.0294,20.5009
22.5425,21.0308
22.1148,20.6117
22.3521,20.8655
21.7900,20.2662
22.4553,20.9439
21.9464,20.4575
21.9607,20.4211
22.4695,20.9558
22.4577,20.9221
21.9589,20.4059
22.1600,20.6245
22.0232,20.5121
22.3118,20.7825
22.5951,21.1075
22.8918,21.3856
22.2842,20.7549
22.4322,20.9121
22.3150,20.7799
22.3218,20.7766
22.4063,20.9004
21.7148,20.2583
21.7266,20.2111
22.3168,20.8271
22.1594,20.6252
22.0088,20.5109
22.1953,20.6566
21.9333,20.4451
22.2645,20.7699
22.2859,20.8081
22.1743,20.6578
22.4446,20.8964
22.0448,20.5422
22.2243,20.7263
22.2084,20.7130
22.2241,20.6884
22.1198,20.6288
21.9697,20.4327
22.1687,20.6817
22.1676,20.6792
22.3099,20.8210
22.0079,20.4960
22.1026,20.5747
22.3761,20.8430
21.9253,20.3611
22.5195,20.9949
22.0886,20.5584
22.2958,20.7824
22.4813,20.9874
22.5113,20.9728
22.3379,20.8696
21.8254,20.3188
22.2901,20.8410
22.0923,20.5809
22.0044,20.5010
22.5627,21.0246
21.9604,20.4403
22.1663,20.6672
21.9612,20.5026
21.9964,20.4791
22.2953,20.7457
21.8767,20.3342
22.0340,20.4940
22.0180,20.5111
22.5185,21.0260
22.2633,20.7719
22.1402,20.6436
22.2705,20.7235
22.0874,20.5388
22.0959,20.5822
22.2238,20.6887
22.1160,20.6068
21.4946,19.9579
22.3888,20.8589
21.2344,19.6716
22.5146,20.9700
22.1828,20.6832
22.0145,20.4877
21.6233,20.0917
21.6207,20.1132
22.3468,20.7964
22.1024,20.5508
21.7815,20.3192
21.7389,20.2011
21.7782,20.2473
22.2691,20.7406
22.2091,20.6869
21.7885,20.2617
22.0460,20.4811
22.0252,20.5414
22.3649,20.8018
22.2936,20.7219
22.3163,20.7890
21.9782,20.4460
22.1170,20.5970
21.7620,20.2526
21.7499,20.2416
21.9456,20.4221
22.2637,20.7489
22.2665,20.7324
21.7673,20.2221
22.3222,20.7902
21.6494,20.1106
21.9986,20.5162
21.6917,20.1547
22.4990,20.9560
22.1877,20.6134
21.5410,20.0164
21.9654,20.4727
21.9763,20.4156
22.2292,20.6873
21.9093,20.3973
22.1279,20.6366
22.2009,20.7045
21.9786,20.4945
21.8869,20.3586
22.3156,20.8055
21.6541,20.1423
21.8568,20.3376
21.8694,20.3617
21.7395,20.2310
22.2744,20.7582
22.1241,20.6166
22.4198,20.8906
22.1790,20.6246
22.1323,20.6318
21.5333,19.9962
22.2456,20.7348
21.9032,20.3745
21.9014,20.3822
21.9157,20.4250
22.1787,20.6867
22.2431,20.7055
22.2923,20.7553
21.9819,20.4793
22.0134,20.4779
21.9475,20.4109
22.3519,20.7634
22.1453,20.5878
22.1312,20.6183
21.8107,20.2886
21.6528,20.1415
21.9292,20.3675
22.4540,20.9346
21.6266,20.1344
22.0524,20.5386
22.0517,20.5752
21.9517,20.4211
22.0507,20.5032
22.0366,20.5068
22.4687,20.9816
22.7114,21.1733
22.2700,20.7517
22.0161,20.4870
22.1275,20.5800
21.9997,20.4629
22.4611,20.9756
21.9930,20.4575
22.3204,20.7877
22.3121,20.8011
21.4714,19.9825
21.7038,20.1974
22.2324,20.7030
21.8029,20.2964
22.0825,20.5581
21.9068,20.3669
22.0889,20.5475
22.0517,20.5303
22.1638,20.6454
22.1962,20.6111
22.0068,20.4988
22.3356,20.7826
21.9193,20.3925
21.7720,20.2535
22.2799,20.7902
22.5180,21.0032
22.1928,20.6973
21.6537,20.1336
22.4218,20.8686
22.4362,20.8786
22.2483,20.7489
22.1954,20.6801
22.0468,20.5483
22.2230,20.6730
21.9268,20.4276
21.8618,20.3269
22.1119,20.5658
21.9141,20.4164
22.0608,20.5691
22.0704,20.5650
22.5878,21.0237
22.2082,20.6651
21.7254,20.2165
21.7586,20.2327
22.3546,20.8687
21.5221,19.9868
21.7145,20.1485
22.3347,20.8087
21.8202,20.3578
21.8785,20.3321
21.9115,20.3834
22.1440,20.6015
22.2939,20.7737
22.3225,20.7869
22.1116,20.5621
22.3445,20.8719
21.6987,20.1834
22.4645,20.9630
22.4025,20.8489
22.3770,20.8716
22.3530,20.8796
22.1292,20.6707
22.3202,20.7490
21.9975,20.4821
21.9369,20.4198
22.3158,20.7927
22.3526,20.9056
21.9417,20.4711
22.0998,20.6044
22.1013,20.5811
22.8654,21.3375
21.2886,19.7577
22.6508,21.1762
22.3814,20.7997
21.7890,20.2422
21.2262,19.7158
21.9782,20.4612
22.0295,20.5175
21.5204,19.9671
21.4848,19.9496
22.8330,21.3586
22.0704,20.5449
22.3514,20.8637
22.3333,20.8103
22.2044,20.7332
22.4486,20.8819
22.4548,20.9208
21.9029,20.4300
22.2981,20.7811
22.2922,20.8098
21.9628,20.4370
22.6693,21.1379
22.3096,20.8169
22.2245,20.7006
22.3137,20.8125
22.1472,20.6573
22.1222,20.6065
22.1665,20.6140
22.2897,20.7884
22.2584,20.7624
22.1416,20.6552
22.2284,20.7842
22.2024,20.7215
22.1628,20.6822
22.4487,20.9084
22.2988,20.7627
22.1306,20.5993
22.1186,20.6294
22.0364,20.5023
22.0395,20.5242
22.3905,20.9379
22.2499,20.7809
22.0957,20.5931
22.1169,20.5747
22.2664,20.8211
22.7566,21.2870
22.1434,20.6027
22.3796,20.8891
21.7834,20.2911
21.7912,20.2812
22.1975,20.6983
22.3274,20.8482
22.1775,20.6865
22.6155,21.1186
22.6155,21.1210
21.9060,20.3946
22.3940,20.8787
22.1921,20.6726
22.4933,20.9775
22.5064,20.9918
21.9341,20.4674
22.1975,20.7151
22.2305,20.7703
22.2560,20.7250
22.0302,20.5322
22.0722,20.5242
22.2939,20.7877
22.1652,20.6662
22.3386,20.8347
22.2941,20.7922
22.2877,20.7575
22.4006,20.8821
21.7801,20.2568
22.3772,20.8698
22.0636,20.5554
22.5422,21.0766
22.2052,20.7143
22.1365,20.5981
22.1545,20.6519
22.1455,20.6446
22.1065,20.5783
22.2397,20.7324
22.0966,20.5817
22.5655,21.0548
22.2821,20.7990
22.1673,20.6785
22.3108,20.8516
22.2901,20.7672
22.3488,20.8499
22.3732,20.8330
22.0103,20.5034
21.9329,20.4336
22.5141,20.9562
22.2922,20.7880
22.3850,20.8562
22.0462,20.5661
22.2704,20.7453
21.9252,20.3992
22.4880,21.0369
22.5152,21.0402
22.0932,20.5683
22.0557,20.5347
22.1776,20.6951
22.3247,20.7817
22.3433,20.8546
22.3394,20.8370
22.0111,20.4737
21.9545,20.4627
22.5394,21.0411
22.5649,21.0421
22.2771,20.7730
22.3312,20.7888
22.0487,20.5348
22.2434,20.7503
22.3384,20.7159
22.0758,20.5565
22.1720,20.6551
21.9377,20.4794
22.0939,20.6228
22.1084,20.5919
22.0451,20.5386
22.2859,20.7748
22.3619,20.8429
22.4506,20.9032
22.0779,20.5418
22.0336,20.5017
22.3648,20.8707
21.9841,20.4593
22.4753,20.9816
22.4484,20.9746
21.8517,20.2908
21.9244,20.4279
22.0137,20.4994
22.1210,20.6152
21.9613,20.4693
22.7892,21.2810
22.0350,20.5616
22.4977,21.0056
22.2561,20.7084
22.2459,20.6925
22.5040,20.9758
21.6247,20.0962
22.4307,20.9157
22.1560,20.6165
21.9886,20.4537
22.4262,20.9303
22.0438,20.5457
22.2650,20.7924
22.0661,20.5362
22.0514,20.5170
22.0382,20.5402
23.0056,21.4621
22.0018,20.4430
22.2437,20.6920
21.9542,20.4782
22.3097,20.7923
22.0972,20.5679
22.1942,20.6655
21.9738,20.4101
21.9356,20.4538
22.0235,20.5181
22.2724,20.7470
22.1851,20.7267
22.1064,20.5741
22.7003,21.2254
21.9255,20.4243
22.2329,20.7381
22.3840,20.8524
21.7683,20.2439
21.7760,20.2434
22.4768,21.0047
22.0653,20.5728
22.3228,20.7720
22.6126,21.0117
22.0850,20.5546
22.1322,20.6170
22.3884,20.8878
22.4074,20.9773
22.6269,21.1351
22.6216,21.1251
21.9942,20.4883
22.0365,20.5623
22.1517,20.6371
22.2227,20.7468
21.6666,20.1282
22.2145,20.7389
22.1284,20.6171
21.9087,20.3762
22.2410,20.6887
22.2061,20.6730
22.5102,20.9989
21.9831,20.4334
21.9564,20.4084
22.3725,20.8782
22.2807,20.7283
22.2317,20.7141
22.1931,20.6843
22.0498,20.5035
22.2243,20.7315
22.2097,20.6904
22.5581,21.0859
21.9467,20.3952
22.4179,20.8757
21.9087,20.3570
22.3852,20.8317
22.4951,20.9961
22.4216,20.9575
21.8241,20.2969
22.4232,20.9041
22.3927,20.8868
22.0848,20.5976
22.0721,20.5805
22.2074,20.7204
22.0998,20.6021
22.3313,20.8355
22.4886,20.9954
22.3242,20.7998
21.8894,20.3535
22.1680,20.6616
22.2026,20.7187
22.2938,20.8000
22.1138,20.5933
22.1229,20.6058
22.5189,20.9861
22.0285,20.5028
22.1318,20.6800
22.0830,20.5918
22.2755,20.7745
22.4695,20.9248
22.4588,20.9370
22.2267,20.7346
22.0591,20.5411
22.0303,20.5305
22.4380,20.9501
22.1676,20.6094
21.9713,20.4754
22.3984,20.8846
21.8416,20.3115
22.5152,20.9696
22.4798,20.9955
21.9177,20.3639
22.3648,20.8404
22.1933,20.7018
22.2072,20.6809
22.2990,20.8012
22.4173,20.9600
22.0408,20.5315
22.4333,20.9333
22.1099,20.6675
22.1269,20.6019
22.3856,20.8184
22.5339,21.0581
22.2291,20.7561
22.0684,20.5688
22.0379,20.5784
22.0104,20.5204
22.0706,20.5706
22.2496,20.7433
22.2736,20.7922
22.3296,20.8140
22.1646,20.6283
22.1468,20.6313
22.2510,20.7322
22.5653,21.0343
22.4235,20.9066
21.7657,20.2532
22.4114,20.9214
22.3515,20.8128
22.0478,20.5696
22.0507,20.5232
22.1837,20.6636
22.5356,21.0584
22.5657,21.0773
22.3515,20.8823
22.3169,20.8340
22.0510,20.5716
21.9182,20.4261
22.1669,20.6850
22.2299,20.7738
22.2649,20.7752
22.2268,20.7246
21.9618,20.4480
22.2165,20.7465
22.7246,21.1986
22.2274,20.7042
22.2508,20.7440
22.1634,20.6370
21.7378,20.2746
22.1843,20.7015
22.1931,20.6559
21.9225,20.3868
22.2362,20.7181
22.3188,20.8356
22.2845,20.8210
22.0206,20.4863
22.1557,20.6258
22.2558,20.7403
22.2560,20.7334
21.9176,20.3735
21.8834,20.4200
22.4014,20.9075
22.4326,20.9055
21.8446,20.3368
21.9329,20.4367
22.3464,20.9044
22.3567,20.8154
22.0619,20.5493
22.1963,20.7447
22.0615,20.5960
22.0569,20.5634
22.6079,21.0980
21.8719,20.3534
22.4215,20.8883
21.9218,20.4025
22.1544,20.6244
22.4453,20.9700
22.3082,20.7828
22.1455,20.6338
22.3399,20.8253
22.3189,20.8540
22.1712,20.6471
22.3081,20.8616
22.3292,20.8292
22.1272,20.6431
22.5268,21.0516
22.0050,20.5636
21.6700,20.1408
21.7729,20.3023
22.5574,21.0804
22.5690,21.0281
22.1640,20.6655
22.2635,20.7772
22.2438,20.7090
22.1002,20.5622
22.3497,20.8895
22.0627,20.5654
22.2196,20.7370
22.1771,20.6782
22.0150,20.5022
22.0342,20.5212
22.4995,21.0461
21.8297,20.3077
22.2237,20.7262
22.1420,20.6195
21.9794,20.4561
21.9289,20.4276
21.9809,20.3888
22.5059,20.9888
21.8996,20.3909
21.9147,20.3949
22.1567,20.6436
22.0553,20.5150
22.2987,20.7402
22.0566,20.5296
22.0857,20.6006
21.8496,20.3555
22.0268,20.4815
22.1820,20.6941
22.1318,20.6623
22.1953,20.6397
22.2030,20.6952
22.4661,20.9804
21.8569,20.3534
22.0933,20.5694
22.4940,20.9606
22.1408,20.6106
22.6165,21.1193
22.1370,20.6366
22.1857,20.6886
22.2130,20.6754
22.4126,20.8910
21.9300,20.3885
22.1820,20.6792
22.4921,21.0095
21.8234,20.2892
22.4086,20.9262
22.2442,20.7793
22.0753,20.5745
22.4828,20.9930
22.4328,21.0280
22.1267,20.6736
21.8779,20.3881
22.8230,21.3799
22.4980,21.0039
22.1490,20.6303
22.3909,20.8725
22.3252,20.8338
21.9168,20.4183
21.9092,20.4009
21.9617,20.4090
22.5707,21.0630
22.0426,20.5330
22.3598,20.8730
22.4738,20.9691
22.4315,20.9567
22.1157,20.6233
22.3214,20.8356
22.2402,20.6798
22.1706,20.6269
22.1745,20.6491
22.5572,21.0234
22.2775,20.8058
22.2143,20.7194
22.4765,20.9885
22.2198,20.7031
22.1270,20.6611
22.2467,20.7627
22.3757,20.8901
22.2494,20.7499
22.2552,20.8031
22.0877,20.6088
22.5186,21.0497
21.9543,20.5308
22.1332,20.6511
21.9836,20.5363
22.0902,20.5953
22.2195,20.7580
22.3538,20.8373
21.9283,20.4314
21.9248,20.4549
22.4381,20.9382
22.1564,20.6876
22.1301,20.6229
22.0968,20.5476
22.0080,20.5177
22.0710,20.5562
22.2531,20.7254
22.1493,20.6445
22.2875,20.7128
22.2339,20.7313
22.2598,20.7472
22.2247,20.7295
21.8689,20.3665
22.2935,20.7866
22.3027,20.8163
21.8777,20.4069
22.2437,20.6815
22.2896,20.7991
22.2646,20.7621
22.3315,20.7607
22.4872,20.9520
21.7314,20.2080
22.0635,20.5668
22.3317,20.8293
21.8541,20.3346
21.9573,20.4892
22.2768,20.7291
22.5497,21.0587
22.4427,20.9282
22.3968,20.9142
22.7611,21.2643
21.0809,19.5283
22.0854,20.5723
22.0942,20.6112
21.9819,20.4394
21.8034,20.2440
21.5076,19.9720
22.2053,20.6455
21.9732,20.4316
21.9822,20.4779
22.0914,20.5238
22.0117,20.5312
22.2072,20.7161
22.0462,20.5441
22.2421,20.7734
22.0837,20.5619
21.9122,20.4089
22.4111,20.9201
22.1557,20.6764
22.1622,20.6677
22.1576,20.6376
22.1142,20.5699
21.8637,20.3429
22.7277,21.2161
22.0861,20.5608
22.2638,20.7077
21.8409,20.3201
21.9646,20.5230
22.1006,20.5279
22.0382,20.5453
22.0832,20.5695
22.2471,20.6825
22.5246,20.9955
21.7795,20.2179
22.0502,20.5378
22.4673,20.9216
21.9193,20.4104
22.7722,21.3047
22.4379,20.9963
22.5030,20.9083
22.2756,20.7829
21.9818,20.4458
22.0587,20.5448
21.9787,20.4780
22.1774,20.6224
22.0533,20.5314
22.4556,20.8910
22.0965,20.5719
22.5627,21.0038
22.4892,21.0157
21.5962,20.0902
22.0918,20.5300
22.2190,20.6825
22.1975,20.6883
22.1830,20.6920
22.2068,20.7550
21.9360,20.4152
22.4898,20.9643
22.3285,20.7917
22.3337,20.7922
22.0095,20.4321
22.6945,21.1945
21.9400,20.4427
22.3317,20.8485
22.1428,20.6454
22.0640,20.5617
22.4616,20.9776
22.3110,20.7594
21.9294,20.3859
21.8628,20.4330
22.5337,21.0344
21.8729,20.3623
22.3438,20.7916
22.2727,20.7959
22.1117,20.5691
22.0177,20.5461
22.2752,20.7438
22.3013,20.8129
22.2053,20.6791
22.2256,20.6909
22.1945,20.7305
22.3606,20.8123
22.1231,20.5805
22.0685,20.5113
22.1740,20.6644
22.2029,20.6875
22.0911,20.5849
22.0971,20.6422
22.1837,20.6392
22.1506,20.6486
22.0534,20.5397
22.3985,20.8869
22.1592,20.6694
22.1143,20.6499
22.2883,20.7584
22.1934,20.7328
22.0028,20.4470
22.3589,20.8424
22.0333,20.5338
22.0161,20.5007
22.3058,20.8009
22.3744,20.8955
22.1965,20.6613
22.1298,20.6222
22.5855,21.0674
21.9725,20.3995
22.2995,20.7796
21.9363,20.4128
22.4262,20.9357
22.4238,20.9262
21.9862,20.4913
22.3254,20.8474
22.1335,20.6441
21.9133,20.4274
22.3484,20.8551
21.7567,20.2489
21.9585,20.4864
22.2466,20.7707
22.0172,20.5063
22.0237,20.5152
22.1270,20.6380
21.9423,20.4450
22.1434,20.6548
22.1548,20.6669
21.5372,19.9970
22.1800,20.7161
22.0655,20.5093
21.9011,20.4048
22.1853,20.6649
22.2025,20.6842
22.0532,20.5550
22.0708,20.5584
22.2157,20.6936
22.1631,20.6682
21.9482,20.4539
22.0326,20.4927
21.7551,20.2253
21.8936,20.3760
21.9309,20.4288
21.9145,20.3757
22.1434,20.6312
22.6184,21.1618
22.2190,20.6886
21.9171,20.4144
22.5082,20.9901
21.4580,19.9389
22.0484,20.5517
21.5399,20.0119
21.8882,20.3616
21.8386,20.3496
22.2525,20.7261
21.5366,20.0596
22.1569,20.6382
21.8942,20.3358
22.1592,20.7002
22.5956,21.0514
21.9278,20.4410
22.3607,20.8515
21.8566,20.3590
21.9078,20.3228
22.4744,20.9242
22.1138,20.5384
22.0522,20.5317
21.5357,20.0664
22.3908,20.8705
21.2742,19.7027
21.9060,20.3283
22.1280,20.6063
21.9432,20.3925
21.9729,20.4290
22.3187,20.7976
22.0899,20.5991
21.4672,19.9665
22.2148,20.7111
21.6843,20.1548
21.6865,20.1715
22.2663,20.7865
21.8859,20.3455
22.4076,20.9231
22.3797,20.8969
21.9126,20.4160
22.0057,20.4570
21.3942,19.9282
22.1275,20.5945
22.1951,20.7165
21.9037,20.3802
22.0927,20.5361
21.5185,20.0404
22.0865,20.5649
22.0863,20.5618
22.0016,20.4484
21.9813,20.4351
21.7308,20.1595
22.1389,20.6506
22.0741,20.5606
22.3551,20.8209
21.3325,19.7879
22.4908,21.0050
20.9148,19.3530
20.8628,19.3989
21.6221,20.1005
21.6369,20.1153
21.9066,20.4281
21.5345,19.9449
21.5581,20.1020
22.2666,20.7523
20.5920,19.0373
21.5745,19.9853
22.2813,20.6759
22.2506,20.7234
22.2600,20.7503
22.2146,20.7160
22.2265,20.7332
22.2477,20.7350
22.2076,20.7374
22.2101,20.7422
22.2338,20.7298
22.2511,20.7369
22.1968,20.7376
22.2249,20.7000
22.2299,20.6909
22.2148,20.7090
22.1783,20.7319
22.2650,20.7183
22.2668,20.7110
22.2622,20.7019
22.2484,20.7432
22.2381,20.7405
22.2810,20.7145
22.2602,20.7352
22.2453,20.7168
22.2330,20.7383
22.2414,20.7509
22.2633,20.7316
22.2593,20.7444
22.2154,20.7480
22.2414,20.6963
22.2607,20.7011
22.2357,20.7411
22.2599,20.7422
22.2245,20.7040
22.2254,20.7042
22.2242,20.7529
22.2380,20.7105
22.2368,20.7113
22.2564,20.7131
22.2624,20.7605
22.2413,20.7429
22.2271,20.7150
22.2663,20.7273
22.2507,20.7394
22.2269,20.7298
22.2288,20.7240
22.2591,20.7105
22.2492,20.7278
22.2450,20.7178
22.2420,20.7464
22.2373,20.7152
22.1987,20.7180
22.2771,20.6921
22.2609,20.7117
22.2473,20.7346
22.2260,20.7599
22.2677,20.7334
22.2325,20.7164
22.2523,20.7475
22.2849,20.7254
22.2146,20.7432
22.2262,20.7376
22.2037,20.7180
22.2202,20.7145
22.2389,20.7178
22.2285,20.7138
22.2495,20.7750
22.2188,20.7556
22.2479,20.6806
22.2584,20.7529
22.2385,20.7221
22.2357,20.7284
22.2433,20.7253
22.2667,20.7393
22.2664,20.7316
22.2450,20.7308
22.2323,20.7179
22.2696,20.6804
22.2319,20.7228
22.2242,20.7148
22.2247,20.7269
22.2561,20.7080
22.2384,20.7520
22.2282,20.7493
22.2776,20.7307
22.2570,20.7343
22.2430,20.7389
22.2409,20.7205
22.2447,20.7344
22.2542,20.7129
22.2667,20.7383
22.2734,20.7373
22.2495,20.7407
22.2686,20.7412
22.2657,20.7465
22.2283,20.7202
22.2505,20.7409
22.1758,20.7108
22.2450,20.7591
22.2788,20.7455
22.2108,20.7375
22.2063,20.7367
22.2521,20.7539
22.3181,20.6978
22.1995,20.7586
22.2146,20.7466
22.2120,20.7434
22.2728,20.7106
22.2364,20.7493
22.2354,20.7491
22.2262,20.7201
22.2648,20.7023
22.1991,20.7588
22.2477,20.7029
22.2293,20.7194
22.2724,20.7371
22.2505,20.7221
22.2537,20.7468
22.2631,20.7415
22.2197,20.7209
22.2145,20.7292
22.2141,20.7398
22.2372,20.7346
22.1913,20.7583
22.2607,20.7479
22.3056,20.7175
22.2168,20.6980
22.2259,20.7341
22.2537,20.7137
22.2359,20.7363
22.2285,20.7244
22.2743,20.7195
22.2300,20.7231
22.2261,20.7328
22.2227,20.7105
22.2550,20.7238
22.1978,20.7697
22.2419,20.7212
22.2330,20.7195
22.2585,20.7098
22.2191,20.7252
22.2423,20.7281
22.2369,20.7491
22.2330,20.7065
22.2380,20.7314
22.2260,20.7173
22.2486,20.7279
22.2665,20.6990
22.2392,20.7335
22.2745,20.7337
22.2529,20.7344
22.2648,20.7246
22.2317,20.7120
22.2528,20.7388
22.2462,20.7386
22.2618,20.7287
22.2381,20.7485
22.2242,20.7241
22.2254,20.7135
22.2618,20.7320
22.2306,20.7149
22.2055,20.7335
22.2848,20.7197
22.2388,20.6920
22.2278,20.7125
22.2368,20.7203
22.2680,20.7332
22.2328,20.7529
22.2573,20.7381
22.2520,20.7321
22.2661,20.6763
22.2317,20.7095
22.2650,20.6944
22.2401,20.7536
22.2600,20.7368
22.2120,20.7101
22.2317,20.7381
22.2099,20.7163
22.2895,20.7160
22.2442,20.7329
22.2739,20.7243
22.2492,20.7640
22.2490,20.7084
22.2730,20.7328
22.2220,20.7351
22.2543,20.7026
22.2262,20.7329
22.2281,20.7051
22.2401,20.7232
22.2632,20.7190
22.2456,20.7234
22.2351,20.7588
22.2077,20.7273
22.2449,20.7146
22.2511,20.7145
22.2244,20.7260
22.2233,20.7340
22.2797,20.7432
22.2544,20.7245
22.2095,20.7457
22.2001,20.6936
22.2810,20.7295
22.2027,20.7479
22.2585,20.7450
22.2466,20.7156
22.3154,20.6736
