319713.1250
118048.0000
52290.5938
88007.8594
40499.2344
108331.3281
50214.6523
92031.1875
33308.7656
126092.1562
13370.7324
49884.6602
22108.1797
41473.3281
13834.2637
46808.5273
21748.1074
42635.6641
13972.6758
30909.1289
27332.1562
24661.5469
19566.4238
16162.1992
20555.5117
11826.9414
13087.4746
12871.8809
14011.8984
13297.3027
12867.5938
13646.1035
12602.2666
11862.0137
12245.2520
12016.1035
12403.8428
12044.6094
12290.5195
12151.5820
12317.6367
12106.6211
11829.3525
12092.5117
12182.2695
11783.3008
12145.0000
12059.8633
11832.3867
12091.0410
12195.8359
11925.0254
11746.1533
12174.1592
11741.1562
11723.7461
12235.6045
11934.9219
11708.1201
11806.6641
12062.8799
11810.3779
11714.8633
11661.7402
12414.0801
11447.4238
12430.6689
11631.5605
11660.7314
12429.0869
11298.3750
11872.7207
11828.1211
12011.2295
11707.9941
11953.8770
11634.9639
12148.8672
11758.8330
11641.6650
12225.7246
11395.2461
11338.9365
13004.8926
11117.5820
12249.1582
11592.7119
11999.0576
11942.3213
11403.8164
11881.3027
11815.4023
11770.7637
12062.5977
11869.7988
11678.2988
12176.9834
11610.3340
11934.3516
319713.1250
12064.1914
118048.0000
11599.4668
52290.5938
11717.6348
88007.8594
11697.7188
40499.2344
12078.2227
108331.3281
11382.2529
50214.6523
11921.0361
92031.1875
12281.4062
33308.7656
11266.2227
126092.1562
12816.5879
13370.7324
10829.3066
49884.6602
12521.4707
22108.1797
11244.3828
11182.7480
12789.8652
10722.3975
12417.6602
11311.8643
12131.2344
11610.6641
11934.9414
11684.9648
11747.4336
11754.8223
11869.9893
11683.0176
12149.3496
11360.2246
12278.7119
11335.2461
11931.9551
11554.5693
11964.4150
11946.4434
11448.7354
12147.9961
11086.3457
12620.9980
10898.6738
12232.3779
11119.5488
12417.8125
10959.2734
10945.6182
13036.4688
11005.3457
12425.2100
11139.5635
11846.6836
11787.7383
11315.4902
11546.9189
12055.7012
12046.2012
10829.0430
12204.7080
11348.9609
11775.8340
11534.0918
11750.2910
11417.1348
11765.0996
11755.0449
11748.6318
11409.5352
12078.5469
11462.6494
11775.1514
11636.3613
11896.1084
11220.1406
12500.7148
10803.5732
10808.5488
12631.6523
10760.7295
12247.3623
11063.0625
12116.5537
11391.0918
12351.9150
10886.6699
12277.5020
12245.4902
11138.2480
11911.2197
11475.2354
11625.0234
11995.1611
11686.8369
11122.5166
12449.8281
11448.2324
11492.9434
13881.9863
11090.6113
12591.9258
11103.3633
11846.2295
10760.4883
12091.1992
11023.8291
11536.4824
11519.3906
11311.3662
11409.0166
11746.0508
11275.6387
11741.1777
11359.1016
11305.5488
11789.3945
11704.3721
11692.1562
13246.3066
12617.2988
11525.4668
13314.3320
11303.3535
13791.9023
11438.5039
12548.5918
12353.1133
12332.5586
12626.0801
12184.2363
12477.8096
12704.4062
12267.8965
11901.8926
12755.2090
12714.6562
12285.6875
12254.9023
12801.9258
12810.8164
11580.7119
12702.7295
12483.2939
12691.7852
12607.6348
12265.3242
12970.9160
12955.2988
12004.3594
12223.7148
12624.8340
12865.4180
12406.8184
12152.2617
12411.5371
12615.0918
12934.7637
12906.8535
11905.3086
12736.7109
12897.7832
11801.8730
12460.6396
12698.9336
12187.1934
12468.1211
12481.2578
12538.9658
11906.2119
12647.4639
12788.4365
12281.4443
12560.8516
12365.0430
12388.0898
12084.6123
12429.0732
12425.5977
12626.6279
12553.0811
12185.9707
12516.7852
11957.8691
12353.4854
12476.2871
12347.1289
12205.6270
12211.4199
12706.2754
12611.3105
12280.8262
11978.0117
12812.8438
12682.4199
11658.2656
13080.1680
12458.2744
12452.1152
11977.8086
12598.2324
12050.3809
12441.1367
12242.9004
12063.7891
13444.2695
12466.4297
11881.2451
11863.4199
12888.7773
12521.3984
12040.9004
12698.4766
11644.4424
13090.6104
11794.3018
12751.8594
12010.1855
12034.8604
13094.3984
12193.4141
11752.2314
12310.0078
12617.5723
12392.2344
12772.3477
11936.3564
12721.1494
12715.1768
12233.4336
11729.9971
13027.2695
12670.7051
12507.9805
12051.4697
12804.0889
12570.6631
11860.0723
11874.9844
12761.9814
12528.7598
12587.8145
12605.8047
12333.4121
12623.0820
12726.1484
11929.7910
13500.9160
13551.6270
11677.4160
12335.8730
11708.3730
12586.7656
12460.6875
12484.1426
12117.6641
12765.1426
12537.5205
12445.5898
13093.9355
12233.9414
12579.7578
12832.4941
12933.4395
12989.7500
12083.0332
13345.4248
13021.1943
13024.2881
12740.1113
13132.1934
13956.1973
14283.4453
13829.5938
13801.4453
13373.9355
14892.1152
13847.2061
13919.1543
14471.9629
15099.1426
14491.7305
14659.3574
15235.6436
14611.2119
14246.3379
14349.3457
13591.6641
13606.6787
15404.2422
14279.7656
14623.0889
14297.6387
14859.1270
14463.6641
14863.9883
14427.7402
14381.4707
14520.8438
14531.9883
13644.4492
14503.1348
15304.7305
13988.1328
15272.1602
15417.9775
14403.6699
15408.6738
15639.7559
14355.0312
13579.2930
14666.2715
15544.3184
14358.1016
13840.6680
14490.9766
15041.5254
14283.9395
14156.0781
14696.2959
14606.1387
14512.8086
13549.4883
14119.3164
14697.9746
14743.3652
14850.7031
14550.5029
14491.5703
14209.6797
14314.2129
14555.0879
14591.8125
14508.5645
14027.9688
14731.8691
14614.5156
13944.4844
14165.6387
15534.8555
13635.7305
15036.8027
15587.1855
13864.0371
14936.8184
15493.2910
13767.6016
15262.6162
15432.1250
14431.1777
14718.1660
14601.2734
14945.8125
15299.9385
14542.9922
15434.2744
15245.7656
14739.2275
14776.0410
15404.0039
14977.7588
14493.5840
15896.6875
14814.9619
15003.1484
15093.5938
14827.0498
15612.0430
15280.4424
15026.8242
14818.2363
14949.4941
15592.1230
14581.7480
15045.0234
15639.6445
15355.8721
14835.8711
14487.0859
16139.1191
14037.6602
14904.4268
17352.0176
14203.5938
15948.1826
14273.2734
16873.3105
13613.2539
13361.1426
16988.6055
14767.1191
14556.3027
15895.5596
14482.7070
16014.7812
14654.0312
15500.0176
14961.4746
15046.4434
14634.7109
14733.0645
15274.3047
15176.7852
14490.4561
15486.2900
14909.5020
14976.8477
14096.2393
14090.2578
16111.9668
14609.9102
15684.7539
15176.4453
14367.4639
15880.5156
14469.0010
15813.3682
14590.9199
14445.2715
17068.4434
13208.9258
15720.5508
13998.2031
15145.9922
15105.7520
15111.7451
15598.1396
14527.2041
14665.7109
17826.7109
14438.0332
16832.9902
15278.3203
17812.0781
15759.5195
14825.3164
17185.8203
16075.1240
16096.6543
16190.7949
14980.4512
15954.7617
16862.0605
15554.1436
15737.4629
16643.5938
16714.0078
15898.8291
15984.0703
16595.5586
16041.8604
15018.9551
17672.0391
15400.2832
16614.8125
16014.8701
16419.7734
16643.1543
16732.8457
17123.6973
16402.9336
16564.4570
16624.9336
16823.0117
16343.9639
15946.0107
16327.1504
16332.6934
16822.3906
16827.4551
16113.9932
16515.4414
17607.7363
16542.3242
16646.7793
14923.3555
17292.2930
16274.8350
16624.2344
16929.4766
16081.9180
16819.3945
16808.2148
15430.5703
17849.8594
17138.4141
16194.4375
15667.9150
15840.8408
18590.9785
14805.6787
16625.7188
15565.2891
16810.4883
15399.3887
16949.1016
16685.0156
16509.6582
16089.6240
16416.9180
15920.1895
16655.0605
16565.5312
16833.8125
16444.9961
16406.0527
16578.7852
18236.2305
17940.9336
15378.1387
18285.3164
15300.6025
18087.0977
15987.0781
19267.2188
15673.6924
15788.7705
16599.7051
16564.0664
15903.4893
16162.0527
16229.1807
17027.2930
18884.1367
15053.7031
17152.7285
15407.1562
18841.6895
18962.3359
15884.3203
16543.2148
18102.2852
15391.2725
17730.0410
16910.4688
17545.7969
17431.0918
16586.3613
16922.8984
16991.9805
17684.1445
16592.1680
15725.3594
17319.8516
17005.3809
16758.8945
17217.8242
17415.8262
17534.8867
17035.4824
15411.4160
17068.2246
17109.4375
20480.1445
15468.3916
15872.1484
15517.1152
16688.0039
16704.2090
17100.0684
16025.7021
16313.7344
18193.9922
13733.1934
20874.6016
18111.9844
14161.0947
14332.3613
14116.7578
18054.2500
15287.3857
15471.9961
17611.4805
16206.4189
17090.9023
17237.9883
16600.8105
16368.3184
16507.8672
18063.6309
16297.6680
17512.1445
16491.5469
16324.1641
18545.9941
16799.2734
17514.7070
17360.1133
16850.8867
18060.2812
17055.5547
16571.2832
17688.2422
15902.3320
17289.3516
16816.6875
17984.3047
15819.6465
15971.3848
18629.8535
15673.0439
17509.5312
17328.8203
17227.7109
16120.6758
17874.7266
16331.7158
18007.2031
17787.5625
17269.7070
18521.7969
17065.8418
16379.2305
17572.3789
17514.7969
18012.4570
16471.2910
17038.4922
16795.1719
16747.2676
17314.8203
17360.8711
17070.8281
18522.9473
17514.7734
17400.0117
17197.1641
17344.2520
17229.8477
15980.8086
17896.5000
16909.6367
16840.8887
17245.4043
17908.1484
17838.5039
17208.0625
17659.3633
17495.5625
17940.3789
15877.2227
18627.7461
15827.7090
18436.9141
16306.1875
18579.8320
16140.8379
17205.4219
16766.3418
16055.5723
18060.4141
18368.8555
16600.6367
16507.5566
16642.2793
17852.5898
17346.6777
17931.3926
17897.1836
15319.7324
17238.4258
17491.3359
16425.6680
16699.5117
17762.5547
17705.3496
15855.1602
17255.2207
17696.6602
15848.6562
17388.1699
16544.2539
17820.9355
17162.6875
16986.8789
18188.5859
17574.5586
17243.9258
16909.4336
18168.2734
16707.3398
18529.6289
16679.8008
17254.8262
16837.6172
18457.6113
14533.4824
17822.8086
17829.0703
15831.8838
18705.4062
16706.8672
17738.1328
17500.5859
17266.1719
17183.4609
17176.5312
17756.6602
17174.9023
16461.5781
17202.8965
16044.2549
19103.3281
17317.5781
18385.3086
18311.8203
18009.1621
15795.3223
15924.0908
16933.2227
17796.7031
17233.7578
18915.3613
18193.4062
16152.0791
16493.5371
18658.5352
17152.1172
17013.9258
17695.7363
17790.1777
16667.4727
17812.2832
17575.0664
17382.1895
17033.2188
16790.6074
17630.5703
18097.0859
16573.6211
17952.6289
17831.1484
18793.0098
16054.9854
17697.6328
16462.9180
18701.2910
17293.8477
17258.0605
16272.6230
16228.6260
17255.5273
18579.0996
17186.3926
16092.3164
17317.6211
17577.8066
18015.0234
18161.5430
17948.6328
15702.0859
17819.8965
17340.6250
17804.2891
17700.5312
16828.9453
16351.4844
18213.9746
18348.1016
16384.6465
17544.7773
16467.5195
18109.0742
16210.7441
17217.4258
16109.5088
19224.4238
16103.3379
15911.9736
17212.3359
17151.2363
17212.2129
16250.4346
17953.9414
16784.6641
18411.5703
17301.9141
17540.5488
17319.1484
17172.3242
19133.8906
16077.1924
18159.3125
19582.9258
14931.4160
15848.5098
16899.1602
16644.9355
16720.2793
16841.8457
16630.5215
16549.2480
17321.8672
16700.3242
17601.1172
17505.4141
17139.8633
16151.7354
16526.2305
15971.4033
18034.1934
16820.2930
16549.2695
17663.3281
16882.9102
17209.7656
16882.3516
17262.8945
17163.9453
16622.6641
17447.4434
16816.0586
16453.3594
18403.6992
17994.5156
18341.4453
17271.8652
17348.0840
17535.6602
19033.7539
16151.2871
17254.2578
18233.8789
17393.7148
18369.2148
17585.3438
17442.7148
17316.0918
17161.6387
16302.1299
16919.4102
17713.6719
17301.8613
16797.2695
17886.6855
16829.8613
18082.5137
16758.1855
16473.5391
15249.9023
13450.4395
16575.7891
19130.8516
21911.8145
15174.4570
20918.2793
13663.0527
20746.3047
20593.1504
12995.5830
12359.6035
30413.2305
18161.5449
17320.6055
14805.6680
13735.7832
15651.6465
17321.0449
16538.8125
14378.3652
14533.9199
17144.9902
15152.0752
14827.8525
16598.4141
15412.6318
15887.7695
17175.4336
16958.3301
15532.5449
15909.4961
16612.5781
16388.9688
16125.1914
15949.2734
16552.6504
16949.2148
15852.0176
16258.4658
16272.0908
16990.4883
16393.5820
16758.8223
16300.5508
16434.7012
16316.4922
17935.7852
15984.7227
15980.1016
18375.6016
16498.1953
16306.3789
17366.8633
16784.6328
16424.3125
16481.6328
16636.4141
16604.0352
16985.7012
17466.7148
16778.2988
15654.5400
17215.9922
16868.2383
17258.6777
16830.5039
16665.7441
17254.6230
17034.7070
17000.9336
16288.6719
17369.8281
16937.1094
16812.8203
16514.1719
16346.2754
16743.0156
17168.7793
16675.3867
16634.3477
17212.7500
16395.1016
16764.7148
17288.1797
17030.9922
16765.2363
17842.4961
16661.9941
16024.3086
18015.6445
16455.1367
16394.4219
17896.2344
17210.9297
17080.5352
17018.0059
16375.3672
16164.5293
16676.1484
17955.8672
18031.2285
16552.9570
16502.6953
16442.8945
17818.9414
16610.1523
17601.7207
17459.1426
17826.6777
16562.2305
16842.6680
17302.6055
17792.1973
16788.6484
17870.4121
16993.9492
16832.6484
17756.9258
17675.5566
17091.9766
16801.8438
18289.7148
16371.7344
18074.1641
16384.1367
17719.6445
16404.0898
17968.8320
17904.6992
16327.3711
17929.9570
16761.8809
17604.7070
17381.1445
17649.2617
17570.0586
17327.6855
16876.1621
16834.8438
17208.0977
17158.9844
17724.1211
17357.5039
16906.3555
16516.8281
17764.2812
16384.0430
18059.0234
17540.8965
17263.7441
17233.6738
16978.6484
18690.7598
16655.8379
17556.5762
16533.7305
16914.7559
17848.4961
18515.5156
16466.7930
18054.7812
17421.5352
17248.8535
17921.2637
17816.4609
18190.0137
17268.7832
17820.5137
17350.6504
17610.5078
16829.5195
17954.4551
17006.9004
16964.7734
17225.1680
17830.9492
18249.4453
16912.1074
16596.4453
17442.6543
18124.6484
16796.2031
17407.7070
18014.6484
16657.1250
18141.4883
18276.0508
16803.2734
16546.4219
17714.2734
17408.2578
17024.6406
17570.5586
17612.4258
17197.0039
17299.9902
16925.6758
18008.7969
17617.3633
16763.5078
17401.3125
16119.2168
16982.8730
17678.3105
17266.3438
14444.0117
16749.5977
18423.3398
18840.3359
16098.9346
16459.8711
17433.1699
17856.2812
16929.4609
16805.7129
17076.7441
17248.3457
17476.0840
17219.5117
17222.3516
17440.5566
17801.4414
17341.9863
17084.6094
17957.6387
17964.3965
16698.5566
17838.4180
18263.6992
18009.3926
17102.2402
17144.6250
18517.6406
16788.8125
17853.1855
16232.3271
17868.4004
18693.3477
18157.2305
17800.5430
17301.4453
17633.4395
17794.8555
16936.7539
18095.2578
17995.1660
17368.4531
17778.3047
17801.0391
16711.0723
16824.4961
17652.4902
16556.3828
17775.6992
18561.7422
17207.2012
17521.3535
17135.0176
17032.0098
17260.7266
17382.3027
10714.2227
14888.6875
15372.7051
17559.3047
16432.7441
15936.4434
15308.6543
15746.9131
17278.2617
16620.9141
16302.5898
17433.4648
16675.0430
17393.6934
17724.1836
17230.7422
17424.2266
17651.3594
17694.1992
17371.6602
17272.7988
16682.0078
17521.8477
16988.1680
16864.4844
17882.8828
17868.4941
17575.1836
16604.0762
17428.5469
16819.9141
17431.7969
16732.1328
18108.5664
17555.2852
15832.4551
17572.5898
17223.8340
17711.9004
17678.7109
17438.7168
17722.5078
17118.7852
17938.4199
18161.6113
17089.6250
16815.8438
16982.6914
17304.1465
18104.3203
17401.3965
17872.0000
17631.5508
18325.2539
17074.6152
18186.0938
18381.1367
18263.3574
17165.9492
18181.0039
18668.4375
18411.5020
17326.9023
17813.4355
18055.5449
17913.8848
18207.5215
18665.6250
17249.8125
17088.6133
18251.7461
18130.9277
17785.5703
17685.5625
16750.6504
17607.0625
17075.9277
17095.8262
18077.4883
19205.8516
17176.0762
18356.8633
18096.9297
17487.8711
18614.9414
17849.4121
17651.8359
17755.1602
17277.5391
16605.8867
17908.0488
17414.5469
17638.6172
17894.6172
17846.0820
18458.5703
18992.5039
18530.8984
17467.2168
18841.3242
17641.5898
17609.4707
18283.1797
17783.0898
17988.5820
16306.9590
18852.9883
18471.7598
17224.5488
17400.8477
17699.2324
17822.5664
17508.7031
17610.9961
18159.7070
17285.0215
17592.4180
17804.2188
17951.7520
18620.8145
16973.3477
16950.4375
18459.4023
16400.8984
16752.1445
18637.3047
16789.4648
17436.5117
18046.8047
18062.0020
18405.0586
17924.1484
16715.0898
17666.0703
17422.3340
18835.1855
18212.3828
18366.7793
18053.2461
17971.0039
18578.0742
17086.9883
18205.2695
17934.7578
17654.7305
17817.4727
18200.3105
18002.1602
18828.2012
11860.2324
13616.0996
17194.4023
20389.6641
14916.0684
18091.1680
19496.3242
17315.1367
16725.8047
18717.3789
14595.6016
14962.3125
16718.2695
16267.5645
17084.1484
16316.1143
15776.0469
17201.5039
17109.4941
16788.0547
17281.5547
17212.7266
17079.4609
16663.6562
17258.9062
16342.9941
17003.9863
17070.3867
16604.8477
16206.2754
16998.7188
17482.2344
17037.3945
17197.5781
17215.5195
17088.4805
16792.2949
17358.1523
16928.4785
16479.2461
17183.1562
17541.6602
17095.8984
16863.3438
17142.7168
17556.4492
17045.7246
16764.1797
16128.9521
18274.8203
17476.0820
16177.5244
17890.4883
17811.2969
16655.0508
17422.7539
17317.2090
18236.6016
18139.0703
17045.6719
16623.6562
17750.4102
17789.0664
17099.4062
17164.1992
17583.3379
17152.6289
17362.4688
17304.3945
18346.0898
17923.8711
16655.4453
17896.9258
17002.1523
17019.4023
18500.4199
16879.5039
17387.6152
17768.3965
17574.5586
18139.2695
17462.5098
17792.4805
18482.5195
18177.2031
17353.4531
18081.4844
17789.3535
18339.4609
17052.4512
17659.5410
18926.5449
17606.4199
18733.5723
17853.6504
18022.0742
18246.4141
17880.2129
17770.5234
18263.9336
18744.9082
17533.6367
18396.0273
18150.6914
18479.8281
17134.1289
17555.4570
17985.8828
18036.5977
17497.8359
18811.1484
17961.7852
17642.6289
17726.3066
17793.8867
18341.3008
17654.4141
17526.1738
17628.2930
17409.5742
18052.6387
18840.8164
18120.6641
17338.9531
17836.0703
19136.7949
17818.1777
17832.2227
18058.1445
18725.6152
18737.5801
16607.4688
17715.5957
17070.6172
18573.1016
18073.8828
18980.4297
17415.2422
18105.9551
18133.6055
17230.5430
18371.6211
17532.4062
17274.4590
18723.7773
18421.4414
17950.5898
17502.9336
17101.1113
18496.6797
20126.5430
17586.8770
19043.8027
18096.0312
17790.4355
17682.1191
18680.9160
18484.6465
18087.0078
17465.8066
17834.1973
18037.6953
17817.2383
19050.2988
16878.9785
17330.9219
18497.7930
17265.9805
16770.6445
17641.5234
17768.3477
18364.5098
16627.4297
17180.0527
16606.0430
17110.6445
17654.8398
17119.2617
16811.9570
17071.1094
15868.5586
15840.2070
17168.8242
15539.0879
16854.7578
16853.4727
17174.1523
16758.7793
16679.7148
18104.0234
18085.0195
17596.8867
18858.5781
18689.8379
17511.3672
18165.1836
18341.1152
18278.5977
18246.8945
18538.8242
18681.1289
18114.3770
16914.6035
18099.8418
17962.8594
18323.8242
17020.7324
17534.0176
17872.6797
16965.2012
17501.7695
17418.9609
17421.3281
17375.5469
17229.3633
18147.9492
17783.6523
17572.5820
17407.5391
18048.4609
17402.5039
18311.9258
18754.5078
18362.1836
17241.2383
17916.2539
18191.3477
18140.2969
18815.5410
17426.8789
17635.6953
17990.8789
18337.2773
19030.1699
18806.8789
17760.0430
17821.5527
18299.0625
18514.9648
17340.7344
18782.7969
18189.1445
18358.3008
18267.9844
18203.4121
17107.0137
19413.1406
15492.0010
15673.6641
18885.1016
18782.2617
18354.3438
17736.4375
16586.7207
17540.9570
17658.5176
16923.0371
17625.0410
18069.8516
17234.3516
16622.4258
17576.0820
16844.2305
18777.4062
17948.6562
17615.7695
18152.3281
18471.6523
17408.7598
18359.4141
17365.1152
18167.4922
17521.6016
17420.5527
18427.5801
16907.3320
16201.8477
17212.9297
17006.4961
17617.6074
15885.3223
19125.3457
18600.4180
15770.4824
16795.0215
17789.7500
15592.4814
16110.0654
15871.0322
17630.4395
17661.9492
16539.4570
17555.0664
17278.0352
18120.5215
17171.8164
17782.6484
16637.5273
16350.0322
16687.1973
17692.1230
16349.2832
16238.6699
17135.5723
17415.8516
16795.2480
17498.3379
17598.2266
17429.2441
18086.4395
16695.9473
17473.5234
16715.9434
17612.7695
18076.8457
17547.4980
16420.0938
17559.8945
17878.7344
15544.5977
19070.8066
17731.7500
15204.6787
18213.4805
16507.6250
15393.4814
16838.4512
17244.6484
17854.8281
16536.1523
15895.2275
17163.7285
17386.9648
17400.4688
16868.2305
18110.3633
16601.8242
16833.9531
16468.2383
18711.6641
17212.0391
16852.7930
18080.2754
18932.8594
15918.7734
18359.5352
17770.3633
18987.7969
19072.1270
18833.0273
17858.4199
18266.0742
17856.6680
18538.0117
17543.4258
17544.3164
18137.5801
17797.0859
17646.3359
18607.4609
18749.6934
18898.3750
18714.4473
17728.8340
19054.8477
18326.4082
16697.4004
17436.4004
17313.0508
16240.5117
17358.5801
17968.5039
18869.6016
17012.7305
18053.9727
18468.7324
18961.9258
20716.0488
19291.2539
17053.6992
19020.2969
18758.2773
18993.8359
17971.6836
19552.3125
18205.9160
18331.9531
20087.2500
20401.0078
18115.6016
18785.0410
19569.0039
20191.3477
20452.5391
20302.5195
19973.3320
19320.8047
18141.1953
18627.8281
18591.9531
17291.1250
19938.8438
19473.5391
18859.6328
17724.0840
18697.1953
17256.9648
19627.9570
19822.4785
17750.3477
19775.9297
18801.1055
18264.3867
18037.2266
18525.7637
17640.7891
19789.6016
17234.3262
16924.1445
20603.5898
19610.3125
19020.9766
18045.1719
18573.8633
18290.8516
17829.8340
18177.8320
18456.9531
18279.8867
18268.1973
18128.3105
18010.5391
18740.1719
18862.7148
20056.0508
19392.2539
17871.2324
19029.9082
19401.8086
21435.9062
17052.5840
19020.3145
19625.5859
19868.7383
19172.7344
20181.6523
22531.9395
17832.2461
17627.1074
22758.5195
19722.4922
18992.9590
17246.7051
18029.4766
18591.2461
17526.6777
17944.6367
18298.4883
18163.7734
18427.3418
18503.7305
18977.9785
18104.6523
19718.6016
20546.5312
18165.8789
18171.9375
19053.5859
18403.9844
18361.9102
18898.2031
17391.4844
20266.2051
19904.5859
20853.4785
18835.4180
19133.6113
20423.8008
19679.3320
19535.9980
18572.6172
19212.7793
19163.3652
19574.7422
19140.2305
17910.1641
21342.3477
20218.4141
20374.5879
21439.4980
20071.6875
19434.2617
19456.0742
18847.1367
20508.2090
19479.4062
18018.8828
19816.7617
19083.2148
18704.1328
20064.5723
18628.5156
20083.0781
18607.2285
21165.2578
20415.9453
20567.9980
19834.0508
19545.5234
19223.6875
21935.9355
17295.3184
19550.4297
19259.9297
18628.3750
19334.4141
19231.2188
18494.6094
18240.9648
21198.7852
18713.9336
18730.4961
19334.9180
18558.3516
18083.0977
19098.9219
19430.0078
19151.8398
18729.4844
19530.4824
19778.3359
18738.1543
19611.3672
19512.7305
17886.4883
18263.1797
18868.1973
19118.4805
18693.1777
17772.0215
20523.8496
18282.8281
18483.0898
19102.8750
18436.8223
18676.0996
18958.7148
18723.7695
18609.7754
19578.7754
19800.8340
17929.8848
18949.2148
18703.6328
17313.5234
19774.3203
18337.4805
19878.3984
19609.6602
18430.3379
19024.1699
19909.7480
18457.2930
18097.4551
18558.0801
19230.5664
18884.6270
18767.4609
18510.8672
19352.6836
17210.3008
19583.8984
21340.9316
18874.1777
19361.1875
19227.2500
20157.3477
19162.2070
18819.8945
18730.4648
18800.5898
19971.6914
20317.8086
17981.0547
19461.6934
19980.5156
20699.8535
19286.8125
19321.5469
18868.0352
20686.4414
19777.5273
18440.8789
19973.4102
20262.9102
18339.7227
17006.3164
17713.9492
17622.2969
20150.3164
19059.7852
19435.7988
19258.2188
21029.2695
21185.4746
18810.3555
18856.0078
18545.5742
18636.7969
19850.2266
19013.3652
17828.7266
18301.4492
19908.1172
17026.8516
17796.2930
19068.4805
18958.3145
19143.0840
18961.1660
19469.6133
19172.6172
20894.6426
19168.0078
16911.3789
18693.2754
18632.6914
19563.3438
18673.0156
19975.2344
20968.8594
18427.2930
20409.4805
20153.1719
17579.2070
18358.7988
18886.1504
18683.0918
18513.6133
18356.9258
19800.9141
18449.8320
19856.7773
18956.2227
19947.8203
17619.8184
23269.6875
18757.3223
18610.1465
25459.8164
24393.9375
27987.5586
19997.6562
16902.2090
18214.7246
12578.6426
25355.2598
17920.1934
17676.7188
17381.0938
17648.4434
17670.0059
17568.6934
17335.7070
17491.7812
17465.6191
17766.2070
17273.1016
17439.0938
17470.0859
17830.3262
18138.5664
17653.8262
17806.2539
17796.9336
17218.4922
17551.9688
18008.3867
18099.3594
17775.0469
17885.0723
17775.7188
18259.6387
18111.5742
17827.7090
17682.9375
17517.7754
17847.8555
17610.0801
17891.8320
17536.2773
17556.6289
17774.2930
17678.4512
17728.6758
17375.2188
18182.6875
17944.0859
17883.6484
17886.3750
17552.3418
17594.0352
17861.7852
17527.2812
17451.0039
17717.8398
17890.4785
17429.8516
17672.5527
17765.3359
18067.6914
18010.0977
17647.1816
17686.3809
18031.6309
17923.3164
17845.7695
17464.1309
17439.5195
17561.8203
17707.3320
17706.1484
17907.4922
17579.2832
17468.4766
17518.9590
17806.5781
17683.1191
17424.9785
17341.3379
17792.3711
17204.7734
17564.3418
17738.5684
17671.9941
17399.9473
17842.1934
17653.3008
17849.1289
18024.9277
17756.7383
17496.0430
17506.2383
17741.7578
17658.9355
17455.2578
17796.3438
17793.7617
17501.5117
18148.4316
17811.9570
17787.3652
17914.2852
17614.6914
17501.4863
17927.7539
17845.0469
17592.8516
17793.4551
17962.0234
17636.3672
17998.9492
17660.4258
17169.5078
17663.2598
17560.6602
17484.7383
17841.6660
17375.3125
17750.3770
17667.0918
17389.3730
17640.7070
17964.8418
17944.8379
17657.6543
17432.7617
17937.9453
17451.2031
17417.0938
17679.3516
17837.1992
17532.6152
18064.9180
17830.4941
17468.1543
17441.1270
18131.6016
17512.9941
17740.3555
18013.8926
17859.1191
17442.5156
17291.8008
17507.3086
18036.2734
17838.7930
17612.7188
17978.2930
17679.1934
17512.7754
18181.4414
17683.6250
17515.0059
17521.2773
17613.3047
17222.0273
17708.3027
18068.8594
17418.1465
17976.6680
17506.1445
17716.9531
17677.5898
17585.7910
17619.9668
17914.7188
17554.9004
17792.0293
17158.7285
17694.5586
17753.4336
17398.8477
17680.0586
17318.4492
17563.6641
17776.7148
17763.8086
17736.4219
17269.3398
17509.9883
17583.3555
17529.0879
17516.0996
17677.7441
17618.7539
17265.4414
17514.4297
17686.0469
17571.0156
17682.6523
17456.8535
17903.7148
17676.1250
18089.2949
17973.1387
17410.3965
17963.4512
17809.4727
18263.5195
17340.2656
17468.6113
17921.8145
17765.3457
17766.6055
17865.8242
17643.9492
17466.8887
17875.2617
17597.3711
17801.6797
17519.1172
