0.5750877261161804
0.5420309901237488
0.507570207118988
0.46799948811531067
0.42345812916755676
0.3686315715312958
0.31152626872062683
0.24814002215862274
0.1878925859928131
0.12963753938674927
0.12292641401290894
0.12124926596879959
0.1479974091053009
0.1224902868270874
0.1531856805086136
0.12473002821207047
0.15212386846542358
0.12699240446090698
0.14997689425945282
0.12958095967769623
0.14730675518512726
0.12939101457595825
0.14375446736812592
0.12806390225887299
0.1455894559621811
0.12663768231868744
0.14659762382507324
0.12292660772800446
0.147087961435318
0.12019018828868866
0.14495152235031128
0.11850561201572418
0.13866908848285675
0.11926911026239395
0.1347801834344864
0.11974486708641052
0.13156737387180328
0.12118501216173172
0.12908276915550232
0.12134594470262527
0.1264382153749466
0.12212453037500381
0.12476520240306854
0.12270001322031021
0.12564435601234436
0.12411723285913467
0.12277926504611969
0.12307456880807877
0.12499421834945679
0.12366030365228653
0.125111922621727
0.12605437636375427
0.1268288791179657
0.12494954466819763
0.1241154745221138
0.12366874516010284
0.12445754557847977
0.12595027685165405
0.12385555356740952
0.1250806748867035
0.1253221333026886
0.12571413815021515
0.1258547306060791
0.12564505636692047
0.12735018134117126
0.1263195276260376
0.127310648560524
0.12472248077392578
0.12624534964561462
0.12441792339086533
0.12705202400684357
0.1259886622428894
0.12581245601177216
0.12471047043800354
0.12461308389902115
0.12694312632083893
0.1265602707862854
0.12722495198249817
0.12797050178050995
0.12570039927959442
0.12525132298469543
0.1251518726348877
0.126962348818779
0.12523740530014038
0.1280468851327896
0.12590327858924866
0.12730233371257782
0.12598416209220886
0.12667329609394073
0.12553147971630096
0.12492379546165466
0.12541811168193817
0.12765908241271973
0.12586860358715057
0.1258724480867386
0.12744790315628052
0.12702901661396027
0.12475109100341797
0.12429734319448471
0.12446963787078857
0.1261698603630066
0.12539254128932953
0.1264631599187851
0.12615378201007843
0.12590838968753815
0.1255301833152771
0.12533852458000183
0.12654726207256317
0.12663200497627258
0.12528590857982635
0.12718458473682404
0.127407968044281
0.12516938149929047
0.1246367022395134
0.1260993778705597
0.12667644023895264
0.12716829776763916
0.12709079682826996
0.1272156834602356
0.12476649880409241
0.12488041818141937
0.12658369541168213
0.12599201500415802
0.12574994564056396
0.12610477209091187
0.12514787912368774
0.1262451708316803
0.12748752534389496
0.12772566080093384
0.12522879242897034
0.12513625621795654
0.12438272684812546
0.1251564919948578
0.12523147463798523
0.12680377066135406
0.12476388365030289
0.12703131139278412
0.1251591444015503
0.12666866183280945
0.12523849308490753
0.1256626844406128
0.1261366307735443
0.12651151418685913
0.12598872184753418
0.12626348435878754
0.12539207935333252
0.12701046466827393
0.12638893723487854
0.12640613317489624
0.12456461042165756
0.1272675096988678
0.12459265440702438
0.12766894698143005
0.1252046376466751
0.1265394538640976
0.12503455579280853
0.12607623636722565
0.12626971304416656
0.12459050118923187
0.12522032856941223
0.12539657950401306
0.12435086071491241
0.12526753544807434
0.1250251680612564
0.12679016590118408
0.12657871842384338
0.1262119710445404
0.12402479350566864
0.12505052983760834
0.1264212280511856
0.12574660778045654
0.12561914324760437
0.12751483917236328
0.12491674721240997
0.12746204435825348
0.12508884072303772
0.12809540331363678
0.12514017522335052
0.1265413910150528
0.12405610084533691
0.1270104944705963
0.12583298981189728
0.1263866126537323
0.12568986415863037
0.12775690853595734
0.1265340894460678
0.1267743706703186
0.12600839138031006
0.12673485279083252
0.12487021833658218
0.1250128149986267
0.12351670116186142
0.12651625275611877
0.12668833136558533
0.12731218338012695
0.1275506615638733
0.12501777708530426
0.12468355149030685
0.12614750862121582
0.12513917684555054
0.1258700042963028
0.12546473741531372
0.1273905485868454
0.12494407594203949
0.1278451830148697
0.12619924545288086
0.12582896649837494
0.12557601928710938
0.12731198966503143
0.1272989958524704
0.12469425052404404
0.12518589198589325
0.12520374357700348
0.12600857019424438
0.12487535178661346
0.12420355528593063
0.12541326880455017
0.12413793802261353
0.12578701972961426
0.12478935718536377
0.12525202333927155
0.12519662082195282
0.1251773238182068
0.12619049847126007
0.12541280686855316
0.12594948709011078
0.12580659985542297
0.1262459009885788
0.1242007166147232
0.12463285773992538
0.12731462717056274
0.124269038438797
0.1261790543794632
0.1250525861978531
0.125713050365448
0.12546905875205994
0.125357985496521
0.12466965615749359
0.1253156214952469
0.12647636234760284
0.127313494682312
0.12492866814136505
0.12659551203250885
0.12669877707958221
0.12694229185581207
0.12434717267751694
0.12508918344974518
0.12519526481628418
0.12631697952747345
0.1252596229314804
0.12569983303546906
0.12550204992294312
