0.20489543676376343
0.16932056844234467
0.13346761465072632
0.0991959348320961
0.06482643634080887
0.03760409727692604
0.019574949517846107
0.01454110722988844
0.034288953989744186
0.018025778234004974
0.02991343103349209
0.02572634443640709
0.031592659652233124
0.03083583153784275
0.03892891854047775
0.03491276875138283
0.03495243564248085
0.03247547894716263
0.03430335968732834
0.03389438986778259
0.03371882811188698
0.03349101170897484
0.03316010534763336
0.033088862895965576
0.03280289098620415
0.032791879028081894
0.03254035487771034
0.03251178562641144
0.03232481703162193
0.03230582922697067
0.03220106288790703
0.0322025902569294
0.027558987960219383
0.027504729107022285
0.027524912729859352
0.02746731974184513
0.0274603720754385
0.02744479477405548
0.027417374774813652
0.027409685775637627
0.027395831421017647
0.023148810490965843
0.023139888420701027
0.019246866926550865
0.015608610585331917
0.015514526516199112
0.012122943997383118
0.0016366111813113093
0.0035786025691777468
0.0008511535706929862
0.0005297769675962627
0.00038051820592954755
0.00025323781301267445
0.00019872220582328737
0.0001491989241912961
0.00014551184722222388
0.00012722896644845605
0.00012111863179598004
9.964897617464885e-05
9.073098044609651e-05
7.426580850733444e-05
7.062910299282521e-05
6.42051818431355e-05
5.921744377701543e-05
4.897367398370989e-05
4.804168929695152e-05
4.1107799916062504e-05
3.993690188508481e-05
3.5194629163015634e-05
3.246376945753582e-05
3.30543662130367e-05
3.2769930840004236e-05
2.6315596187487245e-05
2.7129639420309104e-05
2.7484446036396548e-05
2.280836815771181e-05
2.4964934709714726e-05
2.630900235089939e-05
2.1995820134179667e-05
2.2280775738181546e-05
2.070519440167118e-05
2.1792988263769075e-05
1.8238628399558365e-05
1.9227250959374942e-05
1.8086469935951754e-05
1.6582142052357085e-05
1.846326995291747e-05
1.5318972145905718e-05
1.817850898078177e-05
1.4936546904209536e-05
1.3542122360377107e-05
1.4334621482703369e-05
1.2623198927030899e-05
1.2056953892169986e-05
1.459889426769223e-05
1.2249878636794165e-05
1.2979572602489498e-05
1.498973051639041e-05
1.2378120118228253e-05
1.6288260667352006e-05
1.128509575210046e-05
1.0800982636283152e-05
1.1198608262930065e-05
1.0301446309313178e-05
1.4283705240814015e-05
1.1535684279806446e-05
9.796117410587613e-06
9.054218025994487e-06
9.621480785426684e-06
9.214742931362707e-06
1.3324767678568605e-05
1.1467070180515293e-05
1.6179685189854354e-05
9.437396329303738e-06
8.872876605892088e-06
9.237421181751415e-06
1.1472902770037763e-05
8.326848728756886e-06
7.708898920100182e-06
1.0354458026995417e-05
8.893318408809137e-06
7.886083949415479e-06
9.493886864220258e-06
7.116781489457935e-06
6.703808594465954e-06
6.884452432132093e-06
8.33006197353825e-06
9.101130672206637e-06
8.717807759239804e-06
7.524140073655872e-06
6.688248049613321e-06
6.522586318169488e-06
5.8689670368039515e-06
1.153901030193083e-05
6.355395271384623e-06
5.716301075153751e-06
8.120337042782921e-06
7.2557363637315575e-06
6.107972694735508e-06
6.02628506385372e-06
5.425168637884781e-06
7.2548859861854e-06
5.5440718824684154e-06
8.279807843791787e-06
5.280956884234911e-06
5.8435730352357496e-06
8.84688961377833e-06
5.33914999323315e-06
5.383507414080668e-06
5.679100922861835e-06
7.113615083653713e-06
6.0385482356650755e-06
5.392166258388897e-06
4.72227429781924e-06
5.497186066349968e-06
4.62096886622021e-06
7.93994331615977e-06
5.8376372180646285e-06
5.538229743251577e-06
7.609569820488105e-06
5.626586698781466e-06
6.461692009906983e-06
5.0774483497662e-06
5.493218395713484e-06
9.647334991313983e-06
4.347411049820948e-06
1.0724103958636988e-05
4.870337761531118e-06
4.21763570557232e-06
5.743834208260523e-06
4.343204636825249e-06
5.7607953749538865e-06
4.176866241323296e-06
5.973304723738693e-06
4.259204160916852e-06
7.220501174742822e-06
4.564272785501089e-06
4.816914952243678e-06
7.354132321779616e-06
4.990146862837719e-06
4.1469243114988785e-06
3.6977896797907306e-06
4.051388259540545e-06
4.713768248620909e-06
7.097637535480317e-06
4.035591246065451e-06
3.832930815406144e-06
5.579672233579913e-06
3.6654266750701936e-06
4.0067179725156166e-06
6.587886673514731e-06
3.833982646028744e-06
1.0434399882797152e-05
7.696629836573265e-06
5.1065544539596885e-06
4.838216227653902e-06
7.501415893784724e-06
5.5688683460175525e-06
3.7191935007285792e-06
3.653663952718489e-06
3.4515467177698156e-06
4.6217105591495056e-06
5.16860154675669e-06
4.742567853099899e-06
7.393821306322934e-06
3.889343588525662e-06
3.843253580271266e-06
4.2641440813895315e-06
5.3650260269932915e-06
3.8599232539127115e-06
3.842416845145635e-06
5.051985226600664e-06
3.750800260604592e-06
9.059843250724953e-06
4.661595085053705e-06
3.7542299651249778e-06
4.902307864540489e-06
8.7065200204961e-06
3.402858965273481e-06
3.275002427471918e-06
4.988466571376193e-06
4.670341695600655e-06
3.4365898500254843e-06
4.653738415072439e-06
3.0827502541797003e-06
3.3073481517931214e-06
3.7873619476158638e-06
5.088284979137825e-06
7.979791917023249e-06
3.60091371476301e-06
6.683485480607487e-06
3.8056020912335953e-06
3.0962169148551766e-06
3.0780943234276492e-06
3.160388132528169e-06
3.5818309243040858e-06
3.988259777543135e-06
9.030092769535258e-06
3.212474439351354e-06
5.438264452095609e-06
3.241745844206889e-06
3.008890871569747e-06
4.193199856672436e-06
3.584137402867782e-06
7.861058293201495e-06
4.244932370056631e-06
3.0341450383275514e-06
3.304751771793235e-06
3.0028202218090883e-06
4.931457624479663e-06
3.012864908669144e-06
