0.5432830452919006
0.4993917942047119
0.4512331485748291
0.3993939757347107
0.33822089433670044
0.27619674801826477
0.5586302280426025
0.61183762550354
0.737202525138855
0.7133646607398987
0.7416163086891174
0.7759219408035278
0.7759219408035278
0.7759219408035278
0.7759219408035278
0.7759219408035278
0.7759219408035278
0.7759219408035278
0.7759219408035278
0.7759219408035278
0.7759219408035278
0.7759219408035278
0.7759219408035278
0.7759219408035278
0.7759219408035278
0.7759219408035278
0.7759219408035278
0.7759219408035278
0.7759219408035278
0.7759219408035278
0.7759219408035278
0.7759219408035278
0.7416163086891174
0.7416163086891174
0.7416163086891174
0.7416163086891174
0.7416163086891174
0.7416163086891174
0.7416163086891174
0.7416163086891174
0.7416163086891174
0.7133646607398987
0.7133646607398987
0.6925417184829712
0.6672981977462769
0.6672981977462769
0.6376999020576477
0.20793503522872925
0.5586302280426025
0.1671242117881775
0.13830068707466125
0.11925169825553894
0.10015943646430969
0.08962294459342957
0.07691672444343567
0.07736492156982422
0.07201942801475525
0.07090973854064941
0.06416445970535278
0.060674428939819336
0.054793983697891235
0.05202990770339966
0.04962563514709473
0.04806482791900635
0.04231899976730347
0.04239702224731445
0.03812551498413086
0.03747197985649109
0.03461378812789917
0.0337660014629364
0.029693633317947388
0.03373974561691284
0.030910521745681763
0.03050321340560913
0.026096075773239136
0.02899804711341858
0.02674424648284912
0.03110581636428833
0.024461209774017334
0.027646034955978394
0.027015089988708496
0.024733036756515503
0.02329203486442566
0.024271517992019653
0.026950210332870483
0.021754413843154907
0.026830613613128662
0.021929949522018433
0.02735757827758789
0.021108388900756836
0.020991355180740356
0.02106890082359314
0.02185174822807312
0.01768440008163452
0.021707862615585327
0.02183118462562561
0.016633659601211548
0.01916709542274475
0.01605042815208435
0.024782419204711914
0.021359235048294067
0.019022852182388306
0.020822852849960327
0.01664149761199951
0.023978501558303833
0.02038922905921936
0.01990756392478943
0.016938239336013794
0.019960075616836548
0.017170190811157227
0.014698177576065063
0.020802468061447144
0.024204134941101074
0.02079296112060547
0.018296480178833008
0.016419798135757446
0.013158708810806274
0.019133687019348145
0.016718536615371704
0.019108295440673828
0.013764798641204834
0.018235504627227783
0.020688503980636597
0.014628946781158447
0.015531033277511597
0.01732775568962097
0.013181477785110474
0.020367592573165894
0.01950851082801819
0.01798802614212036
0.01678389310836792
0.016666293144226074
0.015682309865951538
0.021805137395858765
0.011667817831039429
0.013333350419998169
0.01830044388771057
0.01816663146018982
0.01665586233139038
0.013913661241531372
0.014582842588424683
0.010750830173492432
0.011520683765411377
0.009588658809661865
0.015343815088272095
0.014406204223632812
0.009173005819320679
0.01599070429801941
0.013304203748703003
0.013991355895996094
0.016675442457199097
0.012751013040542603
0.014535456895828247
0.01404997706413269
0.014998674392700195
0.01407545804977417
0.00911092758178711
0.015354126691818237
0.010048896074295044
0.017722636461257935
0.014954954385757446
0.016046524047851562
0.015095144510269165
0.011790156364440918
0.00911647081375122
0.01349174976348877
0.019117653369903564
0.015351563692092896
0.01262006163597107
0.016885906457901
0.014339715242385864
0.012302160263061523
0.012571007013320923
0.01608678698539734
0.011482059955596924
0.008811146020889282
0.00923892855644226
0.01545223593711853
0.009454011917114258
0.008699297904968262
0.010562896728515625
0.011419802904129028
0.00975903868675232
0.011152476072311401
0.008677661418914795
0.011720240116119385
0.012357383966445923
0.008649468421936035
0.012378722429275513
0.01203271746635437
0.01531672477722168
0.011054426431655884
0.010510176420211792
0.008214235305786133
0.012474209070205688
0.014334619045257568
0.010242968797683716
0.016182929277420044
0.011163651943206787
0.010338276624679565
0.010607361793518066
0.013638973236083984
0.00855100154876709
0.01472383737564087
0.009008347988128662
0.013790220022201538
0.01001816987991333
0.013391613960266113
0.012312203645706177
0.011060625314712524
0.012346088886260986
0.013578027486801147
0.011684030294418335
0.017058759927749634
0.014538019895553589
0.012450337409973145
0.01422092318534851
0.017626404762268066
0.011893868446350098
0.009929686784744263
0.015422523021697998
0.013816922903060913
0.012393802404403687
0.007886767387390137
0.01229715347290039
0.00938674807548523
0.013468921184539795
0.012102842330932617
0.016636282205581665
0.011487066745758057
0.015142768621444702
0.009009599685668945
0.011533141136169434
0.011828869581222534
0.012283354997634888
0.011686533689498901
0.00796160101890564
0.01684403419494629
0.010910570621490479
0.008511096239089966
0.009765177965164185
0.011458396911621094
0.008913367986679077
0.01243901252746582
0.010539233684539795
0.01303359866142273
0.010168254375457764
0.012699365615844727
0.01200518012046814
0.015091270208358765
0.012411385774612427
