0.31475701928138733
0.2788327634334564
0.24275058507919312
0.20438556373119354
0.16487964987754822
0.12121984362602234
0.08147242665290833
0.04611988365650177
0.021548394113779068
0.00805805902928114
0.005390345584601164
0.005205877125263214
0.005190173629671335
0.005018400028347969
0.005100777838379145
0.004837345331907272
0.00487578846514225
0.004605910740792751
0.004570330493152142
0.004267203621566296
0.004201994743198156
0.0038781575858592987
0.003786512417718768
0.0034834647085517645
0.0034999260678887367
0.0031984131783246994
0.0033286965917795897
0.0029832832515239716
0.003175214398652315
0.002784545300528407
0.002933869371190667
0.002603757893666625
0.0026938454248011112
0.0025228289887309074
0.002574494807049632
0.0024893663357943296
0.002496884437277913
0.002441888675093651
0.002440584823489189
0.002408417174592614
0.0023964266292750835
0.002376476302742958
0.002362970495596528
0.0023441507946699858
0.002327002352103591
0.002303651301190257
0.0023040466476231813
0.002261501271277666
0.0022122047375887632
0.0021413436625152826
0.0020123827271163464
0.0018451674841344357
0.0016540057258680463
0.001480061560869217
0.0013670037733390927
0.0013177894288673997
0.0012368023162707686
0.001195985358208418
0.0011451671598479152
0.0010809662053361535
0.0010449691908434033
0.0009806306334212422
0.0009752641781233251
0.0009454716346226633
0.0008933516801334918
0.000851390534080565
0.0008236920111812651
0.0007976451306603849
0.0007828735979273915
0.0007297491538338363
0.0006994595169089735
0.0007305837934836745
0.0007035192684270442
0.0006259593646973372
0.0006363599095493555
0.0006743808626197278
0.0005809853319078684
0.0006343967979773879
0.0006206364487297833
0.0006002079462632537
0.0005764326779171824
0.0005571680376306176
0.0005900967516936362
0.0005305229569785297
0.0005414445768110454
0.0005062411655671895
0.0005051271873526275
0.0005064608994871378
0.00048415130004286766
0.0005021342658437788
0.00047411819105036557
0.0004474616434890777
0.00046667736023664474
0.0004263432929292321
0.0004310191434342414
0.0004667262255679816
0.0004190988838672638
0.00045166604104451835
0.00047245845780707896
0.0004385334614198655
0.0004717340925708413
0.000399445416405797
0.000399516720790416
0.00040193795575760305
0.00039711687713861465
0.0004413453279994428
0.0004036872705910355
0.00037423463072627783
0.0003659426874946803
0.0003684883704409003
0.0003702180983964354
0.00045652323751710355
0.00039924634620547295
0.0004704478778876364
0.00036024837754666805
0.00035818348987959325
0.0003727716684807092
0.0004234096850268543
0.00034217891516163945
0.00033223116770386696
0.0003826389438472688
0.0003695517953019589
0.0003322048287373036
0.0003609773120842874
0.00032447645207867026
0.0003113686107099056
0.0003117314481642097
0.0003574135189410299
0.00035620667040348053
0.00034795640385709703
0.00032372522400692105
0.0003055989509448409
0.00030344800325110555
0.0002887719019781798
0.00039878644747659564
0.0003087689110543579
0.0002896759251598269
0.0003366841992828995
0.00031801933073438704
0.00029354396974667907
0.0002976636169478297
0.00028016811120323837
0.0003337409580126405
0.00028830848168581724
0.0003592077118810266
0.0002734242589212954
0.00029239270952530205
0.00037296503433026373
0.0002736436726991087
0.0002804354880936444
0.0002889046154450625
0.0003166274691466242
0.00030069539207033813
0.0002760977076832205
0.00026059080846607685
0.00027878055698238313
0.00025742477737367153
0.0003525114443618804
0.00028803900931961834
0.0002904780558310449
0.00032663196907378733
0.00028214239864610136
0.00030231932760216296
0.0002676192671060562
0.0002869536110665649
0.0003907223872374743
0.00025050024851225317
0.00038899440551176667
0.0002620177110657096
0.0002476338704582304
0.0002828419383149594
0.00024779036175459623
0.0002939880941994488
0.000244669325184077
0.0002918415702879429
0.00024857360403984785
0.00033507688203826547
0.00026216707192361355
0.0002606693306006491
0.0003364237491041422
0.00027621627668850124
0.0002466214064043015
0.00023254203551914543
0.00024578682496212423
0.0002658671292010695
0.00033278504270128906
0.00024257735640276223
0.00023597576364409178
0.000293155200779438
0.0002291184209752828
0.00024068467610049993
0.00030751206213608384
0.000237328014918603
0.0004079217615071684
0.0003471948148217052
0.00027571350801736116
0.0002621002495288849
0.00034407683415338397
0.0002787394041661173
0.00023228011559695005
0.00023186668113339692
0.00022480011102743447
0.0002593623357824981
0.0002815576153807342
0.00026055570924654603
0.0003416440449655056
0.00023410934954881668
0.00023835751926526427
0.00024711727746762335
0.00028330509667284787
0.00023681680613663048
0.0002337992045795545
0.0002692689304240048
0.00023428682470694184
0.0003596448223106563
0.00025619228836148977
0.0002312701690243557
0.00026408486883156
0.0003501528990454972
0.00022082867508288473
0.00021933813695795834
0.0002643465995788574
0.00025789786013774574
0.00022285393788479269
0.00026654082466848195
0.00020908517763018608
0.00022165723203215748
0.00023219810100272298
0.0002721025375649333
0.00033657762105576694
0.00023035424237605184
0.0003092811384703964
0.0002392432652413845
0.00021008081967011094
0.00020944912103004754
0.0002114868984790519
0.00022686847660224885
0.00024552387185394764
0.0003584961814340204
0.00021690144785679877
0.0002895584621001035
0.00021689666027668864
0.00020786582899745554
0.00025341034051962197
0.00022818536672275513
0.0003529849636834115
0.0002453787892591208
0.0002109763736370951
0.00021610234398394823
0.0002060839906334877
0.00026292342226952314
0.00020638364367187023
