245.93275451660156
217.41317749023438
188.7672882080078
158.38723754882812
127.1497802734375
92.73426055908203
61.499916076660156
34.028018951416016
15.210926055908203
4.730143070220947
1.231666088104248
0.557671070098877
0.7927137613296509
0.4333813488483429
0.8853211402893066
0.4535973370075226
0.7937429547309875
0.4084200859069824
0.7008703351020813
0.424415647983551
0.6050340533256531
0.3940192759037018
0.4767480492591858
0.3754555583000183
0.45016488432884216
0.3620377779006958
0.45023664832115173
0.31382641196250916
0.45581313967704773
0.270293653011322
0.4207921326160431
0.2400376945734024
0.36198925971984863
0.2584863007068634
0.36089426279067993
0.22503361105918884
0.32841184735298157
0.2533656358718872
0.27880048751831055
0.26811376214027405
0.25263360142707825
0.22843582928180695
0.2668793499469757
0.2282530814409256
0.24114365875720978
0.24253107607364655
0.2532215118408203
0.2541757822036743
0.2834267020225525
0.24489770829677582
0.29157909750938416
0.3360564112663269
0.2685117721557617
0.36322057247161865
0.4169269800186157
0.5595324039459229
0.44640395045280457
0.4781009554862976
0.41433608531951904
0.424912691116333
0.4058346152305603
0.42792630195617676
0.4440799057483673
0.4708229899406433
0.40434709191322327
0.4437802731990814
0.37744274735450745
0.441194623708725
0.42645689845085144
0.3742428421974182
0.3597107529640198
0.38323691487312317
0.3751189410686493
0.32949256896972656
0.32922735810279846
0.38021358847618103
0.29901179671287537
0.35962021350860596
0.3108828067779541
0.353861927986145
0.30435043573379517
0.29695406556129456
0.33079078793525696
0.28451594710350037
0.2681105434894562
0.23844918608665466
0.25462210178375244
0.21424901485443115
0.2629219889640808
0.22358988225460052
0.24792779982089996
0.2259722352027893
0.23986685276031494
0.20649929344654083
0.23323781788349152
0.22030594944953918
0.1846889704465866
0.24440708756446838
0.22668054699897766
0.2314637303352356
0.15134422481060028
0.1840755045413971
0.19451211392879486
0.1888083815574646
0.2113267034292221
0.14742057025432587
0.16392558813095093
0.15577632188796997
0.15830442309379578
0.16634054481983185
0.17636606097221375
0.1745838075876236
0.1420859396457672
0.12424182146787643
0.13516324758529663
0.1422654539346695
0.18309612572193146
0.1653331071138382
0.1273772269487381
0.1423671543598175
0.14769771695137024
0.1647597700357437
0.13397669792175293
0.11623820662498474
0.15172776579856873
0.14293643832206726
0.12180541455745697
0.1459939181804657
0.09830442070960999
0.11396943777799606
0.10879063606262207
0.1032910868525505
0.11367010325193405
0.12038559466600418
0.087258480489254
0.1442517787218094
0.13369736075401306
0.11872748285531998
0.10268565267324448
0.11768314242362976
0.1152733564376831
0.09506634622812271
0.13715550303459167
0.13288132846355438
0.13852527737617493
0.11027710139751434
0.11609946191310883
0.13808222115039825
0.09223370254039764
0.10953687876462936
0.10534146428108215
0.0970042496919632
0.11816899478435516
0.09812735766172409
0.09469792991876602
0.09279154986143112
0.0951828733086586
0.12403523176908493
0.09525951743125916
0.10121753066778183
0.0780143067240715
0.08374102413654327
0.0871647447347641
0.09094055742025375
0.10508623719215393
0.09708087146282196
0.0841137021780014
0.08468484878540039
0.08366099745035172
0.08963537216186523
0.07456871122121811
0.07814368605613708
0.10052692145109177
0.08635570853948593
0.07181558012962341
0.10710908472537994
0.10636311024427414
0.10801282525062561
0.07618870586156845
0.11857090145349503
0.09961503744125366
0.10072354227304459
0.07844052463769913
0.0949086993932724
0.0913848727941513
0.11400558799505234
0.09869525581598282
0.07647600024938583
0.10268526524305344
0.07948002964258194
0.08419555425643921
0.09158636629581451
0.08681154251098633
0.11731778830289841
0.0979069173336029
0.0859270691871643
0.07904937118291855
0.10930617153644562
0.06260132044553757
0.08550595492124557
0.088094562292099
0.07999357581138611
0.0729447677731514
0.10214558988809586
0.06541017442941666
0.07985319942235947
0.06720739603042603
0.10224182158708572
0.07442669570446014
0.08683529496192932
0.07645269483327866
0.08413821458816528
0.06486596912145615
0.06252869963645935
0.062388379126787186
0.06246350705623627
0.06877665221691132
0.06508146226406097
0.06318102777004242
0.05967669188976288
0.06473635137081146
0.06274209171533585
0.05847861245274544
0.05525044724345207
0.09065936505794525
0.05598237365484238
0.06777659058570862
0.06059211120009422
0.07026337832212448
0.06432527303695679
0.05935516580939293
0.06316790729761124
0.07992231100797653
0.06625490635633469
0.06782472878694534
0.06257567554712296
0.06414656341075897
0.07509421557188034
0.059925712645053864
0.05762801691889763
0.0865936204791069
0.07439840584993362
0.06180969253182411
0.06272348016500473
0.06047200784087181
0.09783649444580078
0.06144459545612335
0.05878917872905731
0.06001817062497139
0.06047238036990166
0.05384715273976326
0.056506820023059845
