0.29893234372138977
0.2740042209625244
0.248369961977005
0.21958518028259277
0.18812249600887299
0.15050601959228516
0.11286753416061401
0.07340455055236816
0.03936299681663513
0.01602635346353054
0.014303099364042282
0.01447681337594986
0.014364120550453663
0.013514213263988495
0.014206072315573692
0.012480247765779495
0.013395811431109905
0.011330805718898773
0.012156730517745018
0.009728162549436092
0.010619666427373886
0.008085954003036022
0.008796370588243008
0.006627120543271303
0.008109520189464092
0.005591526161879301
0.0077929263934493065
0.004822484217584133
0.007663594093173742
0.004520517773926258
0.00695631792768836
0.004362996201962233
0.0056804814375936985
0.003997563384473324
0.004830332472920418
0.0038061365485191345
0.004088683985173702
0.0033650847617536783
0.003553034272044897
0.0032436244655400515
0.003199658589437604
0.002985628554597497
0.002959372941404581
0.002818593056872487
0.0026677525602281094
0.0025476114824414253
0.0028643424157053232
0.0025348470080643892
0.0023611655924469233
0.0022420550230890512
0.002217370318248868
0.0022406652569770813
0.00195989478379488
0.0017872400349006057
0.001639631693251431
0.0017567981267347932
0.0013443719362840056
0.001333667547442019
0.001344945514574647
0.0011851117014884949
0.0011955753434449434
0.0011588794877752662
0.0011870403541252017
0.0010671698255464435
0.0012279634829610586
0.0010743715101853013
0.0011803115485236049
0.0009583695791661739
0.0009584921645000577
0.0010993818286806345
0.0009574287105351686
0.0009947015205398202
0.0009191834833472967
0.0008186076302081347
0.001016648137010634
0.001069753896445036
0.0007734401151537895
0.0009720411035232246
0.0010028777178376913
0.0007746393675915897
0.0008298316970467567
0.0007267381879501045
0.0009796550730243325
0.0007401059265248477
0.0010519158095121384
0.0006245221593417227
0.0008615277474746108
0.0007044827798381448
0.0007017145399004221
0.0006029893993400037
0.0007620233227498829
0.0006509911618195474
0.0008600148721598089
0.0005736449384130538
0.0006079617887735367
0.0009577795281074941
0.000748760940041393
0.0006969546084292233
0.0010074456222355366
0.0007218471728265285
0.0007781409076415002
0.0005550637142732739
0.0006711848545819521
0.0006304391426965594
0.0006464767502620816
0.0006350603071041405
0.0007330348598770797
0.0006759443203918636
0.0006772263441234827
0.0005017113289795816
0.0007417736924253404
0.0011931919725611806
0.000701919780112803
0.0008037238148972392
0.000494901672936976
0.0007529181311838329
0.0007444799994118512
0.000964365724939853
0.0006483623292297125
0.0005889258463867009
0.0007401359034702182
0.0007462828070856631
0.0004953842726536095
0.0004973375471308827
0.0005051079788245261
0.0005104016745463014
0.0005020087119191885
0.0009140653419308364
0.0007775729172863066
0.0005224844790063798
0.0005679173627868295
0.0006106622167862952
0.0005431160097941756
0.00045752161531709135
0.0006425745668821037
0.0005155744729563594
0.000562929839361459
0.0005150730139575899
0.0005190075025893748
0.00045561647857539356
0.0005548713379539549
0.000564051209948957
0.000669992296025157
0.0004811695544049144
0.0006956913857720792
0.0004166896687820554
0.0006599846528843045
0.0008147547487169504
0.0004384766216389835
0.0005515991360880435
0.0006985341897234321
0.0006335800280794501
0.0008355698664672673
0.00047767869546078146
0.0005176208796910942
0.0004929813439957798
0.0005003020050935447
0.000723883684258908
0.0006198494229465723
0.0005326835671439767
0.0005620561423711479
0.0005833852919749916
0.0005498422542586923
0.0004297526029404253
0.0006392105715349317
0.0009930689120665193
0.0004592307086568326
0.0007786544738337398
0.0004478079208638519
0.0004653383221011609
0.0004041895444970578
0.0003904963086824864
0.0008781574433669448
0.000442010466940701
0.0006784111028537154
0.0004266567120794207
0.0009711471502669156
0.0004304594185668975
0.00048411256284452975
0.0007508830167353153
0.0005470924079418182
0.0003563605132512748
0.0004103993996977806
0.000406599574489519
0.0007329541258513927
0.0007466225069947541
0.0004622864071279764
0.0004259005654603243
0.0006346810259856284
0.0003679449437186122
0.0004732463276013732
0.0007702387520112097
0.0004592405748553574
0.0008727957610972226
0.0009332487243227661
0.0007995490450412035
0.0004958926583640277
0.000548102252651006
0.00038967051659710705
0.0003933825937565416
0.000364187901141122
0.0003381898859515786
0.0006969140376895666
0.0004304590402171016
0.0006790715851821005
0.0007690407219342887
0.00035477298661135137
0.00037550495471805334
0.0005426481366157532
0.0008330128039233387
0.0005373801104724407
0.00035852412111125886
0.0005659910966642201
0.0004196907684672624
0.0007751514785923064
0.0005211278330534697
0.0004047501424793154
0.0005859337979927659
0.0005316964234225452
0.0004360100720077753
0.00037284931750036776
0.0003729288000613451
0.0004913851153105497
0.0004545115225482732
0.0004547563730739057
0.0003156638704240322
0.0003437920240685344
0.00043326595914550126
0.0007482233922928572
0.0006413825321942568
0.0006424881285056472
0.0006895392434671521
0.0003868039639201015
0.00031804796890355647
0.00033639741013757885
0.0003102381597273052
0.00042622737237252295
0.0004548428696580231
0.0007159397355280817
0.000498777546454221
0.0007515041506849229
0.0003731739998329431
0.00038659822894260287
0.0006287671276368201
0.0005730597767978907
0.0005999439745210111
0.0004947856068611145
0.00032134700450114906
0.0003565253864508122
0.00029994838405400515
0.0003701733367051929
0.00029123900458216667
