1.265875220298767
1.1731157302856445
1.0807100534439087
0.9785166382789612
0.8687495589256287
0.7401236891746521
0.6125688552856445
0.47785893082618713
0.3556361794471741
0.24206046760082245
0.22972579300403595
0.2258351892232895
0.2757537364959717
0.2267029732465744
0.28366369009017944
0.22906096279621124
0.2792015075683594
0.23051153123378754
0.27182477712631226
0.23166294395923615
0.26329708099365234
0.22762727737426758
0.25445273518562317
0.22289539873600006
0.25721749663352966
0.21851789951324463
0.2586081922054291
0.21109864115715027
0.2595123052597046
0.2056519240140915
0.2545311748981476
0.20261627435684204
0.24337604641914368
0.2043650597333908
0.2355455458164215
0.2049138993024826
0.2290077954530716
0.2066880315542221
0.2227264940738678
0.20590639114379883
0.21577300131320953
0.20544731616973877
0.21064773201942444
0.20546218752861023
0.21039879322052002
0.20639987289905548
0.20462803542613983
0.20401200652122498
0.2073330283164978
0.20385406911373138
0.2066105604171753
0.20702649652957916
0.20854069292545319
0.20492836833000183
0.20349723100662231
0.20199932157993317
0.20328359305858612
0.20498891174793243
0.20185603201389313
0.20301733911037445
0.20326456427574158
0.2038205862045288
0.203912153840065
0.20328624546527863
0.20595619082450867
0.204158753156662
0.20536012947559357
0.20091243088245392
0.20369084179401398
0.1998588591814041
0.20437775552272797
0.20201870799064636
0.20245179533958435
0.19976146519184113
0.20039235055446625
0.20338453352451324
0.203012153506279
0.20403724908828735
0.20565015077590942
0.20141838490962982
0.20112664997577667
0.20043215155601501
0.20363552868366241
0.2004440277814865
0.20523981750011444
0.20101439952850342
0.20361372828483582
0.2015746682882309
0.20238199830055237
0.2006557285785675
0.20002977550029755
0.2002449780702591
0.20418430864810944
0.20066037774085999
0.20120137929916382
0.20358313620090485
0.20310468971729279
0.19907796382904053
0.19851411879062653
0.19847337901592255
0.2023426592350006
0.20023708045482635
0.2020622193813324
0.20134037733078003
0.20126883685588837
0.20052091777324677
0.2005355954170227
0.20159730315208435
0.20180779695510864
0.19974640011787415
0.2033451795578003
0.2030850201845169
0.199968159198761
0.19897066056728363
0.2011759728193283
0.2019222378730774
0.20344339311122894
0.20231378078460693
0.20339840650558472
0.198842391371727
0.1992950588464737
0.2019529938697815
0.20112372934818268
0.20049327611923218
0.20131300389766693
0.19899672269821167
0.20132286846637726
0.20305556058883667
0.2038837969303131
0.19940496981143951
0.19962240755558014
0.19773796200752258
0.19964171946048737
0.199157252907753
0.20264019072055817
0.19824811816215515
0.20288389921188354
0.19931530952453613
0.20245978236198425
0.19898129999637604
0.20033937692642212
0.20029927790164948
0.2019672989845276
0.2003048062324524
0.20159922540187836
0.1994352489709854
0.2025710642337799
0.2011145055294037
0.2015661597251892
0.19798122346401215
0.20310036838054657
0.19783180952072144
0.20374749600887299
0.19937412440776825
0.20150350034236908
0.19920434057712555
0.20097799599170685
0.2008713334798813
0.19842754304409027
0.1988842487335205
0.19992907345294952
0.1977425515651703
0.19983218610286713
0.19887371361255646
0.20224983990192413
0.20123417675495148
0.20089665055274963
0.19715647399425507
0.19952857494354248
0.20089112222194672
0.20027853548526764
0.1993604153394699
0.20329031348228455
0.19868877530097961
0.20305795967578888
0.19834856688976288
0.20477037131786346
0.19898951053619385
0.2018800526857376
0.19678591191768646
0.20227821171283722
0.19960615038871765
0.2013702392578125
0.19944366812705994
0.20367123186588287
0.2013031542301178
0.20198900997638702
0.20047244429588318
0.2020004689693451
0.19807785749435425
0.19908371567726135
0.19634537398815155
0.20145843923091888
0.2014075666666031
0.20264574885368347
0.20281997323036194
0.19919000566005707
0.1984393447637558
0.2009512484073639
0.199248269200325
0.20060503482818604
0.19953767955303192
0.2034236639738083
0.19851167500019073
0.20416900515556335
0.20049728453159332
0.20067228376865387
0.19989904761314392
0.20284368097782135
0.2026606798171997
0.19876596331596375
0.1995275318622589
0.19979393482208252
0.20036213099956512
0.1991223394870758
0.19749055802822113
0.2002858817577362
0.19758252799510956
0.2007150650024414
0.19875070452690125
0.1996300369501114
0.19929471611976624
0.19968022406101227
0.20087096095085144
0.19978690147399902
0.20052340626716614
0.20070403814315796
0.20081603527069092
0.19796358048915863
0.1984129101037979
0.20319721102714539
0.19773703813552856
0.2013065665960312
0.19902025163173676
0.20052221417427063
0.1995341032743454
0.20019643008708954
0.19831250607967377
0.19982856512069702
0.2015472799539566
0.20311321318149567
0.19887453317642212
0.2019137442111969
0.20204897224903107
0.20271410048007965
0.19749608635902405
0.19961422681808472
0.19939811527729034
0.20150189101696014
0.19936147332191467
0.20071828365325928
0.19950412213802338
