1.2658706903457642
1.173079252243042
1.080649971961975
0.9784374833106995
0.8686641454696655
0.7400456070899963
0.6125051975250244
0.4778152406215668
0.35561275482177734
0.24204999208450317
0.2297210395336151
0.22583672404289246
0.2757689356803894
0.22670696675777435
0.28367921710014343
0.22906513512134552
0.27921196818351746
0.23051393032073975
0.27183249592781067
0.23166154325008392
0.2632981836795807
0.22761841118335724
0.25445520877838135
0.22288493812084198
0.2572242319583893
0.21851879358291626
0.25862184166908264
0.21110162138938904
0.25952866673469543
0.20565368235111237
0.25455236434936523
0.20262673497200012
0.24339525401592255
0.20437566936016083
0.23556260764598846
0.20491278171539307
0.22902415692806244
0.2067009061574936
0.22274096310138702
0.2059149146080017
0.2157870978116989
0.20546768605709076
0.21067489683628082
0.2054731547832489
0.2104150801897049
0.20641089975833893
0.2046426236629486
0.20402337610721588
0.2073470503091812
0.20386344194412231
0.2066315859556198
0.2070382535457611
0.20854538679122925
0.20494040846824646
0.2035054713487625
0.20202113687992096
0.2032928615808487
0.20498991012573242
0.2018730789422989
0.20303022861480713
0.20327253639698029
0.2038336545228958
0.2039313167333603
0.20329849421977997
0.20596465468406677
0.20417550206184387
0.20536378026008606
0.200924351811409
0.20369881391525269
0.19987241923809052
0.20439450442790985
0.2020237147808075
0.20246390998363495
0.199776753783226
0.20039640367031097
0.20339320600032806
0.20301859080791473
0.20404982566833496
0.20565447211265564
0.2014385610818863
0.20112434029579163
0.20043399930000305
0.2036425918340683
0.20045068860054016
0.20525208115577698
0.2010279893875122
0.20362325012683868
0.20158012211322784
0.20239411294460297
0.20066919922828674
0.2000451534986496
0.20025447010993958
0.20418623089790344
0.20066969096660614
0.20121681690216064
0.20357884466648102
0.20311124622821808
0.19909057021141052
0.19852519035339355
0.19847644865512848
0.20235009491443634
0.2002526819705963
0.20207801461219788
0.20134547352790833
0.20127089321613312
0.20053376257419586
0.20054955780506134
0.20160724222660065
0.20182640850543976
0.1997566819190979
0.2033587396144867
0.20309680700302124
0.19997979700565338
0.19897206127643585
0.20118489861488342
0.20193922519683838
0.20345206558704376
0.20232343673706055
0.20340865850448608
0.1988503485918045
0.1992982178926468
0.20195996761322021
0.20112627744674683
0.20050719380378723
0.2013295292854309
0.19900618493556976
0.20133262872695923
0.20306243002414703
0.20391197502613068
0.199411541223526
0.19962488114833832
0.19774985313415527
0.1996520757675171
0.19916151463985443
0.20264409482479095
0.19826540350914001
0.20289456844329834
0.19932878017425537
0.2024751603603363
0.19898194074630737
0.200347438454628
0.20030537247657776
0.20197759568691254
0.20031830668449402
0.20161662995815277
0.19944725930690765
0.20258387923240662
0.2011224627494812
0.2015751153230667
0.19799496233463287
0.20311497151851654
0.19783201813697815
0.20376187562942505
0.19938291609287262
0.20150506496429443
0.19921337068080902
0.2009861022233963
0.20087939500808716
0.19843727350234985
0.19887758791446686
0.19994518160820007
0.19775691628456116
0.19984449446201324
0.19888006150722504
0.2022644579410553
0.20124365389347076
0.200909823179245
0.197167307138443
0.19953159987926483
0.20090459287166595
0.20029020309448242
0.1993710994720459
0.2033034861087799
0.19869524240493774
0.20305809378623962
0.19834749400615692
0.2047826051712036
0.19899524748325348
0.2018865942955017
0.19679908454418182
0.20229241251945496
0.1996150016784668
0.2013760358095169
0.19946059584617615
0.20367732644081116
0.2013084441423416
0.20199914276599884
0.20048362016677856
0.20200909674167633
0.19809092581272125
0.19909466803073883
0.19635653495788574
0.20147058367729187
0.20142802596092224
0.20264334976673126
0.20282894372940063
0.1991991251707077
0.19844701886177063
0.20096011459827423
0.1992625892162323
0.20060968399047852
0.1995500922203064
0.20343056321144104
0.19852253794670105
0.20417116582393646
0.2004968225955963
0.20068299770355225
0.1999061405658722
0.20285439491271973
0.20266205072402954
0.19877934455871582
0.19954949617385864
0.199799045920372
0.20037968456745148
0.1991405487060547
0.19749625027179718
0.20029990375041962
0.19758480787277222
0.20073318481445312
0.19876360893249512
0.1996488720178604
0.19932128489017487
0.1996823251247406
0.2008778601884842
0.1998051255941391
0.20053237676620483
0.200713649392128
0.20081979036331177
0.19797120988368988
0.19841504096984863
0.20320750772953033
0.1977454423904419
0.20130787789821625
0.1990363448858261
0.2005278468132019
0.199539452791214
0.2002146989107132
0.19831900298595428
0.19983160495758057
0.2015494704246521
0.20311975479125977
0.19888658821582794
0.20192468166351318
0.20206677913665771
0.20273222029209137
0.1975095570087433
0.19962799549102783
0.19940707087516785
0.2015119045972824
0.1993640661239624
0.20073500275611877
0.1991356909275055
