0.6045165061950684
0.5665968060493469
0.5277528166770935
0.48386675119400024
0.4353351294994354
0.37664514780044556
0.3165609538555145
0.2508518695831299
0.18915918469429016
0.13012492656707764
0.12330900132656097
0.12159157544374466
0.14862774312496185
0.1228269413113594
0.1538904756307602
0.1251213252544403
0.15282128751277924
0.12738439440727234
0.15059100091457367
0.13008934259414673
0.1479935348033905
0.1300312876701355
0.14457277953624725
0.12883777916431427
0.14656202495098114
0.1272253841161728
0.1475892961025238
0.12351798266172409
0.14841975271701813
0.12080347537994385
0.1458805650472641
0.11911681294441223
0.1397746205329895
0.12024381011724472
0.13550665974617004
0.12043000012636185
0.1324242502450943
0.12193907797336578
0.1297883242368698
0.12210285663604736
0.12711049616336823
0.12278390675783157
0.12568750977516174
0.12352078408002853
0.12655623257160187
0.12487268447875977
0.12362367659807205
0.12376139312982559
0.1257796734571457
0.12436379492282867
0.1261335164308548
0.1267857402563095
0.12752406299114227
0.12565049529075623
0.12484157830476761
0.12440959364175797
0.12527528405189514
0.1267293393611908
0.12467104941606522
0.12578657269477844
0.12595361471176147
0.12649773061275482
0.12667618691921234
0.12660422921180725
0.12813568115234375
0.12742020189762115
0.12801599502563477
0.12558981776237488
0.1271204799413681
0.12501533329486847
0.1277408003807068
0.1268908828496933
0.12658733129501343
0.1253247857093811
0.12536226212978363
0.12763291597366333
0.1271033138036728
0.12822313606739044
0.1289389431476593
0.12666228413581848
0.12613099813461304
0.12624090909957886
0.128031924366951
0.12622559070587158
0.1289161890745163
0.12663930654525757
0.12792734801769257
0.12689632177352905
0.12729448080062866
0.12649793922901154
0.12589766085147858
0.1261439472436905
0.12837140262126923
0.12648101150989532
0.126580148935318
0.12841841578483582
0.1278100162744522
0.1256522536277771
0.1250106394290924
0.12534190714359283
0.12706215679645538
0.1261342614889145
0.1272580772638321
0.12707564234733582
0.1269119828939438
0.126417875289917
0.12612374126911163
0.12716105580329895
0.12711402773857117
0.12613841891288757
0.12810280919075012
0.12828603386878967
0.12596260011196136
0.12562844157218933
0.12682227790355682
0.12755514681339264
0.12835708260536194
0.1278713494539261
0.1281363070011139
0.12568189203739166
0.12562866508960724
0.127506285905838
0.12668082118034363
0.126591756939888
0.12691886723041534
0.12586084008216858
0.12712198495864868
0.12829551100730896
0.12853004038333893
0.12600848078727722
0.12583522498607635
0.12500493228435516
0.12581497430801392
0.12591500580310822
0.12775792181491852
0.1253538429737091
0.12773354351520538
0.12607605755329132
0.12761317193508148
0.12590114772319794
0.12645822763442993
0.12671023607254028
0.1273754984140396
0.12673501670360565
0.12737204134464264
0.12611845135688782
0.1279260367155075
0.12727288901805878
0.12726853787899017
0.12532876431941986
0.12805891036987305
0.12498519569635391
0.12841176986694336
0.12592649459838867
0.12710799276828766
0.12595538794994354
0.1268637776374817
0.12719842791557312
0.12529264390468597
0.1259245127439499
0.1261516511440277
0.1251627504825592
0.1261674165725708
0.12574486434459686
0.1277187019586563
0.12737929821014404
0.12712930142879486
0.12492039054632187
0.12610137462615967
0.12705175578594208
0.12658850848674774
0.12620310485363007
0.1283033937215805
0.1258019357919693
0.12818725407123566
0.1256125569343567
0.1290183663368225
0.12597768008708954
0.1275981217622757
0.12463074177503586
0.1277277171611786
0.12627123296260834
0.1271447390317917
0.12635397911071777
0.12858042120933533
0.1274624466896057
0.12769749760627747
0.12692967057228088
0.1276574730873108
0.1256375014781952
0.12579409778118134
0.12432323396205902
0.1272740364074707
0.12767399847507477
0.1281079202890396
0.12829159200191498
0.1256762444972992
0.1257040649652481
0.12694810330867767
0.1260773241519928
0.12668560445308685
0.12634409964084625
0.12839648127555847
0.1257580667734146
0.12857764959335327
0.12689244747161865
0.1266540139913559
0.12647579610347748
0.1280071884393692
0.12819117307662964
0.12550762295722961
0.12624672055244446
0.12606190145015717
0.12704725563526154
0.125410258769989
0.12498923391103745
0.1263796091079712
0.12498607486486435
0.1266179084777832
0.1256079226732254
0.12600883841514587
0.12596435844898224
0.12586726248264313
0.1270252913236618
0.12605692446231842
0.12665025889873505
0.1265539675951004
0.12689244747161865
0.12484762817621231
0.1253313571214676
0.1280880719423294
0.12499081343412399
0.12700596451759338
0.12580133974552155
0.12663225829601288
0.1261560171842575
0.12626130878925323
0.12534542381763458
0.1258360892534256
0.12722334265708923
0.1281351000070572
0.1257351040840149
0.1272551417350769
0.12758105993270874
0.12783904373645782
0.12487637996673584
0.12585294246673584
0.1259237676858902
0.12692105770111084
0.12591901421546936
0.12649817764759064
0.12604501843452454
