-0.029428720474243164
-0.024565935134887695
-0.02018260955810547
-0.015867233276367188
-0.011877059936523438
-0.008013486862182617
-0.005034685134887695
-0.002711772918701172
-0.0012667179107666016
-0.00048732757568359375
-0.0003826618194580078
-0.00034236907958984375
-0.0006303787231445312
-0.00033664703369140625
-0.0007047653198242188
-0.00039124488830566406
-0.0006973743438720703
-0.00039196014404296875
-0.000614166259765625
-0.0005083084106445312
-0.0006868839263916016
-0.0006401538848876953
-0.0008182525634765625
-0.0007739067077636719
-0.0009725093841552734
-0.0005877017974853516
-0.0009915828704833984
-0.000591278076171875
-0.0013318061828613281
-0.0006132125854492188
-0.0009291172027587891
-0.0006113052368164062
-0.0011055469512939453
-0.0009746551513671875
-0.0007264614105224609
-0.0006852149963378906
-0.0008568763732910156
-0.0007541179656982422
-0.0007054805755615234
-0.0007569789886474609
-0.0006723403930664062
-0.0006594657897949219
-0.0009222030639648438
-0.0008208751678466797
-0.0009119510650634766
-0.0007555484771728516
-0.0008444786071777344
-0.0006868839263916016
-0.0007853507995605469
-0.0007035732269287109
-0.0010216236114501953
-0.0007314682006835938
-0.0006952285766601562
-0.0007009506225585938
-0.0007259845733642578
-0.0007407665252685547
-0.0008177757263183594
-0.0007791519165039062
-0.0008153915405273438
-0.0007059574127197266
-0.0006315708160400391
-0.0007836818695068359
-0.0008213520050048828
-0.0009591579437255859
-0.0007855892181396484
-0.001100778579711914
-0.0007052421569824219
-0.0008673667907714844
-0.0008752346038818359
-0.0005974769592285156
-0.0006887912750244141
-0.0009021759033203125
-0.0007748603820800781
-0.0006144046783447266
-0.0007491111755371094
-0.0006897449493408203
-0.0005431175231933594
-0.0009982585906982422
-0.0009684562683105469
-0.0009617805480957031
-0.0008797645568847656
-0.0010890960693359375
-0.0010695457458496094
-0.0009882450103759766
-0.0008692741394042969
-0.0007359981536865234
-0.0006248950958251953
-0.0009121894836425781
-0.0006210803985595703
-0.0009665489196777344
-0.0009739398956298828
-0.0007257461547851562
-0.0007123947143554688
-0.0006124973297119141
-0.0007076263427734375
-0.0009706020355224609
-0.0007810592651367188
-0.0009012222290039062
-0.000713348388671875
-0.0008723735809326172
-0.0008924007415771484
-0.0007417201995849609
-0.0007948875427246094
-0.0009219646453857422
-0.0010035037994384766
-0.0008876323699951172
-0.0007851123809814453
-0.0006136894226074219
-0.0004820823669433594
-0.0008525848388671875
-0.0009181499481201172
-0.0008780956268310547
-0.0007932186126708984
-0.0009918212890625
-0.0007228851318359375
-0.0008788108825683594
-0.0011887550354003906
-0.0007805824279785156
-0.0009205341339111328
-0.0009152889251708984
-0.0007481575012207031
-0.0009226799011230469
-0.0006887912750244141
-0.0008418560028076172
-0.0008141994476318359
-0.0007128715515136719
-0.0008769035339355469
-0.0008080005645751953
-0.0008044242858886719
-0.0007796287536621094
-0.0006990432739257812
-0.0006222724914550781
-0.0006585121154785156
-0.0006835460662841797
-0.0009541511535644531
-0.0005898475646972656
-0.0007021427154541016
-0.0009169578552246094
-0.0009446144104003906
-0.0006625652313232422
-0.0007956027984619141
-0.0005736351013183594
-0.0008640289306640625
-0.0007462501525878906
-0.0011086463928222656
-0.0007264614105224609
-0.00091552734375
-0.0008840560913085938
-0.0008623600006103516
-0.0007641315460205078
-0.0007913112640380859
-0.0003924369812011719
-0.0007429122924804688
-0.0007219314575195312
-0.0005686283111572266
-0.0009207725524902344
-0.0007874965667724609
-0.0009286403656005859
-0.0007021427154541016
-0.0007042884826660156
-0.0007550716400146484
-0.0008118152618408203
-0.0008997917175292969
-0.0007197856903076172
-0.0009286403656005859
-0.0008006095886230469
-0.0009174346923828125
-0.0008955001831054688
-0.0010509490966796875
-0.0006306171417236328
-0.0008418560028076172
-0.0005838871002197266
-0.0007884502410888672
-0.0008852481842041016
-0.0007252693176269531
-0.0005238056182861328
-0.0009229183197021484
-0.0008375644683837891
-0.001056671142578125
-0.0005745887756347656
-0.0007171630859375
-0.0004382133483886719
-0.0007581710815429688
-0.0006639957427978516
-0.0008234977722167969
-0.0009284019470214844
-0.00092315673828125
-0.0009212493896484375
-0.0009226799011230469
-0.0007672309875488281
-0.0007812976837158203
-0.0008065700531005859
-0.0007576942443847656
-0.0009856224060058594
-0.0007958412170410156
-0.0007410049438476562
-0.0006585121154785156
-0.0010204315185546875
-0.0008006095886230469
-0.0009381771087646484
-0.0008156299591064453
-0.0008792877197265625
-0.0010058879852294922
-0.0008139610290527344
-0.000732421875
-0.0006930828094482422
-0.0008251667022705078
-0.0008997917175292969
-0.0006952285766601562
-0.0008921623229980469
-0.0008134841918945312
-0.0010607242584228516
-0.0008580684661865234
-0.0010387897491455078
-0.0005350112915039062
-0.0007855892181396484
-0.0009663105010986328
-0.0008480548858642578
-0.0008308887481689453
-0.0008184909820556641
-0.0007567405700683594
-0.0007677078247070312
-0.0006899833679199219
-0.0008347034454345703
-0.0006442070007324219
-0.0007007122039794922
-0.0007474422454833984
-0.0006465911865234375
-0.0006468296051025391
-0.0006985664367675781
-0.0007734298706054688
-0.0007216930389404297
-0.0008268356323242188
-0.0007488727569580078
-0.0009191036224365234
-0.0006868839263916016
-0.0009033679962158203
-0.0006756782531738281
-0.0005204677581787109
-0.0007469654083251953
-0.0008215904235839844
-0.0008063316345214844
-0.0006597042083740234
-0.0008823871612548828
-0.0008966922760009766
-0.0005292892456054688
-0.0007636547088623047
-0.000728607177734375
-0.0006041526794433594
-0.0006594657897949219
-0.0007984638214111328
-0.0005428791046142578
