14.771251678466797
13.095266342163086
11.671348571777344
9.984481811523438
8.442034721374512
6.492157936096191
4.897398948669434
3.1145498752593994
1.9444327354431152
0.8883155584335327
0.6633588075637817
0.44862937927246094
0.5716115236282349
0.38104212284088135
0.5326700210571289
0.3617013692855835
0.4991653263568878
0.3563796281814575
0.4919857382774353
0.3867090344429016
0.49814558029174805
0.42121756076812744
0.5140976905822754
0.44897156953811646
0.5125648379325867
0.46967512369155884
0.50868821144104
0.44371044635772705
0.5080020427703857
0.4267680048942566
0.4986034035682678
0.42479538917541504
0.457351416349411
0.4260881841182709
0.4463983178138733
0.3983069062232971
0.42784836888313293
0.37646418809890747
0.4087119400501251
0.38539189100265503
0.3742285370826721
0.3531535863876343
0.3605177402496338
0.3772096037864685
0.36221039295196533
0.38013744354248047
0.33897656202316284
0.36998099088668823
0.3662973642349243
0.3748413324356079
0.38649430871009827
0.4055059552192688
0.41702979803085327
0.47097480297088623
0.44429752230644226
0.4545111060142517
0.442315012216568
0.4511438310146332
0.41839995980262756
0.4047303795814514
0.4015576243400574
0.40840739011764526
0.4038858711719513
0.3912244439125061
0.3898161053657532
0.39546430110931396
0.37984785437583923
0.3744250237941742
0.3758126497268677
0.36285585165023804
0.3685483932495117
0.35302501916885376
0.35383039712905884
0.3439282774925232
0.35640907287597656
0.355194628238678
0.35652244091033936
0.3516225218772888
0.3430641293525696
0.33548951148986816
0.33751803636550903
0.3470124304294586
0.34492337703704834
0.3505742847919464
0.3421027660369873
0.325344443321228
0.3585284352302551
0.3432343006134033
0.352993369102478
0.34894487261772156
0.3362923860549927
0.331290602684021
0.3316284418106079
0.32740896940231323
0.3437761962413788
0.3205399215221405
0.34279346466064453
0.3216401934623718
0.3134756088256836
0.3473944365978241
0.31981968879699707
0.3243900537490845
0.31022799015045166
0.326884001493454
0.3433530330657959
0.3196205496788025
0.32124119997024536
0.3372458219528198
0.3262399435043335
0.32776400446891785
0.31927716732025146
0.32396161556243896
0.317404180765152
0.3312227725982666
0.33994460105895996
0.33450567722320557
0.3406594395637512
0.34180864691734314
0.31298530101776123
0.32860425114631653
0.31431978940963745
0.3325933814048767
0.31815624237060547
0.33172091841697693
0.331831693649292
0.3090862035751343
0.3250047564506531
0.32945573329925537
0.31189244985580444
0.3164367079734802
0.319316565990448
0.31429073214530945
0.3154299259185791
0.3441739082336426
0.31188511848449707
0.31735536456108093
0.3112484812736511
0.32522380352020264
0.36583471298217773
0.3111158013343811
0.31201308965682983
0.3054516911506653
0.3181581199169159
0.319089412689209
0.3305262327194214
0.30826249718666077
0.30965325236320496
0.32446104288101196
0.3056122660636902
0.2925381362438202
0.3093199133872986
0.2973700761795044
0.317608505487442
0.3438336253166199
0.3120913505554199
0.3250478506088257
0.29771631956100464
0.31164416670799255
0.3070446848869324
0.3205394148826599
0.29105111956596375
0.2847788333892822
0.30340632796287537
0.3028407692909241
0.33035141229629517
0.35815346240997314
0.2919817566871643
0.29784005880355835
0.29926976561546326
0.30559879541397095
0.297896146774292
0.29135751724243164
0.29772523045539856
0.28170520067214966
0.33078300952911377
0.29167670011520386
0.3123321831226349
0.2998698651790619
0.3130693733692169
0.29633739590644836
0.3213798999786377
0.29381632804870605
0.299056738615036
0.30762869119644165
0.3117521107196808
0.29184332489967346
0.30309340357780457
0.30344560742378235
0.2958701252937317
0.2923429608345032
0.2937432527542114
0.30585575103759766
0.2826484441757202
0.30259549617767334
0.32095038890838623
0.3152865767478943
0.29176098108291626
0.30105310678482056
0.2820791006088257
0.3119848370552063
0.31505709886550903
0.3193076252937317
0.3041139841079712
0.286679744720459
0.31008681654930115
0.3067775368690491
0.2744693458080292
0.31150904297828674
0.27116528153419495
0.3108103275299072
0.30474793910980225
0.2806125283241272
0.26631760597229004
0.2962148189544678
0.2754356861114502
0.27746278047561646
0.27000507712364197
0.2607598304748535
0.2630990445613861
0.27695369720458984
0.27958279848098755
0.27466821670532227
0.27975553274154663
0.27764222025871277
0.2669883966445923
0.290128618478775
0.27681559324264526
0.28775039315223694
0.24302498996257782
0.25661700963974
0.279070645570755
0.2723289430141449
0.2810167372226715
0.28331467509269714
0.2817420959472656
0.2660647928714752
0.2639705538749695
0.2824840545654297
0.2534030079841614
0.2742965519428253
0.27118974924087524
0.27784013748168945
0.28592273592948914
0.28914719820022583
0.2815242409706116
0.2576116919517517
0.2882646322250366
0.2589057981967926
0.2651672065258026
0.24565014243125916
0.2677689492702484
0.2732398808002472
