0.5889124274253845
0.5204992890357971
0.45656895637512207
0.391117662191391
0.324420690536499
0.25168392062187195
0.1847040057182312
0.12088573724031448
0.07131519168615341
0.03463717922568321
0.03243275359272957
0.032749030739068985
0.04968857020139694
0.03499384596943855
0.055445704609155655
0.0382499136030674
0.05779486522078514
0.042606744915246964
0.06063873693346977
0.049917418509721756
0.06524187326431274
0.0583331398665905
0.07025628536939621
0.06440196931362152
0.07244092226028442
0.06728044897317886
0.07758468389511108
0.06649690866470337
0.078412726521492
0.067467100918293
0.07968106120824814
0.06730788946151733
0.07567379623651505
0.06665661931037903
0.07491156458854675
0.07075411826372147
0.07146444171667099
0.0663275271654129
0.06882713735103607
0.06912893801927567
0.06832139194011688
0.07019596546888351
0.06975563615560532
0.07248660176992416
0.06887304037809372
0.07449086010456085
0.06719940900802612
0.07150200009346008
0.07036988437175751
0.07071534544229507
0.07009410858154297
0.07268667221069336
0.07260964065790176
0.07408522069454193
0.07090016454458237
0.06938540190458298
0.07113245874643326
0.07320135831832886
0.06993530690670013
0.07288959622383118
0.0699281394481659
0.07310489565134048
0.07216566801071167
0.07304007560014725
0.07343379408121109
0.07375041395425797
0.07521311938762665
0.07077484577894211
0.07238204032182693
0.07122194021940231
0.07267285138368607
0.07290376722812653
0.07111191749572754
0.07061854749917984
0.07055820524692535
0.07389038801193237
0.07102929055690765
0.07514305412769318
0.07410400360822678
0.07319032400846481
0.07120325416326523
0.07314012944698334
0.07128100097179413
0.0710589587688446
0.07132148742675781
0.07058928906917572
0.07450909167528152
0.07482445240020752
0.07366441935300827
0.07445323467254639
0.0725637897849083
0.07304829359054565
0.07222534716129303
0.07207440584897995
0.07248175144195557
0.07377162575721741
0.07280915975570679
0.07179206609725952
0.06989959627389908
0.0734795555472374
0.07112003862857819
0.07117778807878494
0.06953849643468857
0.07331636548042297
0.07352740317583084
0.07193046063184738
0.0711120218038559
0.07339542359113693
0.07215075939893723
0.07261680066585541
0.07190341502428055
0.07437187433242798
0.07149318605661392
0.07226629555225372
0.07403343170881271
0.0732114315032959
0.07396330684423447
0.07361036539077759
0.07355845719575882
0.07282409071922302
0.07132911682128906
0.07401055097579956
0.07311874628067017
0.07263526320457458
0.07160646468400955
0.07114546746015549
0.07392480224370956
0.07658478617668152
0.07198015600442886
0.07038575410842896
0.0727664977312088
0.0702483281493187
0.0705631822347641
0.06963111460208893
0.07417997717857361
0.07211315631866455
0.07239588350057602
0.071049764752388
0.07312892377376556
0.07274525612592697
0.0701410323381424
0.0734122097492218
0.0723792314529419
0.0738174244761467
0.07370316237211227
0.07147391885519028
0.07271678745746613
0.07485224306583405
0.07169404625892639
0.0717989131808281
0.07314170897006989
0.07078708708286285
0.07469696551561356
0.07286769896745682
0.07203224301338196
0.0723922923207283
0.0714259222149849
0.07486303150653839
0.07139012217521667
0.07246153056621552
0.06994152814149857
0.07157526165246964
0.07135287672281265
0.07372908294200897
0.07428811490535736
0.07669560611248016
0.07412321865558624
0.07041656225919724
0.0705261081457138
0.075902558863163
0.07390226423740387
0.07164651900529861
0.07573319971561432
0.07178056985139847
0.07394985109567642
0.07313714921474457
0.07390639930963516
0.07322525978088379
0.07152947038412094
0.07317564636468887
0.07356990873813629
0.07115447521209717
0.07299046963453293
0.07263194024562836
0.07621360570192337
0.07532041519880295
0.07278022915124893
0.0732136219739914
0.07254596799612045
0.07133661210536957
0.07012861222028732
0.06819231063127518
0.07057082653045654
0.07354649901390076
0.0757625624537468
0.07587416470050812
0.07343387603759766
0.07279307395219803
0.07381570339202881
0.07650259882211685
0.07350367307662964
0.07255695760250092
0.07591521739959717
0.07045096904039383
0.07588028907775879
0.0731893852353096
0.07254883646965027
0.07159487903118134
0.07190214097499847
0.07205480337142944
0.07185228914022446
0.07347651571035385
0.07183532416820526
0.07430651783943176
0.07065336406230927
0.07047372311353683
0.07128755748271942
0.07077028602361679
0.07057628780603409
0.07166153192520142
0.06925500929355621
0.07387228310108185
0.07250522077083588
0.07180554419755936
0.07190801948308945
0.0739545226097107
0.07076942920684814
0.07329335808753967
0.06965377926826477
0.07141290605068207
0.07245466858148575
0.07181435823440552
0.07356980443000793
0.07249279320240021
0.0722808763384819
0.07250954955816269
0.06960814446210861
0.07179863750934601
0.07033061981201172
0.07229897379875183
0.07401257753372192
0.07144221663475037
0.07272104173898697
0.07236123085021973
0.07348586618900299
0.07158807665109634
0.07202443480491638
0.07218731194734573
0.07193407416343689
0.07349146902561188
0.07161463052034378
0.07261405140161514
