0.595808744430542
0.5230503678321838
0.45568469166755676
0.3870410621166229
0.31822264194488525
0.24461029469966888
0.177921861410141
0.11545910686254501
0.06775444746017456
0.03292667120695114
0.03178449720144272
0.033129576593637466
0.05266202241182327
0.035876691341400146
0.05838989093899727
0.039015840739011765
0.0598219558596611
0.04284776747226715
0.06173168122768402
0.0495777353644371
0.0658259317278862
0.05740877985954285
0.07101726531982422
0.06382130831480026
0.07478931546211243
0.06721422076225281
0.08074724674224854
0.06700368225574493
0.08195685595273972
0.06837547570466995
0.08356476575136185
0.06843782216310501
0.07916445285081863
0.06787870824337006
0.07792028784751892
0.07173677533864975
0.0740451067686081
0.06703884899616241
0.07123037427663803
0.07019931823015213
0.0704181045293808
0.0713840052485466
0.07171513885259628
0.07409372180700302
0.07057537138462067
0.07609865814447403
0.0688115581870079
0.07321453094482422
0.07199119031429291
0.07224644720554352
0.07137748599052429
0.07387460023164749
0.07391399145126343
0.07504840940237045
0.07197781652212143
0.07042733579874039
0.07249492406845093
0.07408241182565689
0.07116134464740753
0.07386351376771927
0.07122139632701874
0.07403790205717087
0.07347835600376129
0.07409504055976868
0.0745583325624466
0.07473470270633698
0.07646924257278442
0.0718223825097084
0.07348192483186722
0.07241498678922653
0.07372376322746277
0.0739169716835022
0.07236187160015106
0.07153265178203583
0.07184137403964996
0.07494442909955978
0.0721433013677597
0.07632517069578171
0.075166255235672
0.07419202476739883
0.07225168496370316
0.07414668798446655
0.07240796089172363
0.07214516401290894
0.07240970432758331
0.07168284803628922
0.07569669932126999
0.07589073479175568
0.0749305859208107
0.0754752978682518
0.07372646033763885
0.07419905811548233
0.07330624014139175
0.07325610518455505
0.07364571839570999
0.07480210810899734
0.07405528426170349
0.0728534609079361
0.07117144763469696
0.07454055547714233
0.07226040959358215
0.07230309396982193
0.07067373394966125
0.07441813498735428
0.07463046163320541
0.07294385135173798
0.07237410545349121
0.07458988577127457
0.07336404174566269
0.07373125106096268
0.07304242253303528
0.0754646360874176
0.07275162637233734
0.07333923876285553
0.07537894695997238
0.07421407103538513
0.07524710148572922
0.07481391727924347
0.07480151206254959
0.07391053438186646
0.07243744283914566
0.07517212629318237
0.07432478666305542
0.07370814681053162
0.07282356917858124
0.0724388137459755
0.07528389245271683
0.07775118201971054
0.07337851822376251
0.07135415077209473
0.0740586519241333
0.07148189842700958
0.07161515206098557
0.07074539363384247
0.07546592503786087
0.07324706763029099
0.07376452535390854
0.07215745747089386
0.0743594691157341
0.07401153445243835
0.07131850719451904
0.07452887296676636
0.07375635206699371
0.07512924820184708
0.07487673312425613
0.0726746991276741
0.07388795167207718
0.07609673589468002
0.07294280081987381
0.07297376543283463
0.07447855174541473
0.0718492642045021
0.07595791667699814
0.07419968396425247
0.07335008680820465
0.07353288680315018
0.07261118292808533
0.0761096403002739
0.07267987728118896
0.07365347445011139
0.07124876230955124
0.07276614755392075
0.07264414429664612
0.07495356351137161
0.07545686513185501
0.07808593660593033
0.075395867228508
0.07147689908742905
0.0716969445347786
0.07726271450519562
0.07522639632225037
0.07272385060787201
0.07705999910831451
0.07301299273967743
0.07516516745090485
0.07444439083337784
0.075312539935112
0.07450434565544128
0.07277797907590866
0.07437910884618759
0.07486787438392639
0.07230215519666672
0.0743728056550026
0.07372904568910599
0.0775713101029396
0.07651335000991821
0.07414817810058594
0.0743807852268219
0.07370687276124954
0.07251225411891937
0.07154158502817154
0.06926020979881287
0.0719558596611023
0.0746890977025032
0.07700326293706894
0.07712574303150177
0.07475776970386505
0.07403603196144104
0.07510285824537277
0.07776021957397461
0.07481707632541656
0.07383600622415543
0.07732221484184265
0.07173117250204086
0.07732424139976501
0.07441997528076172
0.07393994182348251
0.07271788269281387
0.0733008086681366
0.07325498014688492
0.07311470806598663
0.07464340329170227
0.0731847882270813
0.07560858875513077
0.07194219529628754
0.0716342180967331
0.07278396189212799
0.07195679843425751
0.07170270383358002
0.07293140143156052
0.07055968791246414
0.07512728124856949
0.07373666763305664
0.0731533020734787
0.07322894036769867
0.07519900798797607
0.07213374227285385
0.0745924785733223
0.07090979814529419
0.07255367189645767
0.07386650890111923
0.07302869111299515
0.07494541257619858
0.07362678647041321
0.07361980527639389
0.07366660982370377
0.0709606185555458
0.07304123044013977
0.07165778428316116
0.07354125380516052
0.07548687607049942
0.07266366481781006
0.07398204505443573
0.07367713004350662
0.07478945702314377
0.07285932451486588
0.07320398837327957
0.07330606132745743
0.0731731578707695
0.07479116320610046
0.07292439788579941
0.011917321011424065
