0.5750877261161804
0.5420309901237488
0.5075628757476807
0.467981219291687
0.423410564661026
0.3685801327228546
0.31140586733818054
0.24806630611419678
0.18745005130767822
0.129482239484787
0.10882014036178589
0.1209140494465828
0.12630288302898407
0.12430854886770248
0.13051444292068481
0.12904000282287598
0.13210897147655487
0.12838110327720642
0.12885035574436188
0.1251317411661148
0.12652429938316345
0.12386324256658554
0.12434366345405579
0.12280307710170746
0.12275177985429764
0.12079509347677231
0.12271872907876968
0.12063978612422943
0.11996939033269882
0.12066596746444702
0.11957947164773941
0.11997529864311218
0.12208976596593857
0.12116165459156036
0.12272731959819794
0.12295346707105637
0.12319545447826385
0.12299880385398865
0.12281946837902069
0.12358824163675308
0.12529362738132477
0.12694579362869263
0.12298812717199326
0.12304812669754028
0.12686914205551147
0.12451409548521042
0.12492258101701736
0.12412609159946442
0.1253424733877182
0.1259915828704834
0.12615811824798584
0.12604638934135437
0.12663620710372925
0.1249479353427887
0.12416451424360275
0.12425398081541061
0.1241074949502945
0.12616631388664246
0.12331642210483551
0.12641482055187225
0.12520943582057953
0.1263636201620102
0.12585586309432983
0.12435770779848099
0.12660007178783417
0.12691599130630493
0.12639574706554413
0.12642629444599152
0.12613452970981598
0.12402116507291794
0.12590885162353516
0.1271050125360489
0.12758420407772064
0.12554863095283508
0.12630975246429443
0.12788592278957367
0.12756836414337158
0.12661881744861603
0.1250346153974533
0.12651222944259644
0.126088947057724
0.12438014149665833
0.12517517805099487
0.1256237030029297
0.12839969992637634
0.12759658694267273
0.12836427986621857
0.1271405965089798
0.1266738474369049
0.1256435215473175
0.12500782310962677
0.1255936175584793
0.12705691158771515
0.12628744542598724
0.12560153007507324
0.12682358920574188
0.12681786715984344
0.12579849362373352
0.12557199597358704
0.12697723507881165
0.12729816138744354
0.1273319125175476
0.12664136290550232
0.12638460099697113
0.12671054899692535
0.12544593214988708
0.12597361207008362
0.1253010481595993
0.12553684413433075
0.1269325464963913
0.12738807499408722
0.12663348019123077
0.12483697384595871
0.12558746337890625
0.12663961946964264
0.1267717331647873
0.1240486204624176
0.12708121538162231
0.12653960287570953
0.12530094385147095
0.12440396845340729
0.12616360187530518
0.12395957857370377
0.1250235140323639
0.12506869435310364
0.1266699731349945
0.12581561505794525
0.12752117216587067
0.12663574516773224
0.12654201686382294
0.12599609792232513
0.12402703613042831
0.1251853108406067
0.12599486112594604
0.1263558566570282
0.12575192749500275
0.1265811175107956
0.12648017704486847
0.12410589307546616
0.12627990543842316
0.1262313276529312
0.12723278999328613
0.1259145885705948
0.12732934951782227
0.12519997358322144
0.1279771775007248
0.12627461552619934
0.1257430762052536
0.1266579031944275
0.12674446403980255
0.12657257914543152
0.12540341913700104
0.12698699533939362
0.12556906044483185
0.1263725459575653
0.12575533986091614
0.12673163414001465
0.1266781985759735
0.12460055202245712
0.12619554996490479
0.1252204030752182
0.12685991823673248
0.12568020820617676
0.1253475695848465
0.12556575238704681
0.12664760649204254
0.12664534151554108
0.12614864110946655
0.1261264532804489
0.1267256736755371
0.12517504394054413
0.12608356773853302
0.12716978788375854
0.12496623396873474
0.12721313536167145
0.12543268501758575
0.12680557370185852
0.12661227583885193
0.12633603811264038
0.12589697539806366
0.12800978124141693
0.12732434272766113
0.1258247047662735
0.12702086567878723
0.12639063596725464
0.12601113319396973
0.126128688454628
0.1274491250514984
0.12548121809959412
0.12449179589748383
0.12436147034168243
0.12612825632095337
0.1252409964799881
0.12477799504995346
0.12732508778572083
0.1257627159357071
0.1250218003988266
0.12517286837100983
0.12546542286872864
0.12720710039138794
0.12726126611232758
0.1260274201631546
0.12537214159965515
0.12490373104810715
0.12683634459972382
0.12521125376224518
0.12613093852996826
0.12637755274772644
0.12716349959373474
0.12514352798461914
0.12736518681049347
0.12358838319778442
0.12520428001880646
0.12435191124677658
0.12521186470985413
0.1244017705321312
0.12506462633609772
0.12434497475624084
0.1261444389820099
0.12420474737882614
0.1244315430521965
0.12470654398202896
0.12515202164649963
0.12598635256290436
0.12535107135772705
0.12599129974842072
0.12723049521446228
0.12674292922019958
0.1235140711069107
0.12550801038742065
0.12702608108520508
0.1251041740179062
0.12547703087329865
0.12572719156742096
0.1252361238002777
0.1251453310251236
0.12538251280784607
0.1254870742559433
0.12318060547113419
0.12604393064975739
0.12575851380825043
0.12551598250865936
0.1259629726409912
0.12625376880168915
0.1261645257472992
0.12565816938877106
0.12679439783096313
0.12399733811616898
0.12692679464817047
0.12352368980646133
0.12739190459251404
0.12623046338558197
