0.20489543676376343
0.16931869089603424
0.13346058130264282
0.09917943924665451
0.06481122225522995
0.0375908762216568
0.019575800746679306
0.014529848471283913
0.034289952367544174
0.018571840599179268
0.029802711680531502
0.025820979848504066
0.0313764289021492
0.030830590054392815
0.03857462853193283
0.03468088433146477
0.03454138711094856
0.034041352570056915
0.033924464136362076
0.03346182033419609
0.033409811556339264
0.03313244879245758
0.03298171982169151
0.032801929861307144
0.03268194571137428
0.0325181670486927
0.032417479902505875
0.03229278698563576
0.03223568573594093
0.03218192607164383
0.03217427060008049
0.032141901552677155
0.027532698586583138
0.027476875111460686
0.03213295340538025
0.02745835855603218
0.02746022306382656
0.02744930423796177
0.027429228648543358
0.027418360114097595
0.02741117961704731
0.023177850991487503
0.023179585114121437
0.01936222054064274
0.019245315343141556
0.0155733497813344
0.012237658724188805
0.0017470779130235314
0.006114316638559103
0.0009622893994674087
0.0006295174825936556
0.0004197939415462315
0.0002692851412575692
0.00021002793801017106
0.0001551493041915819
0.00015427936159539968
0.00013483614020515233
0.00012809895270038396
0.00010339404980186373
9.417219553142786e-05
7.589619053760543e-05
7.116160850273445e-05
6.434603710658848e-05
5.6969834986375645e-05
4.7675239329691976e-05
4.520112997852266e-05
4.083556268597022e-05
3.9404210838256404e-05
3.4463726478861645e-05
3.122004272881895e-05
3.116972220595926e-05
3.4830551157938316e-05
2.560869324952364e-05
2.4003807993722148e-05
2.4345286874449812e-05
2.4161114197340794e-05
2.203221811214462e-05
2.3800530470907688e-05
2.003122790483758e-05
1.898638583952561e-05
2.3666916604270227e-05
1.8971721146954224e-05
1.6378178770537488e-05
2.1365247448557056e-05
1.7088847016566433e-05
2.0442690583877265e-05
1.6748195776017383e-05
1.4546428246831056e-05
1.7164638848043978e-05
1.4032837498234585e-05
1.3351448615139816e-05
1.493257332185749e-05
1.238214008481009e-05
1.189956583402818e-05
1.3460052286973223e-05
1.1155979336763266e-05
1.3581543498730753e-05
1.3557520105678122e-05
1.5046704902488273e-05
1.073163548426237e-05
1.0768467291200068e-05
1.085160874936264e-05
1.1533812539710198e-05
1.000314841803629e-05
1.268688720301725e-05
1.151047763414681e-05
9.202519322570879e-06
8.21569574327441e-06
8.955415978562087e-06
9.193820915243123e-06
1.0373446457379032e-05
1.1686512152664363e-05
1.0881575690291356e-05
9.262074854632374e-06
8.167324267560616e-06
9.585362931829877e-06
8.20104014565004e-06
7.369861577899428e-06
8.412167517235503e-06
8.096598321571946e-06
7.162238944147248e-06
1.2208658517920412e-05
1.3203807611716911e-05
7.130615813366603e-06
6.321104137896327e-06
6.852840670035221e-06
8.174617505574133e-06
1.0116010344063397e-05
6.818037036282476e-06
5.814762516820338e-06
7.143331913539441e-06
7.580682449770393e-06
5.613072062260471e-06
8.952706593845505e-06
5.517702902579913e-06
1.1277426892775111e-05
6.542886239913059e-06
8.564810741518158e-06
6.021813078405103e-06
9.38160974328639e-06
6.665499313385226e-06
6.7083174144499935e-06
6.3102370404521935e-06
8.2797632785514e-06
7.745592483843211e-06
5.900923497392796e-06
5.1820270527969114e-06
6.1543296396848746e-06
8.050550604821183e-06
5.093120307719801e-06
5.51652647118317e-06
7.13718554834486e-06
4.664974767365493e-06
4.981793608749285e-06
5.360402155929478e-06
8.286884622066282e-06
8.691680704941973e-06
4.962786078976933e-06
4.447220362635562e-06
5.005270850233501e-06
5.425465133157559e-06
7.079439001245191e-06
6.726346327923238e-06
5.062398031441262e-06
7.765245754853822e-06
4.924123913951917e-06
6.03994567427435e-06
5.5284590416704305e-06
5.155054623173783e-06
6.230862709344365e-06
4.018932486360427e-06
4.993268703401554e-06
4.63043897980242e-06
7.068184459058102e-06
4.24639893026324e-06
9.756021427165251e-06
4.408153017720906e-06
4.2239589674863964e-06
5.690259513357887e-06
5.0666576498770155e-06
4.596260168909794e-06
4.021639142592903e-06
5.79882498641382e-06
4.257350610714639e-06
4.912573785986751e-06
3.958142315241275e-06
5.516661076399032e-06
5.380265065468848e-06
6.7493879214453045e-06
5.604038051387761e-06
3.7081777009007055e-06
3.864955942844972e-06
4.503628588281572e-06
1.0404797649243847e-05
5.596896244242089e-06
4.053398697578814e-06
4.841372629016405e-06
3.615746436480549e-06
7.653717148059513e-06
4.584812813845929e-06
3.6290157368057407e-06
6.496024525404209e-06
4.246357093506958e-06
4.25688449467998e-06
4.304971298552118e-06
4.375550361146452e-06
4.383515260997228e-06
3.867353825626196e-06
7.488030860258732e-06
4.5758379201288335e-06
6.038918854756048e-06
3.465498139121337e-06
6.240649781830143e-06
5.108615823701257e-06
8.722457096155267e-06
3.529606601659907e-06
4.154754151386442e-06
1.1597433513088617e-05
3.640079512479133e-06
3.7988236272212816e-06
9.853143637883477e-06
3.961873062507948e-06
3.2746763736213325e-06
5.870694621989969e-06
3.5356190437596524e-06
3.941798240703065e-06
3.7559975680778734e-06
5.4236274991126265e-06
4.59827924714773e-06
3.3431720112275798e-06
4.9369655243935995e-06
4.895528036286123e-06
3.7178065213083755e-06
3.2485027077200357e-06
7.280723821168067e-06
3.303768380646943e-06
3.7071713450131938e-06
9.524923370918259e-06
3.0489602522720816e-06
4.079359769093571e-06
3.495691316857119e-06
3.0492653877445264e-06
3.878547431668267e-06
3.214346406821278e-06
5.653972948493902e-06
3.5725322504731594e-06
6.210902938619256e-06
4.05007267545443e-06
9.248412425222341e-06
4.4926432565262076e-06
3.2238754101854283e-06
