0.5432830452919006
0.4993917942047119
0.4512331485748291
0.39939194917678833
0.33821436762809753
0.27623048424720764
0.5586302280426025
0.61183762550354
0.737202525138855
0.7133646607398987
0.7416163086891174
0.7759219408035278
0.7759219408035278
0.7759219408035278
0.7759219408035278
0.7759219408035278
0.7759219408035278
0.7759219408035278
0.7759219408035278
0.7759219408035278
0.7759219408035278
0.7759219408035278
0.7759219408035278
0.7759219408035278
0.7759219408035278
0.7759219408035278
0.7759219408035278
0.7759219408035278
0.7759219408035278
0.7759219408035278
0.7759219408035278
0.7759219408035278
0.7416163086891174
0.7416163086891174
0.7759219408035278
0.7416163086891174
0.7416163086891174
0.7416163086891174
0.7416163086891174
0.7416163086891174
0.7416163086891174
0.7133646607398987
0.7133646607398987
0.6925417184829712
0.6925417184829712
0.6672981977462769
0.6376999020576477
0.2116469442844391
0.5908935070037842
0.17684894800186157
0.1497974693775177
0.12485954165458679
0.10320925712585449
0.09233447909355164
0.078825443983078
0.07981705665588379
0.07473921775817871
0.07296428084373474
0.06565269827842712
0.0622289776802063
0.05583524703979492
0.05298835039138794
0.04973268508911133
0.048438698053359985
0.042322397232055664
0.04170885682106018
0.03869405388832092
0.038248658180236816
0.033718109130859375
0.03373664617538452
0.030415087938308716
0.036794304847717285
0.0272519588470459
0.029837489128112793
0.02790623903274536
0.024682283401489258
0.02669823169708252
0.0278378427028656
0.0255429744720459
0.02565675973892212
0.029313474893569946
0.024048537015914917
0.02210712432861328
0.020938336849212646
0.026093214750289917
0.0188734233379364
0.027198463678359985
0.023246169090270996
0.026882469654083252
0.020810633897781372
0.0194857120513916
0.024424642324447632
0.019374489784240723
0.020305395126342773
0.02025812864303589
0.02072376012802124
0.0156383216381073
0.016376793384552002
0.014843195676803589
0.020544856786727905
0.01883077621459961
0.016799569129943848
0.022618412971496582
0.020170360803604126
0.02243068814277649
0.022252947092056274
0.01849687099456787
0.018366754055023193
0.018605828285217285
0.019320935010910034
0.014162212610244751
0.020882606506347656
0.021787315607070923
0.021023988723754883
0.018652379512786865
0.015354126691818237
0.019458919763565063
0.017775386571884155
0.01788628101348877
0.016254454851150513
0.01794704794883728
0.018401265144348145
0.022425174713134766
0.013623744249343872
0.01619204878807068
0.017894208431243896
0.013748258352279663
0.02156415581703186
0.017832130193710327
0.015474170446395874
0.014520078897476196
0.018708258867263794
0.015671968460083008
0.019395917654037476
0.014344841241836548
0.010605067014694214
0.01560598611831665
0.01749211549758911
0.01677343249320984
0.009857207536697388
0.017001092433929443
0.012109100818634033
0.014166027307510376
0.009429574012756348
0.017209559679031372
0.016887187957763672
0.012050241231918335
0.010439425706863403
0.010420918464660645
0.01372411847114563
0.016294777393341064
0.01821961998939514
0.014895826578140259
0.015699118375778198
0.010377734899520874
0.019373148679733276
0.009101629257202148
0.013495564460754395
0.013569146394729614
0.01523551344871521
0.013772428035736084
0.009228497743606567
0.018130868673324585
0.011099100112915039
0.01041102409362793
0.014055073261260986
0.017317235469818115
0.010337024927139282
0.010838717222213745
0.017285704612731934
0.013291537761688232
0.013425827026367188
0.010138720273971558
0.017762184143066406
0.01148456335067749
0.010447531938552856
0.011627882719039917
0.012131661176681519
0.008993774652481079
0.01058882474899292
0.013415694236755371
0.013090431690216064
0.011701494455337524
0.011272996664047241
0.009711205959320068
0.012594908475875854
0.013368815183639526
0.01045176386833191
0.016232341527938843
0.013161242008209229
0.011565566062927246
0.013176411390304565
0.011286675930023193
0.009831875562667847
0.015934914350509644
0.010244607925415039
0.00923648476600647
0.013442307710647583
0.008837968111038208
0.013405561447143555
0.011715233325958252
0.017161011695861816
0.011830121278762817
0.014777719974517822
0.009621739387512207
0.014956235885620117
0.009113222360610962
0.012094080448150635
0.0164966881275177
0.013449907302856445
0.010414749383926392
0.012559682130813599
0.01347401738166809
0.014658451080322266
0.017113804817199707
0.011069297790527344
0.010245829820632935
0.02095600962638855
0.012043982744216919
0.011424779891967773
0.01842382550239563
0.013743162155151367
0.013091713190078735
0.008817791938781738
0.013773679733276367
0.008750349283218384
0.012951523065567017
0.010280340909957886
0.01458027958869934
0.011787652969360352
0.01300707459449768
0.014752060174942017
0.013632625341415405
0.010312378406524658
0.015509068965911865
0.012887179851531982
0.008975476026535034
0.014839321374893188
0.012431472539901733
0.014518797397613525
0.008608192205429077
0.012406349182128906
0.012674182653427124
0.01241767406463623
0.008742719888687134
0.011004805564880371
0.01484447717666626
0.010279089212417603
0.016454964876174927
0.010789185762405396
0.012927532196044922
