0.31475701928138733
0.2788327634334564
0.242750346660614
0.2043844759464264
0.16487455368041992
0.12121257185935974
0.08148540556430817
0.04614793509244919
0.02156469039618969
0.008071502670645714
0.005438734777271748
0.005186920519918203
0.005018226802349091
0.0049432567320764065
0.00476790638640523
0.004641436040401459
0.004411770962178707
0.004269678611308336
0.004029372241348028
0.0039088367484509945
0.0036771134473383427
0.003567428095266223
0.003314937697723508
0.003256406867876649
0.003094554180279374
0.0030485810711979866
0.0029442571103572845
0.0028784768655896187
0.002751837018877268
0.0026680061127990484
0.002569212345406413
0.002550621284171939
0.0024930639192461967
0.002489926991984248
0.0024478654377162457
0.0024477799888700247
0.002425458515062928
0.0024184491485357285
0.0024103166069835424
0.0023959786631166935
0.0023890750017017126
0.0023840887006372213
0.0023597972467541695
0.002350820926949382
0.0023360021878033876
0.002310684183612466
0.0022902339696884155
0.0022658922243863344
0.0022158180363476276
0.0021539349108934402
0.002050073118880391
0.0018965631024912
0.001689660712145269
0.0015048423083499074
0.0013816442806273699
0.00133602786809206
0.0012568305246531963
0.0012088180519640446
0.0011681955074891448
0.0010968868155032396
0.0010566794080659747
0.0009873060043901205
0.0009726929129101336
0.0009467597701586783
0.0008687227382324636
0.000839256914332509
0.000802953727543354
0.0007898859912529588
0.000771083461586386
0.0007299008429981768
0.0006862472509965301
0.0007034427835606039
0.0006988554378040135
0.0006426364416256547
0.0005997411208227277
0.0006183066288940609
0.0006240475340746343
0.0005913074710406363
0.0006047353381291032
0.0005604494363069534
0.0005385020049288869
0.0005768050323240459
0.0005470082396641374
0.0005036554648540914
0.0005848029977642
0.0004956783959642053
0.0005741772474721074
0.0004793503030668944
0.0004648086032830179
0.0004893228178843856
0.0004618116363417357
0.000451447325758636
0.00046096197911538184
0.0004330389201641083
0.0004160441749263555
0.0004517179913818836
0.0004019678453914821
0.0004678956465795636
0.0004633447097148746
0.000492409395519644
0.0003933158877771348
0.0004018352774437517
0.00040866952622309327
0.00040058663580566645
0.00038028674316592515
0.0004193855857010931
0.00039840894169174135
0.0003642523370217532
0.0003416151157580316
0.00036124311736784875
0.00036353556788526475
0.0004015228769276291
0.00040347996400669217
0.0003861738368868828
0.00035664805909618735
0.0003402948204893619
0.0003799126425292343
0.0003388368641026318
0.0003225576365366578
0.0003446700284257531
0.00034327254979871213
0.0003179962222930044
0.00041784130735322833
0.0004269854980520904
0.00032670111977495253
0.00030083031742833555
0.0003082163748331368
0.00035289503284730017
0.00037125402013771236
0.00030889056506566703
0.0002885526046156883
0.00032044266117736697
0.00032380380434915423
0.0002821935631800443
0.0003522814658936113
0.00028310046764090657
0.00042464910075068474
0.00030872540082782507
0.00034896814031526446
0.0002913945645559579
0.000384008715627715
0.00030867327586747706
0.00031899960595183074
0.00030568463262170553
0.00035964776179753244
0.0003350904444232583
0.00028669260791502893
0.00027712053270079195
0.0003066912177018821
0.00035372443380765617
0.00027244124794378877
0.00027708636480383575
0.00031577350455336273
0.0002557270636316389
0.00026443556998856366
0.0002849514421541244
0.00034043012419715524
0.00036934486706741154
0.00026740581961348653
0.0002533646475058049
0.0002648073132149875
0.000282869441434741
0.0003322543343529105
0.00030526958289556205
0.00027517383568920195
0.00034721684642136097
0.00026777698076330125
0.0002888495218940079
0.00029030960286036134
0.0002788109704852104
0.0002944348379969597
0.00024008017498999834
0.00027044606395065784
0.0002627215872053057
0.00031509334803558886
0.00024871077039279044
0.0003936793946195394
0.00025491477572359145
0.0002482821582816541
0.00029521662509068847
0.0002763971860986203
0.0002582729794085026
0.00023905829584691674
0.0002963028964586556
0.0002516341919545084
0.0002729221014305949
0.00023887347197160125
0.00028682564152404666
0.00028623765683732927
0.00030888174660503864
0.0002852240577340126
0.00023145128216128796
0.00023344600049313158
0.0002567718911450356
0.000406906328862533
0.00027984415646642447
0.00024539438891224563
0.0002714300062507391
0.00022629745944868773
0.0003462497261352837
0.00025852673570625484
0.00023015824262984097
0.00030128314392641187
0.0002482196141500026
0.00024515826953575015
0.0002553771191742271
0.0002489346079528332
0.00025651263422332704
0.00023699674056842923
0.00032557424856349826
0.00025875578285194933
0.00029977073427289724
0.00022200716193765402
0.00029985522269271314
0.0002687169180717319
0.00035249016946181655
0.00022618615184910595
0.0002483546850271523
0.0003999737382400781
0.00022912543499842286
0.0002345849497942254
0.0003735737409442663
0.00023606905597262084
0.00021465281315613538
0.0003021707816515118
0.00022215067292563617
0.00024474121164530516
0.00023278906883206218
0.00028406974161043763
0.0002542088332120329
0.00021946024207863957
0.0002666155924089253
0.0002623962063807994
0.00022843509213998914
0.00021837567328475416
0.00032276203273795545
0.00021591132099274546
0.00023688487999606878
0.00037225676351226866
0.00020739584579132497
0.00023903527471702546
0.0002286808448843658
0.0002078723773593083
0.00023470184532925487
0.00021430305787362158
0.0002965310704894364
0.00023037393111735582
0.000298712111543864
0.0002462143311277032
0.0003653351159300655
0.000260405708104372
0.00021325437410268933
