0.29893234372138977
0.2740042209625244
0.248367577791214
0.21957701444625854
0.18810029327869415
0.150481715798378
0.11283160746097565
0.0733928307890892
0.03926565870642662
0.016027791425585747
0.01545989140868187
0.014301200397312641
0.013211174868047237
0.012970950454473495
0.011910507455468178
0.011376711539924145
0.010314559563994408
0.009618823416531086
0.008445809595286846
0.007831264287233353
0.00701678404584527
0.006457888521254063
0.005689576733857393
0.005300776567310095
0.004830950405448675
0.00465752650052309
0.004393340088427067
0.004413766320794821
0.004351076204329729
0.004205061588436365
0.004136047326028347
0.004031751304864883
0.003608369966968894
0.0036346567794680595
0.0032009014394134283
0.0031043326016515493
0.0031148537527769804
0.003007999388501048
0.00310900597833097
0.002902665873989463
0.002782838186249137
0.002744438825175166
0.002789282239973545
0.002760313916951418
0.0025269624311476946
0.002433312823995948
0.0023655430413782597
0.0022843212354928255
0.002131418790668249
0.0020077682565897703
0.0020650667138397694
0.0020148949697613716
0.0017459065420553088
0.0016578646609559655
0.0014220053562894464
0.001557795680128038
0.0011489870958030224
0.0011436917120590806
0.0012797557283192873
0.0009872447699308395
0.0009801659034565091
0.0009740782552398741
0.0009487046045251191
0.0011278153397142887
0.0007919297786429524
0.0008550168131478131
0.000826579867862165
0.0007905663223937154
0.0007187954615801573
0.001046212506480515
0.0007060780772008002
0.0008714076247997582
0.0007719791028648615
0.0007116406923159957
0.0005996007239446044
0.0008318693144246936
0.0010410428512841463
0.0005885380087420344
0.0008002074318937957
0.0005773539305664599
0.0005240202881395817
0.0009097337024286389
0.0006726613501086831
0.0005830902955494821
0.0012676318874582648
0.0007410997641272843
0.001242979895323515
0.0005893357447348535
0.000472673331387341
0.0004559186054393649
0.0006091392133384943
0.0005785221583209932
0.0005837171920575202
0.0005259374738670886
0.0005253938725218177
0.0007096201879903674
0.000559635809622705
0.000658371252939105
0.0006150469416752458
0.0009762211702764034
0.0006834159721620381
0.0007028977270238101
0.00053970399312675
0.00042127055348828435
0.0005316160968504846
0.0005842472310177982
0.0004903595545329154
0.000485440221382305
0.0004007565730717033
0.0005458726664073765
0.0006492221727967262
0.0007611044566147029
0.0007143963593989611
0.0004711105430033058
0.00044314138358458877
0.0005474989302456379
0.0007331061060540378
0.0005819976213388145
0.00039863132406026125
0.0005713005666621029
0.0006065840716473758
0.0003655612235888839
0.0010086335241794586
0.0006883431924507022
0.0004591611213982105
0.0004373985284473747
0.00032605280284769833
0.0008535818196833134
0.00046923288027755916
0.0004110547306481749
0.00037945358781144023
0.0007567727006971836
0.00046051497338339686
0.00036354741314426064
0.0004894427256658673
0.00040318822721019387
0.0007487987168133259
0.0005833472241647542
0.0007671504281461239
0.00040386567707173526
0.0006875229300931096
0.0007336590788327157
0.0005691041587851942
0.0007575455238111317
0.0005496376543305814
0.0009193009464070201
0.00033043621806427836
0.00034547760151326656
0.0005228808731772006
0.0007971410523168743
0.00045768634299747646
0.0003407282056286931
0.0005715687293559313
0.0003063806507270783
0.0003806380555033684
0.0003886240883730352
0.0006573056452907622
0.000785547134000808
0.0004946441622450948
0.00040814821841195226
0.00039160798769444227
0.0006698618526570499
0.0005149053176864982
0.0003785558801610023
0.0003812545910477638
0.0008766521932557225
0.000581231142859906
0.0003514860291033983
0.0005105402669869363
0.0005689691170118749
0.00039293584995903075
0.0003735260688699782
0.0006687925779260695
0.00042872855556197464
0.0006143403006717563
0.0003590661508496851
0.0008142072474583983
0.0004990297602489591
0.0004132503818254918
0.00040080369217321277
0.0007539407815784216
0.0005712014972232282
0.00033341176458634436
0.0008062715060077608
0.00044916203478351235
0.0005019931122660637
0.00033452463685534894
0.0008072323980741203
0.0005673756240867078
0.0006311901961453259
0.0007022295030765235
0.0002916697703767568
0.00032604834996163845
0.0005192436510697007
0.0010132897878065705
0.00038184926961548626
0.00041645849705673754
0.0004780063172802329
0.00029599081608466804
0.000803647912107408
0.0006626358372159302
0.0003685821720864624
0.000406622770242393
0.0004694010131061077
0.0004684878222178668
0.0004276506369933486
0.0004556038766168058
0.0003575988521333784
0.0005302364006638527
0.0005586842307820916
0.0007063501398079097
0.00086308887694031
0.00035174141521565616
0.0007488498813472688
0.0004684213490691036
0.0007605906575918198
0.0003946673241443932
0.0005136342952027917
0.0005030593601986766
0.0005149851785972714
0.0005084488657303154
0.0007113415049389005
0.00036113729584030807
0.0002669266832526773
0.0004963105893693864
0.0002675230207387358
0.000497778004501015
0.000506694836076349
0.0008745958912186325
0.00033250905107706785
0.0004852857382502407
0.0005617290153168142
0.0003943582414649427
0.00027489132480695844
0.0003510252572596073
0.0006562787457369268
0.0002824259572662413
0.0003521280887071043
0.0011333675356581807
0.00027117368881590664
0.00029233546229079366
0.00030586853972636163
0.00028561073122546077
0.00037624704418703914
0.0003647240810096264
0.000464610755443573
0.0005521198036149144
0.0007633959758095443
0.0006494399858638644
0.0009498646249994636
0.0007647019810974598
0.0002921061823144555
