245.93275451660156
217.41317749023438
188.76724243164062
158.38702392578125
127.1474609375
92.73023986816406
61.51535415649414
34.05527114868164
15.237213134765625
4.745446681976318
1.118018388748169
0.5995413661003113
0.5821846723556519
0.4711921811103821
0.5696291923522949
0.4939623773097992
0.5050818920135498
0.39209964871406555
0.44585955142974854
0.36145296692848206
0.42497017979621887
0.34059709310531616
0.3387416899204254
0.3126521110534668
0.30530911684036255
0.2964286208152771
0.30570560693740845
0.2883186936378479
0.28830987215042114
0.26903942227363586
0.2635635733604431
0.25768810510635376
0.2852020263671875
0.26945242285728455
0.29516300559043884
0.23680280148983002
0.28049108386039734
0.2547492980957031
0.24033312499523163
0.2538880407810211
0.2523878216743469
0.2307049185037613
0.26683178544044495
0.2191361039876938
0.24570707976818085
0.24180451035499573
0.2733588218688965
0.2397691309452057
0.27046525478363037
0.25032004714012146
0.2944308817386627
0.3240540325641632
0.27316901087760925
0.362016499042511
0.4026690721511841
0.5755993723869324
0.44756418466567993
0.47237661480903625
0.42312154173851013
0.44512316584587097
0.41608160734176636
0.4372582733631134
0.44530969858169556
0.47089314460754395
0.4012072682380676
0.4438600242137909
0.38557910919189453
0.43215179443359375
0.4217448830604553
0.38511455059051514
0.364960640668869
0.371402382850647
0.33360612392425537
0.3621710240840912
0.3226855397224426
0.3429274260997772
0.33084309101104736
0.3471527099609375
0.3336113393306732
0.32277044653892517
0.3006289303302765
0.25770342350006104
0.32069429755210876
0.27464330196380615
0.27917081117630005
0.23478510975837708
0.26779553294181824
0.2021046131849289
0.25130024552345276
0.22832874953746796
0.25035956501960754
0.2365124672651291
0.21605010330677032
0.22473207116127014
0.2031128853559494
0.2242940366268158
0.1850724220275879
0.25176146626472473
0.2460513412952423
0.24126951396465302
0.1745758056640625
0.20077459514141083
0.21389231085777283
0.1764676570892334
0.1886175125837326
0.1605817675590515
0.15326468646526337
0.1670820415019989
0.15029913187026978
0.17788082361221313
0.16191880404949188
0.18143557012081146
0.14114004373550415
0.13146516680717468
0.1317029744386673
0.1374121755361557
0.1883229911327362
0.12427259236574173
0.13518869876861572
0.13478629291057587
0.16236788034439087
0.13870501518249512
0.14202626049518585
0.1128465086221695
0.16419807076454163
0.13688308000564575
0.12128578871488571
0.14718058705329895
0.10130289942026138
0.12203158438205719
0.1193360984325409
0.11555928736925125
0.10587818175554276
0.12126410752534866
0.1015402302145958
0.12779371440410614
0.16895750164985657
0.14133821427822113
0.1179351955652237
0.12138082832098007
0.1422274112701416
0.08933974802494049
0.13121619820594788
0.11835566908121109
0.14259697496891022
0.10829679667949677
0.11151912808418274
0.13297905027866364
0.1263304054737091
0.1301211267709732
0.11055087298154831
0.09960237890481949
0.09135093539953232
0.09269549697637558
0.09294243901968002
0.1173526719212532
0.07894612103700638
0.13468177616596222
0.11019323021173477
0.08955511450767517
0.08694198727607727
0.0888189822435379
0.12438097596168518
0.08191066980361938
0.11549220979213715
0.09573555737733841
0.08538960665464401
0.08330773562192917
0.10689481347799301
0.1030079796910286
0.07704335451126099
0.08823546767234802
0.09388363361358643
0.10083568841218948
0.07088301330804825
0.10913389921188354
0.12659485638141632
0.10243958234786987
0.10099582374095917
0.11890003830194473
0.1018974706530571
0.09072791785001755
0.07913810759782791
0.08667770028114319
0.08862105756998062
0.10181809961795807
0.09651552140712738
0.07642153650522232
0.09360005706548691
0.07296129316091537
0.08342248201370239
0.09811501950025558
0.07818816602230072
0.09387743473052979
0.10715114325284958
0.07711269706487656
0.09566221386194229
0.08990748971700668
0.06841425597667694
0.10415968298912048
0.07986191660165787
0.07757404446601868
0.06426574289798737
0.089322030544281
0.06466886401176453
0.07560838013887405
0.06484317034482956
0.10631629824638367
0.079658143222332
0.0788934975862503
0.0665835589170456
0.10039188712835312
0.06548917293548584
0.07604901492595673
0.06627839058637619
0.0695415586233139
0.07757169753313065
0.07877690345048904
0.055389415472745895
0.06132197007536888
0.06538785994052887
0.06420740485191345
0.0580950491130352
0.057422757148742676
0.09669370949268341
0.05599446967244148
0.074021115899086
0.0627562627196312
0.08016292005777359
0.06855867058038712
0.06300512701272964
0.0698082372546196
0.06928955763578415
0.06384921818971634
0.07590407878160477
0.06488167494535446
0.06208301708102226
0.07074828445911407
0.06952991336584091
0.051523610949516296
0.06279775500297546
0.07815238833427429
0.06103731691837311
0.06224701553583145
0.06606033444404602
0.09537503123283386
0.0616101399064064
0.05911776423454285
0.07409986108541489
0.06337350606918335
0.06637440621852875
0.05461988225579262
