1.265875220298767
1.1731157302856445
1.0806257724761963
0.9784496426582336
0.8685718178749084
0.7399729490280151
0.6122662425041199
0.47768738865852356
0.35469675064086914
0.24173162877559662
0.2025359719991684
0.22516292333602905
0.23379212617874146
0.22832868993282318
0.23711863160133362
0.2319117784500122
0.23328283429145813
0.22326481342315674
0.22013838589191437
0.2116336077451706
0.212213933467865
0.20666643977165222
0.20606184005737305
0.2024502158164978
0.2010897845029831
0.19640226662158966
0.19985921680927277
0.1953449547290802
0.1958102434873581
0.1955910623073578
0.19559930264949799
0.19634892046451569
0.20212192833423615
0.2001866102218628
0.20335924625396729
0.20352838933467865
0.20403403043746948
0.2030094414949417
0.20222479104995728
0.20340165495872498
0.20563249289989471
0.20795121788978577
0.20090638101100922
0.2004694640636444
0.2060556858778
0.20141731202602386
0.20163622498512268
0.1995105892419815
0.20095813274383545
0.2012624591588974
0.20135773718357086
0.20038244128227234
0.20118334889411926
0.19827581942081451
0.19661381840705872
0.19647377729415894
0.19588051736354828
0.19911670684814453
0.19440846145153046
0.19905906915664673
0.19658736884593964
0.19878634810447693
0.19752687215805054
0.19540880620479584
0.19862186908721924
0.19947810471057892
0.19783593714237213
0.19825536012649536
0.19767683744430542
0.19368071854114532
0.19666099548339844
0.19862234592437744
0.19966678321361542
0.1960277408361435
0.19769439101219177
0.1997910588979721
0.1990506500005722
0.1982414573431015
0.19549773633480072
0.19800834357738495
0.19717375934123993
0.19459480047225952
0.19584015011787415
0.19632965326309204
0.20056891441345215
0.1992304027080536
0.2002442181110382
0.19895045459270477
0.19751599431037903
0.19642794132232666
0.19540515542030334
0.19619525969028473
0.1985914409160614
0.19708916544914246
0.1961156576871872
0.1981782466173172
0.19811612367630005
0.19653429090976715
0.1958906501531601
0.1983519196510315
0.1992158740758896
0.1991746425628662
0.19779808819293976
0.19790834188461304
0.19838252663612366
0.19632503390312195
0.19711196422576904
0.19553902745246887
0.19566990435123444
0.1986575573682785
0.19933806359767914
0.1979151964187622
0.19523026049137115
0.1966458261013031
0.19785946607589722
0.19834375381469727
0.19404910504817963
0.1987394392490387
0.19803522527217865
0.19599895179271698
0.19420793652534485
0.19757336378097534
0.19362114369869232
0.19552840292453766
0.1953626275062561
0.19790548086166382
0.19670310616493225
0.1994454711675644
0.19817815721035004
0.19791704416275024
0.1969578117132187
0.19350357353687286
0.1956261843442917
0.19690383970737457
0.1979164034128189
0.1963704377412796
0.19760140776634216
0.19809992611408234
0.19415341317653656
0.19732718169689178
0.19718793034553528
0.19862109422683716
0.19691579043865204
0.19905531406402588
0.1960156410932541
0.20027245581150055
0.1976047158241272
0.19669824838638306
0.19805867969989777
0.1981535255908966
0.1980142742395401
0.19557856023311615
0.1986313909292221
0.1963304877281189
0.19732829928398132
0.19679675996303558
0.19822081923484802
0.19811685383319855
0.19457334280014038
0.19709905982017517
0.19579119980335236
0.1984473615884781
0.19652977585792542
0.1959008127450943
0.1963794082403183
0.1979038417339325
0.19788281619548798
0.19743774831295013
0.19752590358257294
0.19801568984985352
0.19554786384105682
0.19690382480621338
0.19894544780254364
0.19544044137001038
0.19919124245643616
0.19569236040115356
0.19845224916934967
0.19810065627098083
0.19783882796764374
0.1965898871421814
0.2003248929977417
0.19880646467208862
0.19684739410877228
0.19862453639507294
0.1977768987417221
0.19721607863903046
0.1973145306110382
0.19969390332698822
0.19628462195396423
0.19467806816101074
0.1945900171995163
0.19757871329784393
0.1959007978439331
0.19542662799358368
0.19905824959278107
0.19679318368434906
0.19545526802539825
0.1959163099527359
0.1961974799633026
0.19926805794239044
0.19931678473949432
0.1972026526927948
0.1965482085943222
0.1954324096441269
0.19856290519237518
0.19576068222522736
0.19755788147449493
0.19820886850357056
0.1989264190196991
0.1961105763912201
0.19966831803321838
0.1936536282300949
0.19604884088039398
0.19489434361457825
0.19591866433620453
0.19484984874725342
0.19609874486923218
0.19458359479904175
0.19768193364143372
0.19439467787742615
0.1946459710597992
0.19535157084465027
0.1960660219192505
0.19735528528690338
0.19613522291183472
0.1973867118358612
0.1996447741985321
0.19854778051376343
0.1931929886341095
0.1966458410024643
0.19929912686347961
0.1960279792547226
0.19676989316940308
0.19709105789661407
0.19627362489700317
0.1961784064769745
0.19663384556770325
0.19641868770122528
0.19258470833301544
0.19761604070663452
0.19722798466682434
0.1967323273420334
0.19730159640312195
0.19823934137821198
0.19801074266433716
0.19664359092712402
0.19908206164836884
0.1943071484565735
0.19890113174915314
0.19360478222370148
0.1999760866165161
0.1975305676460266
