1.2658706903457642
1.173079252243042
1.0805656909942627
0.9783704876899719
0.8684864640235901
0.7398948669433594
0.612202525138855
0.4776436984539032
0.3546731770038605
0.24172112345695496
0.20253150165081024
0.22516342997550964
0.23379430174827576
0.22833040356636047
0.2371201515197754
0.23191145062446594
0.2332797348499298
0.22325900197029114
0.22013409435749054
0.21162186563014984
0.21220354735851288
0.20664815604686737
0.20606178045272827
0.2024470567703247
0.20109064877033234
0.1964101493358612
0.19986623525619507
0.19536256790161133
0.1958218216896057
0.19560211896896362
0.19561320543289185
0.19637557864189148
0.20213612914085388
0.20020471513271332
0.20336779952049255
0.20353399217128754
0.20404841005802155
0.20302864909172058
0.20223760604858398
0.2034149020910263
0.20564468204975128
0.20797647535800934
0.20093296468257904
0.2004825919866562
0.20606862008571625
0.20142754912376404
0.20165137946605682
0.19952112436294556
0.2009710669517517
0.2012707144021988
0.20137925446033478
0.20039337873458862
0.20118378102779388
0.1982891857624054
0.1966204196214676
0.19649609923362732
0.19588816165924072
0.19911818206310272
0.19442272186279297
0.19907261431217194
0.19659483432769775
0.19879984855651855
0.19754622876644135
0.19542227685451508
0.1986277848482132
0.19949468970298767
0.19783852994441986
0.19826668500900269
0.19768470525741577
0.19369207322597504
0.19667640328407288
0.198627308011055
0.19967807829380035
0.19604358077049255
0.19769905507564545
0.1998007744550705
0.19905605912208557
0.19825515151023865
0.19550356268882751
0.19802677631378174
0.1971704065799713
0.1945977807044983
0.1958497315645218
0.19633600115776062
0.2005816549062729
0.19924414157867432
0.20025350153446198
0.19895577430725098
0.19752706587314606
0.19644054770469666
0.19541963934898376
0.19620390236377716
0.19859299063682556
0.19709867238998413
0.196130633354187
0.19817239046096802
0.19812162220478058
0.19654735922813416
0.19590024650096893
0.19835534691810608
0.19922424852848053
0.1991908997297287
0.19781340658664703
0.19791528582572937
0.19838550686836243
0.19633731245994568
0.1971275955438614
0.1955479085445404
0.19568705558776855
0.1986672431230545
0.19935236871242523
0.19792796671390533
0.1952410340309143
0.1966470628976822
0.1978675127029419
0.19836163520812988
0.19405506551265717
0.19874873757362366
0.1980445683002472
0.196007639169693
0.19421035051345825
0.19758227467536926
0.19362281262874603
0.1955437809228897
0.19537921249866486
0.19791634380817413
0.1967145949602127
0.19945263862609863
0.1982058733701706
0.1979249268770218
0.19695988297462463
0.19351477921009064
0.19563719630241394
0.19690699875354767
0.19792047142982483
0.19638602435588837
0.19761121273040771
0.19811347126960754
0.19416743516921997
0.19732829928398132
0.1971961408853531
0.19862602651119232
0.19692599773406982
0.19906899333000183
0.19603334367275238
0.2002849131822586
0.19761766493320465
0.196706622838974
0.1980682611465454
0.19816739857196808
0.1980295032262802
0.19557887315750122
0.19864633679389954
0.19633840024471283
0.19733062386512756
0.19680552184581757
0.1982305347919464
0.19812600314617157
0.19458219408988953
0.19709257781505585
0.1958072930574417
0.19846142828464508
0.19654372334480286
0.19590631127357483
0.19639454782009125
0.19791343808174133
0.19789563119411469
0.19744972884655
0.19752994179725647
0.19802963733673096
0.19555896520614624
0.19691585004329681
0.198959082365036
0.19544656574726105
0.19919152557849884
0.19569100439548492
0.19846509397029877
0.19810763001441956
0.19784462451934814
0.19660323858261108
0.20033925771713257
0.19881488382816315
0.19685381650924683
0.198642298579216
0.19778281450271606
0.19722241163253784
0.19732438027858734
0.19970783591270447
0.1962933987379074
0.19469080865383148
0.19460247457027435
0.19759200513362885
0.19591349363327026
0.19544917345046997
0.19905537366867065
0.19680386781692505
0.19546422362327576
0.19592559337615967
0.19620558619499207
0.19928374886512756
0.1993211954832077
0.19721540808677673
0.1965550184249878
0.19544324278831482
0.19856427609920502
0.1957608461380005
0.19756940007209778
0.19821788370609283
0.19893698394298553
0.19611118733882904
0.1996835321187973
0.19367615878582
0.19605381786823273
0.19491249322891235
0.19593843817710876
0.19485551118850708
0.196112722158432
0.19458647072315216
0.19770023226737976
0.19440796971321106
0.1946641355752945
0.19537928700447083
0.19606806337833405
0.19736137986183167
0.19615526497364044
0.19739627838134766
0.19965612888336182
0.19855137169361115
0.19319991767406464
0.19664840400218964
0.19931025803089142
0.19603762030601501
0.19677114486694336
0.19710731506347656
0.1962798684835434
0.19618402421474457
0.19665293395519257
0.19642427563667297
0.19258713722229004
0.19761903584003448
0.19723419845104218
0.19674548506736755
0.1973128765821457
0.1982574462890625
0.19802919030189514
0.1966582089662552
0.1990961879491806
0.19431613385677338
0.19891180098056793
0.19360749423503876
0.19999274611473083
0.1971287876367569
