-0.029428720474243164
-0.024565935134887695
-0.020180463790893555
-0.015865325927734375
-0.01187276840209961
-0.008010149002075195
-0.005030632019042969
-0.0027108192443847656
-0.0012614727020263672
-0.00048661231994628906
-0.0002810955047607422
-0.00033974647521972656
-0.00036072731018066406
-0.00033926963806152344
-0.00042700767517089844
-0.00046181678771972656
-0.000514984130859375
-0.0005071163177490234
-0.00047469139099121094
-0.0007500648498535156
-0.0006175041198730469
-0.0008327960968017578
-0.0008151531219482422
-0.0010499954223632812
-0.0008933544158935547
-0.0007748603820800781
-0.0008602142333984375
-0.0008485317230224609
-0.0011947154998779297
-0.0007829666137695312
-0.0006978511810302734
-0.0008962154388427734
-0.0010232925415039062
-0.0010454654693603516
-0.0006258487701416016
-0.0007510185241699219
-0.0007565021514892578
-0.0007872581481933594
-0.0006508827209472656
-0.0007967948913574219
-0.0006856918334960938
-0.0007143020629882812
-0.0008516311645507812
-0.0007987022399902344
-0.0009043216705322266
-0.000720977783203125
-0.0008769035339355469
-0.0006711483001708984
-0.00077056884765625
-0.0006878376007080078
-0.001026153564453125
-0.0006482601165771484
-0.0006189346313476562
-0.0006892681121826172
-0.0007238388061523438
-0.0007522106170654297
-0.000789642333984375
-0.0007848739624023438
-0.0007765293121337891
-0.000690460205078125
-0.0006382465362548828
-0.0007634162902832031
-0.0008149147033691406
-0.0009472370147705078
-0.0007443428039550781
-0.0011174678802490234
-0.0006806850433349609
-0.0009050369262695312
-0.0008955001831054688
-0.000553131103515625
-0.0006804466247558594
-0.0009250640869140625
-0.0008037090301513672
-0.0006127357482910156
-0.0007789134979248047
-0.0006735324859619141
-0.0005269050598144531
-0.0010235309600830078
-0.0009374618530273438
-0.0009365081787109375
-0.0008842945098876953
-0.0010900497436523438
-0.001073598861694336
-0.0009870529174804688
-0.0008878707885742188
-0.0007421970367431641
-0.0006468296051025391
-0.0009305477142333984
-0.0005927085876464844
-0.0009446144104003906
-0.0009868144989013672
-0.0006923675537109375
-0.0007071495056152344
-0.0005924701690673828
-0.0007097721099853516
-0.0009496212005615234
-0.0007817745208740234
-0.0009341239929199219
-0.0007100105285644531
-0.0009233951568603516
-0.0009400844573974609
-0.0007863044738769531
-0.0007927417755126953
-0.0009267330169677734
-0.0010170936584472656
-0.0008704662322998047
-0.0008077621459960938
-0.0005950927734375
-0.0004680156707763672
-0.0008649826049804688
-0.00093841552734375
-0.0008881092071533203
-0.0007803440093994141
-0.001013040542602539
-0.0007157325744628906
-0.0008854866027832031
-0.0011217594146728516
-0.0007731914520263672
-0.0009074211120605469
-0.0008897781372070312
-0.0007495880126953125
-0.0009326934814453125
-0.0006556510925292969
-0.0008385181427001953
-0.0008108615875244141
-0.0007302761077880859
-0.0009090900421142578
-0.0007946491241455078
-0.0007903575897216797
-0.0008263587951660156
-0.0007431507110595703
-0.0006239414215087891
-0.0006716251373291016
-0.0006825923919677734
-0.0009484291076660156
-0.0005841255187988281
-0.0007174015045166016
-0.0009331703186035156
-0.0009372234344482422
-0.0006821155548095703
-0.0008203983306884766
-0.0005691051483154297
-0.0008649826049804688
-0.0007755756378173828
-0.0011212825775146484
-0.0007545948028564453
-0.0009143352508544922
-0.0008897781372070312
-0.0008909702301025391
-0.0008161067962646484
-0.0008084774017333984
-0.0003933906555175781
-0.0007627010345458984
-0.0007565021514892578
-0.0005795955657958984
-0.0009553432464599609
-0.0008149147033691406
-0.0009593963623046875
-0.0007097721099853516
-0.0007193088531494141
-0.0007805824279785156
-0.000843048095703125
-0.0009548664093017578
-0.0007250308990478516
-0.0009303092956542969
-0.0008068084716796875
-0.0009369850158691406
-0.0009284019470214844
-0.0010933876037597656
-0.0006601810455322266
-0.000835418701171875
-0.0006041526794433594
-0.000823974609375
-0.000888824462890625
-0.0007445812225341797
-0.0005245208740234375
-0.000942230224609375
-0.0008809566497802734
-0.0010805130004882812
-0.0006096363067626953
-0.000736236572265625
-0.00045180320739746094
-0.0007648468017578125
-0.0007073879241943359
-0.0008282661437988281
-0.0009393692016601562
-0.0009238719940185547
-0.0009722709655761719
-0.0009272098541259766
-0.0007612705230712891
-0.0008113384246826172
-0.0008714199066162109
-0.0007624626159667969
-0.0009846687316894531
-0.0008003711700439453
-0.0007517337799072266
-0.0006787776947021484
-0.0010495185852050781
-0.0008084774017333984
-0.0009932518005371094
-0.0008461475372314453
-0.0008957386016845703
-0.000989675521850586
-0.0008063316345214844
-0.0007317066192626953
-0.0006756782531738281
-0.0008778572082519531
-0.0009222030639648438
-0.0007042884826660156
-0.0008549690246582031
-0.0008909702301025391
-0.0010647773742675781
-0.0008709430694580078
-0.0010344982147216797
-0.0005776882171630859
-0.0007846355438232422
-0.000982522964477539
-0.0008730888366699219
-0.0008358955383300781
-0.0008480548858642578
-0.0007648468017578125
-0.0007855892181396484
-0.0007076263427734375
-0.0008199214935302734
-0.0006973743438720703
-0.0007169246673583984
-0.0007877349853515625
-0.0006616115570068359
-0.0006413459777832031
-0.0007195472717285156
-0.0008089542388916016
-0.0007538795471191406
-0.0008251667022705078
-0.0007560253143310547
-0.0009450912475585938
-0.0006814002990722656
-0.0009386539459228516
-0.0006847381591796875
-0.0005137920379638672
-0.0007619857788085938
-0.0008025169372558594
-0.0008513927459716797
-0.0006663799285888672
-0.0008780956268310547
-0.0009009838104248047
-0.0005767345428466797
-0.0007982254028320312
-0.0006999969482421875
-0.0006320476531982422
-0.0006349086761474609
-0.0008480548858642578
-0.0005729198455810547
