0.6045165061950684
0.5665968060493469
0.5277434587478638
0.4838464856147766
0.435283362865448
0.376590371131897
0.3164365887641907
0.25077709555625916
0.18871155381202698
0.12996873259544373
0.10910120606422424
0.12125374376773834
0.1266636699438095
0.12464793771505356
0.13094137609004974
0.12950174510478973
0.13262403011322021
0.12888827919960022
0.12932515144348145
0.12588174641132355
0.12714187800884247
0.1246960237622261
0.12515869736671448
0.12385302782058716
0.12364523112773895
0.12156993895769119
0.12357904762029648
0.12148822098970413
0.12116421014070511
0.12144891917705536
0.12027737498283386
0.12087161839008331
0.12311308085918427
0.12220703065395355
0.1233532503247261
0.12370454519987106
0.12395201623439789
0.12378610670566559
0.12347040325403214
0.12438496947288513
0.12597933411598206
0.12766002118587494
0.12383976578712463
0.12384684383869171
0.12777341902256012
0.12523505091667175
0.12579958140850067
0.1247972920536995
0.12611308693885803
0.12667934596538544
0.1271841675043106
0.12669473886489868
0.12725506722927094
0.1256372332572937
0.12488842010498047
0.1250062882900238
0.12489710003137589
0.12695126235485077
0.12409284710884094
0.12710526585578918
0.12584763765335083
0.1271270215511322
0.1266707181930542
0.12530484795570374
0.12734444439411163
0.12803348898887634
0.12707653641700745
0.12733140587806702
0.1270301342010498
0.12457426637411118
0.1265893131494522
0.1280299723148346
0.12838783860206604
0.12616145610809326
0.12708866596221924
0.12855951488018036
0.1280953735113144
0.1276424378156662
0.12597207725048065
0.12744872272014618
0.1269732266664505
0.1254700869321823
0.1262488067150116
0.12661077082157135
0.12928757071495056
0.12833870947360992
0.12901119887828827
0.12807126343250275
0.12726658582687378
0.1265881508588791
0.12599462270736694
0.1262860894203186
0.12776409089565277
0.1268799602985382
0.1263112872838974
0.12777318060398102
0.12759976089000702
0.12673266232013702
0.1262819916009903
0.12790071964263916
0.12823820114135742
0.12811826169490814
0.12743403017520905
0.1273113489151001
0.12772774696350098
0.12631650269031525
0.12678147852420807
0.12589618563652039
0.12600496411323547
0.12779758870601654
0.12832649052143097
0.1275215893983841
0.12561725080013275
0.12660057842731476
0.1273554265499115
0.1276571899652481
0.12517037987709045
0.12785428762435913
0.1274469494819641
0.12619073688983917
0.1251535266637802
0.12709620594978333
0.12461531907320023
0.12586195766925812
0.1258794516324997
0.12740013003349304
0.1267247200012207
0.12831582129001617
0.12742601335048676
0.12736839056015015
0.12673932313919067
0.12465085834264755
0.12585695087909698
0.12667742371559143
0.12730439007282257
0.12633594870567322
0.12729857861995697
0.12741343677043915
0.12504316866397858
0.12696212530136108
0.12705177068710327
0.12780193984508514
0.12677954137325287
0.12810494005680084
0.1263212412595749
0.12873178720474243
0.12718906998634338
0.12663279473781586
0.12754875421524048
0.12756064534187317
0.12738117575645447
0.12579672038555145
0.12774962186813354
0.12632544338703156
0.12695203721523285
0.12671056389808655
0.1275465190410614
0.1276375949382782
0.12531022727489471
0.12691497802734375
0.12600095570087433
0.12770292162895203
0.12663498520851135
0.12607252597808838
0.12649601697921753
0.12745440006256104
0.1275824010372162
0.12707699835300446
0.12721988558769226
0.12738578021526337
0.12601037323474884
0.1266876608133316
0.12799373269081116
0.1258549839258194
0.12795767188072205
0.12595723569393158
0.12774784862995148
0.12749332189559937
0.12741662561893463
0.12650655210018158
0.12874597311019897
0.12777625024318695
0.12658947706222534
0.12772834300994873
0.12721890211105347
0.12695054709911346
0.12705254554748535
0.12842130661010742
0.12640835344791412
0.1252531260251999
0.1251726895570755
0.12699969112873077
0.1260034590959549
0.12576276063919067
0.1281254142522812
0.12651443481445312
0.1257006824016571
0.1262224316596985
0.1262740045785904
0.12820032238960266
0.12810729444026947
0.12692324817180634
0.12636174261569977
0.1257101446390152
0.12756817042827606
0.12588685750961304
0.12700873613357544
0.12729980051517487
0.12786774337291718
0.1259985715150833
0.1282561719417572
0.12465314567089081
0.12607523798942566
0.1253863424062729
0.12578944861888885
0.12518639862537384
0.12604710459709167
0.12521816790103912
0.12698033452033997
0.1250528246164322
0.12519632279872894
0.12549202144145966
0.12585954368114471
0.1268063336610794
0.12604853510856628
0.12670819461345673
0.12801818549633026
0.12740442156791687
0.12415552139282227
0.12622757256031036
0.12783506512641907
0.12585796415805817
0.12630212306976318
0.1264832466840744
0.12618130445480347
0.12582680583000183
0.12632110714912415
0.12617190182209015
0.12369438260793686
0.12680593132972717
0.1265610158443451
0.1263674795627594
0.1266292780637741
0.12713195383548737
0.12706556916236877
0.12623482942581177
0.12759272754192352
0.1246972531080246
0.12755894660949707
0.12415853142738342
0.12823987007141113
0.1268034130334854
