0.595808744430542
0.5230503678321838
0.4556569457054138
0.3870072364807129
0.3181571960449219
0.24455133080482483
0.17777426540851593
0.11538510024547577
0.06737877428531647
0.032831255346536636
0.024501189589500427
0.032661378383636475
0.03733745589852333
0.03747620806097984
0.04391634091734886
0.045397866517305374
0.05248911306262016
0.05309705063700676
0.05959375202655792
0.06227334216237068
0.06588196754455566
0.07085336744785309
0.07278713583946228
0.07732600718736649
0.07343698292970657
0.07845580577850342
0.07994715869426727
0.08089163899421692
0.07561665028333664
0.0830226019024849
0.07730957120656967
0.07985074818134308
0.07633963227272034
0.07528842240571976
0.07633133977651596
0.07879071682691574
0.07339591532945633
0.07225915789604187
0.07159647345542908
0.07515253126621246
0.073627769947052
0.0773719996213913
0.07190977036952972
0.07452336698770523
0.07360206544399261
0.07639163732528687
0.07233775407075882
0.0753679946064949
0.07389969378709793
0.07545078545808792
0.07375922799110413
0.07411512732505798
0.07458431273698807
0.07558175176382065
0.07374409586191177
0.0729958713054657
0.07392070442438126
0.0755564421415329
0.07243739068508148
0.07643742114305496
0.07266853004693985
0.07556226849555969
0.07476814091205597
0.0733964815735817
0.07502031326293945
0.07620903849601746
0.07698097079992294
0.07455991208553314
0.0748896449804306
0.07329417765140533
0.07411453127861023
0.07640589773654938
0.07566607743501663
0.07325401157140732
0.07481105625629425
0.07704661041498184
0.07469373941421509
0.0764627456665039
0.07423453778028488
0.07548516988754272
0.07480672746896744
0.07418432086706161
0.07203324884176254
0.07381036132574081
0.07470671087503433
0.07452856749296188
0.0786953791975975
0.07795802503824234
0.07636374235153198
0.0765422135591507
0.07535789161920547
0.07546219974756241
0.07437683641910553
0.07486981898546219
0.07485856115818024
0.07571988552808762
0.07581903785467148
0.0750764012336731
0.07420545071363449
0.07809031009674072
0.07582259178161621
0.07564671337604523
0.07281718403100967
0.0753849521279335
0.0767122358083725
0.07410280406475067
0.07499644160270691
0.0744699016213417
0.07426465302705765
0.07630818337202072
0.07486551254987717
0.07608693093061447
0.07382998615503311
0.07523418962955475
0.07731650769710541
0.07565578073263168
0.07369106262922287
0.07532160729169846
0.0758328065276146
0.07558386772871017
0.07402223348617554
0.07554662227630615
0.07387474924325943
0.07423098385334015
0.0737956091761589
0.07493355870246887
0.07645111531019211
0.07894965261220932
0.07364176958799362
0.07410834729671478
0.07666172087192535
0.07257179170846939
0.07313381135463715
0.07257712632417679
0.07667826861143112
0.0750725045800209
0.07614845037460327
0.07442498207092285
0.07384701073169708
0.0759926438331604
0.07405886054039001
0.07649049907922745
0.07483671605587006
0.0774683803319931
0.07538330554962158
0.07639040052890778
0.07460755854845047
0.07671996206045151
0.07524827122688293
0.07625823467969894
0.07524062693119049
0.07406000792980194
0.07657567411661148
0.07600890845060349
0.0750514343380928
0.07539263367652893
0.07480532675981522
0.07770216464996338
0.07457698881626129
0.07558734714984894
0.07265971601009369
0.07618087530136108
0.0753268152475357
0.07647062838077545
0.07615851610898972
0.07941509038209915
0.07712715864181519
0.07432332634925842
0.07494597882032394
0.0787917897105217
0.07637694478034973
0.07436830550432205
0.07872015982866287
0.07422386854887009
0.07619713246822357
0.07594272494316101
0.07664541155099869
0.0774490162730217
0.07485495507717133
0.07731218636035919
0.07733677327632904
0.07461973279714584
0.0753166452050209
0.07583512365818024
0.07779768109321594
0.077269047498703
0.0753970816731453
0.07695338875055313
0.07431617379188538
0.07267416268587112
0.07241188734769821
0.07308764010667801
0.0723511278629303
0.07339180260896683
0.0789380595088005
0.07624523341655731
0.07691529393196106
0.07582704722881317
0.07611621916294098
0.08130898326635361
0.07754448801279068
0.07552815973758698
0.07665687799453735
0.07224124670028687
0.07835917174816132
0.07447114586830139
0.07583137601613998
0.07469881325960159
0.07487920671701431
0.07187863439321518
0.07693928480148315
0.07445202767848969
0.07533115148544312
0.07423808425664902
0.07437407225370407
0.07260235399007797
0.0740993320941925
0.07378555834293365
0.07333201915025711
0.07378542423248291
0.07129863649606705
0.0757642388343811
0.07540225237607956
0.07403934746980667
0.07491043210029602
0.07639067620038986
0.07497464865446091
0.07604953646659851
0.07209175825119019
0.0747852772474289
0.07511679083108902
0.07529851794242859
0.07547315955162048
0.07507870346307755
0.07493913173675537
0.0740373507142067
0.07286509871482849
0.07496959716081619
0.07163911312818527
0.07433632016181946
0.07501967996358871
0.07453662902116776
0.07498909533023834
0.07444281876087189
0.0757511630654335
0.07512813061475754
0.07620155066251755
0.07338632643222809
0.07589840143918991
0.0738835260272026
0.07667779922485352
0.012374963611364365
