14.771251678466797
13.095266342163086
11.67087173461914
9.983882904052734
8.440817832946777
6.4911017417907715
4.895483016967773
3.1136202812194824
1.9412328004837036
0.8879170417785645
0.579796552658081
0.458398699760437
0.5044983625411987
0.3976137042045593
0.45761942863464355
0.4059012532234192
0.46609437465667725
0.41206517815589905
0.4847446084022522
0.43782782554626465
0.4952375292778015
0.4640636146068573
0.5187654495239258
0.4592539370059967
0.47941452264785767
0.45353442430496216
0.46387267112731934
0.4320497512817383
0.4385846257209778
0.4350539743900299
0.4366897642612457
0.43382829427719116
0.4316698908805847
0.4184311330318451
0.4170723259449005
0.39737245440483093
0.4009653329849243
0.36683595180511475
0.37921929359436035
0.37765204906463623
0.3773706257343292
0.3591194152832031
0.3517048954963684
0.362890362739563
0.35847771167755127
0.3638201355934143
0.346518874168396
0.3661332428455353
0.3582324981689453
0.36963504552841187
0.37966781854629517
0.3816855251789093
0.398001492023468
0.45365434885025024
0.43568968772888184
0.453879177570343
0.4383257031440735
0.4402444362640381
0.41511982679367065
0.4064319133758545
0.3991304337978363
0.4014126658439636
0.3968260884284973
0.37080827355384827
0.3745218515396118
0.38937675952911377
0.36938369274139404
0.3719106912612915
0.37010371685028076
0.3574598431587219
0.3586125075817108
0.34720760583877563
0.3491864502429962
0.34352976083755493
0.35779643058776855
0.3448047637939453
0.36015021800994873
0.33707091212272644
0.3261774182319641
0.325909823179245
0.3357216715812683
0.3278884291648865
0.3259260058403015
0.34332478046417236
0.3417319357395172
0.3252449333667755
0.3604849576950073
0.3426932096481323
0.34503173828125
0.34375250339508057
0.3320397138595581
0.3277169466018677
0.3205733299255371
0.3253268003463745
0.33226659893989563
0.31384897232055664
0.33800143003463745
0.3234988749027252
0.32138389348983765
0.3559601306915283
0.32952940464019775
0.3303568363189697
0.30773836374282837
0.3183412551879883
0.33961671590805054
0.31629687547683716
0.3196580410003662
0.32589566707611084
0.31668931245803833
0.3304935693740845
0.31502875685691833
0.31655219197273254
0.3123779892921448
0.33322015404701233
0.3383522033691406
0.32839322090148926
0.3255809545516968
0.32846349477767944
0.308816522359848
0.3240787386894226
0.31487002968788147
0.3219011425971985
0.305686354637146
0.322673499584198
0.3263222575187683
0.3091317415237427
0.3212401568889618
0.328418493270874
0.3036065399646759
0.3172934055328369
0.32462769746780396
0.3093617260456085
0.31097155809402466
0.34063729643821716
0.30891257524490356
0.3168489336967468
0.3187437653541565
0.3342202603816986
0.3548993766307831
0.31100696325302124
0.31571516394615173
0.30403780937194824
0.31449392437934875
0.31993627548217773
0.3243955373764038
0.3149915635585785
0.30205681920051575
0.31687331199645996
0.3112782835960388
0.30078449845314026
0.30615943670272827
0.29930609464645386
0.30986395478248596
0.34347379207611084
0.30935943126678467
0.3246689438819885
0.2959374189376831
0.3109986484050751
0.3063758313655853
0.3184741735458374
0.29107552766799927
0.2941625416278839
0.312497615814209
0.3003976345062256
0.3231502175331116
0.35178273916244507
0.29122239351272583
0.29906946420669556
0.3040008842945099
0.3067771792411804
0.2933569550514221
0.2906935214996338
0.2928828001022339
0.2819203734397888
0.32488808035850525
0.2900724411010742
0.30945611000061035
0.30280864238739014
0.31595030426979065
0.30240315198898315
0.321906715631485
0.29538360238075256
0.2929041385650635
0.3100466728210449
0.3076860308647156
0.2869170606136322
0.3012290596961975
0.3063109517097473
0.2916710078716278
0.28248780965805054
0.2867836356163025
0.31142544746398926
0.2744183838367462
0.28450456261634827
0.3209366798400879
0.29942694306373596
0.2949884533882141
0.297277569770813
0.28040310740470886
0.31998535990715027
0.31504493951797485
0.31528231501579285
0.2900172472000122
0.2770002484321594
0.305734783411026
0.29437339305877686
0.27488797903060913
0.3038947582244873
0.2683485150337219
0.2894417941570282
0.30694836378097534
0.2717761993408203
0.2653452157974243
0.27992063760757446
0.2759280204772949
0.2688748240470886
0.2656055688858032
0.26021862030029297
0.25748205184936523
0.2708952724933624
0.2711772918701172
0.2632293701171875
0.2749558687210083
0.2695520520210266
0.26281383633613586
0.28262782096862793
0.27553513646125793
0.2844591736793518
0.23950961232185364
0.2589770257472992
0.2736310362815857
0.2714677155017853
0.2695338726043701
0.2790960967540741
0.27851325273513794
0.2555241882801056
0.2625003755092621
0.2814291715621948
0.24675345420837402
0.26674753427505493
0.25907111167907715
0.27857112884521484
0.283294677734375
0.2799873352050781
0.27845829725265503
0.2602118253707886
0.2975672483444214
0.24912355840206146
0.27031534910202026
0.23511365056037903
0.2780466079711914
0.27582424879074097
