0.5889124274253845
0.5204992890357971
0.4565613865852356
0.39109423756599426
0.3243732750415802
0.2516312599182129
0.18457993865013123
0.12081922590732574
0.07099185138940811
0.0345560647547245
0.025296080857515335
0.032470181584358215
0.03693778067827225
0.037287354469299316
0.04390440881252289
0.045996714383363724
0.05335776507854462
0.05473322048783302
0.06114752218127251
0.06412208080291748
0.06695657223463058
0.07230670005083084
0.07266725599765778
0.0774654895067215
0.07209707051515579
0.07743821293115616
0.07779470086097717
0.07867104560136795
0.07346966117620468
0.08039876818656921
0.074848473072052
0.07760025560855865
0.07416978478431702
0.07307267189025879
0.07478980720043182
0.07688092440366745
0.07178964465856552
0.0707077905535698
0.06974850594997406
0.07330519706010818
0.07177044451236725
0.07557694613933563
0.07014862447977066
0.07260160148143768
0.07187774032354355
0.07465466111898422
0.0707799568772316
0.07359500974416733
0.0722171738743782
0.07369011640548706
0.07245931774377823
0.07276037335395813
0.07329202443361282
0.07438214123249054
0.07263363152742386
0.07165800034999847
0.07263889908790588
0.07436279952526093
0.07126948237419128
0.0752844288945198
0.07142270356416702
0.07445670664310455
0.07344640791416168
0.0721588209271431
0.07383137941360474
0.07501811534166336
0.07571379095315933
0.07344338297843933
0.07380028069019318
0.07202432304620743
0.07308629155158997
0.07520845532417297
0.07439817488193512
0.07218069583177567
0.07345698028802872
0.07580557465553284
0.07353533804416656
0.0750739648938179
0.07298043370246887
0.07439055293798447
0.07375621050596237
0.07296527922153473
0.0707426369190216
0.07265926897525787
0.07357162982225418
0.07330069690942764
0.0774727538228035
0.07676718384027481
0.07498005777597427
0.07541373372077942
0.0741787701845169
0.07423490285873413
0.07329224050045013
0.07346507906913757
0.07365810871124268
0.0745806023478508
0.07449590414762497
0.07399573922157288
0.07286528497934341
0.07695987075567245
0.07454066723585129
0.07446951419115067
0.07160456478595734
0.0741649642586708
0.07553980499505997
0.07306095212697983
0.07368319481611252
0.07316857576370239
0.07299548387527466
0.0750817060470581
0.07364337891340256
0.07487893849611282
0.07254818826913834
0.07407201826572418
0.07600132375955582
0.07452709227800369
0.07249487191438675
0.07401204109191895
0.07458480447530746
0.07432691752910614
0.07294593006372452
0.0743286982178688
0.07268472015857697
0.07303308695554733
0.0725191980600357
0.07351163774728775
0.07507802546024323
0.07760705798864365
0.07238299399614334
0.07293938845396042
0.07535440474748611
0.0712304413318634
0.0720578134059906
0.07134188711643219
0.07540123164653778
0.07387956976890564
0.07473292946815491
0.07325639575719833
0.07266157120466232
0.07456232607364655
0.07277817279100418
0.07526715844869614
0.0735025554895401
0.0760532021522522
0.07419107109308243
0.07511872053146362
0.07337398827075958
0.07537242025136948
0.0739680603146553
0.07504373043775558
0.07391621172428131
0.07288793474435806
0.07532220333814621
0.0746273472905159
0.07366345077753067
0.07416227459907532
0.0735875815153122
0.07637487351894379
0.07329131662845612
0.07427261024713516
0.07134629040956497
0.07494930177927017
0.07394999265670776
0.07515903562307358
0.07492732256650925
0.07791781425476074
0.07586749643087387
0.07306477427482605
0.07366643100976944
0.07734885811805725
0.0751037746667862
0.07308610528707504
0.07737558335065842
0.07295498996973038
0.07498276978731155
0.07452292740345001
0.07526462525129318
0.07607124745845795
0.0735868513584137
0.07600441575050354
0.07598184049129486
0.07331057637929916
0.07388541847467422
0.07465790212154388
0.0765329971909523
0.07597362250089645
0.074033223092556
0.07561533898115158
0.07315836101770401
0.07142847031354904
0.07100865244865417
0.0717945545911789
0.0709952563047409
0.07218685746192932
0.07762298732995987
0.07490333169698715
0.07558978348970413
0.07445818185806274
0.07489532232284546
0.07986422628164291
0.07623326033353806
0.07418470829725266
0.07528488337993622
0.07088813185691833
0.07704604417085648
0.07303798943758011
0.07455756515264511
0.07334144413471222
0.07354693859815598
0.07070036977529526
0.07560522854328156
0.0732182189822197
0.0739385336637497
0.07289396226406097
0.0730864554643631
0.071280837059021
0.07262378931045532
0.07250968366861343
0.07215145975351334
0.07256490737199783
0.07002206891775131
0.07442481070756912
0.07417716085910797
0.07266657799482346
0.07359276711940765
0.07507875561714172
0.07347133010625839
0.07473131269216537
0.07082770019769669
0.07358422875404358
0.07375489920377731
0.07392103224992752
0.07416181266307831
0.0738159716129303
0.07362984120845795
0.07272648811340332
0.07147207111120224
0.07370305806398392
0.07039480656385422
0.07300233840942383
0.07362814992666245
0.0732203871011734
0.07376591861248016
0.07307392358779907
0.07442719489336014
0.07380659878253937
0.07501884549856186
0.07215964794158936
0.07462169975042343
0.07257557660341263
0.07531867176294327
0.07435392588376999
