0.0000,0.0141
0.0000,0.0141
0.0000,0.0135
0.0000,0.0120
0.0000,0.0097
0.0000,0.0123
0.0000,0.0136
0.0000,0.0123
0.0000,0.0126
0.0000,0.0115
0.0000,0.0139
0.0000,0.0139
0.0000,0.0091
0.0000,0.0125
0.0000,0.0099
0.0000,0.0115
0.0000,0.0137
0.0000,0.0147
0.0000,0.0118
0.0000,0.0116
0.0000,0.0110
0.0000,0.0110
0.0000,0.0102
0.0000,0.0092
0.0000,0.0124
0.0000,0.0113
0.0000,0.0118
0.0000,0.0096
0.0000,0.0119
0.0000,0.0094
0.0000,0.0132
0.0000,0.0132
0.0000,0.0117
0.0000,0.0112
0.0000,0.0102
0.0000,0.0110
0.0000,0.0117
0.0000,0.0123
0.0000,0.0113
0.0000,0.0101
0.0000,0.0102
0.0000,0.0102
0.0000,0.0123
0.0000,0.0132
0.0000,0.0135
0.0000,0.0118
0.0000,0.0117
0.0000,0.0087
0.0000,0.0103
0.0000,0.0106
0.0000,0.0109
0.0000,0.0106
0.0000,0.0106
0.0000,0.0106
0.0000,0.0106
0.0000,0.0106
0.0000,0.0106
0.0000,0.0106
0.0000,0.0106
0.0000,0.0106
0.0000,0.0106
0.0000,0.0106
0.0000,0.0106
0.0000,0.0106
0.0000,0.0106
0.0000,0.0106
0.0000,0.0106
0.0000,0.0106
0.0000,0.0106
0.0000,0.0106
0.0000,0.0106
0.0000,0.0106
0.0000,0.0106
0.0000,0.0106
0.0000,0.0106
0.0000,0.0106
0.0000,0.0106
0.0000,0.0106
0.0000,0.0106
0.0000,0.0106
0.0000,0.0106
0.0000,0.0106
0.0000,0.0106
0.0000,0.0106
0.0000,0.0106
0.0000,0.0106
0.0000,0.0106
0.0000,0.0106
0.0000,0.0106
0.0000,0.0106
0.0000,0.0106
0.0000,0.0106
0.0000,0.0106
0.0000,0.0106
0.0000,0.0106
0.0000,0.0106
0.0000,0.0106
0.0000,0.0106
0.0000,0.0106
0.0000,0.0106
0.0000,0.0106
0.0000,0.0109
0.0000,0.0106
0.0000,0.0106
0.0000,0.0106
0.0000,0.0106
0.0000,0.0106
0.0000,0.0106
0.0000,0.0106
0.0000,0.0106
0.0000,0.0106
0.0000,0.0106
0.0000,0.0106
0.0000,0.0106
0.0000,0.0106
0.0000,0.0106
0.0000,0.0106
0.0000,0.0106
0.0000,0.0106
0.0000,0.0106
0.0000,0.0106
0.0000,0.0106
0.0000,0.0106
0.0000,0.0106
0.0000,0.0106
0.0000,0.0106
0.0000,0.0106
0.0000,0.0106
0.0000,0.0106
0.0000,0.0106
0.0000,0.0106
0.0000,0.0106
0.0000,0.0106
0.0000,0.0106
0.0000,0.0106
0.0000,0.0106
0.0000,0.0106
0.0000,0.0106
0.0000,0.0106
0.0000,0.0106
0.0000,0.0106
0.0000,0.0106
0.0000,0.0106
0.0000,0.0106
0.0000,0.0106
0.0000,0.0106
0.0000,0.0106
0.0000,0.0106
0.0000,0.0106
0.0000,0.0106
0.0000,0.0106
0.0000,0.0106
0.0000,0.0109
