0.2180,0.0674,0.1300
0.0952,0.0644,0.0740
0.0952,0.0644,0.0895
0.1134,0.0506,0.0942
0.0848,0.0669,0.1045
0.1805,0.0649,0.1718
0.0938,0.0710,0.1083
0.0847,0.0585,0.1180
0.1130,0.0551,0.1449
0.0887,0.0585,0.1230
0.0844,0.0566,0.1279
0.0899,0.0623,0.1259
0.0899,0.0623,0.1302
0.2138,0.0775,0.2162
0.0784,0.0608,0.1196
0.0909,0.0551,0.1279
0.1358,0.0615,0.1705
0.1192,0.0753,0.1224
0.1351,0.0737,0.1429
0.0791,0.0592,0.1086
0.0873,0.0538,0.1133
0.0805,0.0556,0.1147
0.0805,0.0556,0.1177
0.0825,0.0587,0.1211
0.1626,0.0768,0.1806
0.0869,0.0585,0.1111
0.0840,0.0562,0.1144
0.0821,0.0555,0.1134
0.0943,0.0523,0.1256
0.0905,0.0570,0.1202
0.1426,0.0717,0.1593
0.0807,0.0634,0.1079
0.0807,0.0634,0.1174
0.0865,0.0584,0.1214
0.1278,0.0586,0.1420
0.1537,0.0572,0.1757
0.0915,0.0579,0.1080
0.0782,0.0579,0.1109
0.0892,0.0597,0.1171
0.0882,0.0584,0.1213
0.0882,0.0528,0.1162
0.2145,0.0852,0.2169
0.2145,0.0852,0.2389
0.0809,0.0674,0.0883
0.0702,0.0639,0.0993
0.0927,0.0635,0.1101
0.0767,0.0551,0.1059
0.0771,0.0570,0.1100
0.1588,0.0720,0.1659
0.0817,0.0521,0.1101
0.0774,0.0533,0.1078
0.0820,0.0532,0.1150
0.0817,0.0521,0.0624
0.0817,0.0521,0.0624
0.0817,0.0521,0.0729
0.0817,0.0521,0.0827
0.0817,0.0521,0.0914
0.0817,0.0521,0.0990
0.0817,0.0521,0.1056
0.0817,0.0521,0.1112
0.0817,0.0521,0.1160
0.0817,0.0521,0.1201
0.0817,0.0521,0.1235
0.0817,0.0521,0.1265
0.0817,0.0521,0.1290
0.0817,0.0521,0.1311
0.0817,0.0521,0.1329
0.0817,0.0521,0.1344
0.0817,0.0521,0.1357
0.0817,0.0521,0.1368
0.0817,0.0521,0.1377
0.0817,0.0521,0.1385
0.0817,0.0521,0.1391
0.0817,0.0521,0.1397
0.0817,0.0521,0.1401
0.0817,0.0521,0.1405
0.0817,0.0521,0.1409
0.0817,0.0521,0.1412
0.0817,0.0521,0.1414
0.0817,0.0521,0.1416
0.0817,0.0521,0.1418
0.0817,0.0521,0.1419
0.0817,0.0521,0.1420
0.0817,0.0521,0.1421
0.0817,0.0521,0.1422
0.0817,0.0521,0.1423
0.0817,0.0521,0.1424
0.0817,0.0521,0.1424
0.0817,0.0521,0.1424
0.0817,0.0521,0.1425
0.0817,0.0521,0.1425
0.0817,0.0521,0.1425
0.0817,0.0521,0.1426
0.0817,0.0521,0.1426
0.0817,0.0521,0.1426
0.0817,0.0521,0.1426
0.0817,0.0521,0.1426
0.0817,0.0521,0.1426
0.0817,0.0521,0.1426
0.0817,0.0521,0.1427
0.0817,0.0521,0.1427
0.0817,0.0521,0.1427
0.0817,0.0521,0.1427
0.0820,0.0532,0.1406
0.0817,0.0521,0.0624
0.0817,0.0521,0.0624
0.0817,0.0521,0.0729
0.0817,0.0521,0.0827
0.0817,0.0521,0.0914
0.0817,0.0521,0.0990
0.0817,0.0521,0.1056
0.0817,0.0521,0.1112
0.0817,0.0521,0.1160
0.0817,0.0521,0.1201
0.0817,0.0521,0.1235
0.0817,0.0521,0.1265
0.0817,0.0521,0.1290
0.0817,0.0521,0.1311
0.0817,0.0521,0.1329
0.0817,0.0521,0.1344
0.0817,0.0521,0.1357
0.0817,0.0521,0.1368
0.0817,0.0521,0.1377
0.0817,0.0521,0.1385
0.0817,0.0521,0.1391
0.0817,0.0521,0.1397
0.0817,0.0521,0.1401
0.0817,0.0521,0.1405
0.0817,0.0521,0.1409
0.0817,0.0521,0.1412
0.0817,0.0521,0.1414
0.0817,0.0521,0.1416
0.0817,0.0521,0.1418
0.0817,0.0521,0.1419
0.0817,0.0521,0.1420
0.0817,0.0521,0.1421
0.0817,0.0521,0.1422
0.0817,0.0521,0.1423
0.0817,0.0521,0.1424
0.0817,0.0521,0.1424
0.0817,0.0521,0.1424
0.0817,0.0521,0.1425
0.0817,0.0521,0.1425
0.0817,0.0521,0.1425
0.0817,0.0521,0.1426
0.0817,0.0521,0.1426
0.0817,0.0521,0.1426
0.0817,0.0521,0.1426
0.0817,0.0521,0.1426
0.0817,0.0521,0.1426
0.0817,0.0521,0.1427
0.0817,0.0521,0.1427
0.0817,0.0521,0.1427
0.0817,0.0521,0.1427
0.0817,0.0521,0.1427
0.0820,0.0532,0.1406
