40.5753,59.0975
40.5756,59.0975
40.5756,59.0975
40.5755,59.0975
40.5756,59.0975
40.5755,59.0975
40.5755,59.0974
40.5755,59.0975
40.5755,59.0975
40.5755,59.0975
40.5755,59.0975
40.5754,59.0975
40.5754,59.0975
40.5754,59.0974
40.5754,59.0975
40.5754,59.0975
40.5754,59.0975
40.5755,59.0975
40.5755,59.0975
40.5754,59.0975
40.5754,59.0975
40.5754,59.0975
40.5754,59.0975
40.5754,59.0975
40.5755,59.0975
40.5754,59.0975
40.5754,59.0975
40.5755,59.0975
40.5753,59.0975
40.5755,59.0975
40.5754,59.0975
40.5754,59.0975
40.5755,59.0975
40.5755,59.0975
40.5755,59.0975
40.5754,59.0975
40.5754,59.0975
40.5755,59.0975
40.5755,59.0975
40.5754,59.0975
40.5754,59.0975
40.5754,59.0975
40.5754,59.0975
40.5755,59.0975
40.5755,59.0975
40.5755,59.0975
40.5754,59.0975
40.5754,59.0975
40.5755,59.0975
40.5754,59.0975
40.5754,59.0974
40.5776,59.0993
