13.5377,11.5034
13.2427,11.2099
13.2427,11.2098
13.2269,11.1941
13.3395,11.3068
13.4791,11.4467
13.3661,11.3334
13.2706,11.2364
13.2942,11.2599
13.2068,11.1719
13.2893,11.2545
13.1352,11.1007
13.1351,11.1007
13.4931,11.4560
13.2300,11.1936
13.3370,11.2976
13.2494,11.2107
13.0750,11.0350
12.9746,10.9354
13.2117,11.1720
13.2241,11.1847
13.2379,11.1972
13.2379,11.1971
13.2744,11.2332
13.3982,11.3554
13.0957,11.0541
13.1792,11.1369
13.1450,11.1032
13.3617,11.3203
13.1667,11.1240
13.4380,11.3950
13.1229,11.0800
13.1228,11.0800
13.2345,11.1914
13.2413,11.1972
13.5658,11.5218
13.2373,11.1930
13.2095,11.1661
13.1466,11.1033
13.1289,11.0851
13.2384,11.1948
13.6054,11.5612
13.6054,11.5612
13.1776,11.1338
13.1715,11.1278
13.0567,11.0126
13.1420,11.0973
13.2058,11.1622
13.4783,11.4340
13.2877,11.2433
13.2348,11.1910
13.2389,11.1694
13.2349,11.1911
13.2348,11.1913
13.2348,11.1912
13.2349,11.1912
13.2348,11.1911
13.2349,11.1912
13.2347,11.1911
13.2347,11.1911
13.2349,11.1911
13.2349,11.1911
13.2348,11.1911
13.2347,11.1911
13.2348,11.1912
13.2348,11.1912
13.2348,11.1913
13.2348,11.1910
13.2348,11.1912
13.2347,11.1910
13.2348,11.1910
13.2348,11.1912
13.2347,11.1910
13.2347,11.1912
13.2347,11.1912
13.2348,11.1910
13.2348,11.1912
13.2348,11.1912
13.2349,11.1912
13.2349,11.1911
13.2348,11.1911
13.2350,11.1911
13.2348,11.1911
13.2348,11.1912
13.2348,11.1911
13.2349,11.1912
13.2349,11.1910
13.2349,11.1912
13.2349,11.1911
13.2348,11.1910
13.2348,11.1911
13.2348,11.1912
13.2349,11.1912
13.2349,11.1910
13.2349,11.1911
13.2348,11.1911
13.2348,11.1911
13.2349,11.1912
13.2349,11.1912
13.2350,11.1912
13.2348,11.1911
13.2348,11.1910
13.2349,11.1911
13.2389,11.1695
13.2349,11.1911
13.2348,11.1911
13.2346,11.1911
13.2347,11.1911
13.2347,11.1912
13.2348,11.1911
13.2348,11.1912
13.2348,11.1912
13.2349,11.1911
13.2348,11.1911
13.2348,11.1912
13.2347,11.1912
13.2348,11.1912
13.2349,11.1911
13.2348,11.1913
13.2347,11.1911
13.2348,11.1911
13.2348,11.1911
13.2347,11.1911
13.2349,11.1911
13.2350,11.1912
13.2347,11.1912
13.2349,11.1912
13.2347,11.1911
13.2349,11.1911
13.2348,11.1911
13.2349,11.1912
13.2348,11.1912
13.2348,11.1911
13.2348,11.1912
13.2348,11.1911
13.2347,11.1911
13.2347,11.1910
13.2347,11.1911
13.2347,11.1911
13.2347,11.1912
13.2349,11.1911
13.2349,11.1912
13.2348,11.1913
13.2348,11.1912
13.2348,11.1911
13.2348,11.1911
13.2348,11.1911
13.2348,11.1911
13.2348,11.1912
13.2348,11.1911
13.2348,11.1911
13.2348,11.1911
13.2349,11.1912
13.2347,11.1911
13.2349,11.1912
13.2391,11.1695
