29.1974,7.0469
29.1972,7.0469
29.1973,7.0469
29.1973,7.0469
29.1973,7.0469
29.1973,7.0470
29.1973,7.0470
29.1973,7.0469
29.1972,7.0469
29.1973,7.0469
29.1973,7.0469
29.1973,7.0469
29.1973,7.0469
29.1973,7.0469
29.1972,7.0469
29.1973,7.0469
29.1973,7.0469
29.1973,7.0469
29.1973,7.0469
29.1972,7.0469
29.1973,7.0470
29.1972,7.0469
29.1972,7.0469
29.1973,7.0469
29.1972,7.0469
29.1973,7.0469
29.1972,7.0470
29.1973,7.0469
29.1972,7.0469
29.1973,7.0469
29.1972,7.0470
29.1971,7.0469
29.1972,7.0469
29.1972,7.0469
29.1972,7.0469
29.1971,7.0469
29.1972,7.0469
29.1971,7.0469
29.1971,7.0469
29.1972,7.0469
29.1971,7.0470
29.1972,7.0469
29.1971,7.0469
29.1971,7.0470
29.1972,7.0469
29.1971,7.0469
29.1971,7.0469
29.1972,7.0469
29.1972,7.0469
29.1971,7.0470
29.1971,7.0469
29.1977,7.0451
