-1.0000,0.4495
-1.0000,0.4495
-1.0000,0.4495
-1.0000,0.4494
-1.0000,0.4495
-1.0000,0.4496
-1.0000,0.4498
-1.0000,0.4499
-1.0000,0.4500
-1.0000,0.4502
-1.0000,0.4504
-1.0000,0.4507
-1.0000,0.4507
-1.0000,0.4508
-1.0000,0.4510
-1.0000,0.4511
-1.0000,0.4513
-1.0000,0.4516
-1.0000,0.4517
-1.0000,0.4519
-1.0000,0.4519
-1.0000,0.4519
-1.0000,0.4519
-1.0000,0.4521
-1.0000,0.4525
-1.0000,0.4526
-1.0000,0.4526
-1.0000,0.4526
-1.0000,0.4527
-1.0000,0.4527
-1.0000,0.4528
-1.0000,0.4528
-1.0000,0.4528
-1.0000,0.4528
-1.0000,0.4528
-1.0000,0.4527
-1.0000,0.4527
-1.0000,0.4528
-1.0000,0.4528
-1.0000,0.4528
-1.0000,0.4528
-1.0000,0.4528
-1.0000,0.4528
-1.0000,0.4528
-1.0000,0.4526
-1.0000,0.4527
-1.0000,0.4527
-1.0000,0.4527
-1.0000,0.4527
-1.0000,0.4527
-1.0000,0.4527
-1.0000,-1.0000,0.4527
-1.0000,0.4527
-1.0000,0.4527
-1.0000,0.4527
-1.0000,0.4527
-1.0000,0.4527
-1.0000,0.4527
-1.0000,0.4527
-1.0000,0.4527
-1.0000,0.4527
-1.0000,0.4527
-1.0000,0.4527
-1.0000,0.4527
-1.0000,0.4527
-1.0000,0.4527
-1.0000,0.4527
-1.0000,0.4527
-1.0000,0.4527
-1.0000,0.4527
-1.0000,0.4527
-1.0000,0.4527
-1.0000,0.4527
-1.0000,0.4527
-1.0000,0.4527
-1.0000,0.4527
-1.0000,0.4527
-1.0000,0.4527
-1.0000,0.4527
-1.0000,0.4527
-1.0000,0.4527
-1.0000,0.4527
-1.0000,0.4527
-1.0000,0.4527
-1.0000,0.4527
-1.0000,0.4527
-1.0000,0.4527
-1.0000,0.4527
-1.0000,0.4527
-1.0000,0.4527
-1.0000,0.4527
-1.0000,0.4527
-1.0000,0.4527
-1.0000,0.4527
-1.0000,0.4527
-1.0000,0.4527
-1.0000,0.4527
-1.0000,0.4527
-1.0000,0.4527
-1.0000,0.4527
-1.0000,0.4527
-1.0000,0.4527
-1.0000,0.4527
-1.0000,-1.0000,0.4527
-1.0000,0.4527
-1.0000,0.4527
-1.0000,0.4527
-1.0000,0.4527
-1.0000,0.4527
-1.0000,0.4527
-1.0000,0.4527
-1.0000,0.4527
-1.0000,0.4527
-1.0000,0.4527
-1.0000,0.4527
-1.0000,0.4527
-1.0000,0.4527
-1.0000,0.4527
-1.0000,0.4527
-1.0000,0.4527
-1.0000,0.4527
-1.0000,0.4527
-1.0000,0.4527
-1.0000,0.4527
-1.0000,0.4527
-1.0000,0.4527
-1.0000,0.4527
-1.0000,0.4527
-1.0000,0.4527
-1.0000,0.4527
-1.0000,0.4527
-1.0000,0.4527
-1.0000,0.4527
-1.0000,0.4527
-1.0000,0.4527
-1.0000,0.4527
-1.0000,0.4527
-1.0000,0.4527
-1.0000,0.4527
-1.0000,0.4527
-1.0000,0.4527
-1.0000,0.4527
-1.0000,0.4527
-1.0000,0.4527
-1.0000,0.4527
-1.0000,0.4527
-1.0000,0.4527
-1.0000,0.4527
-1.0000,0.4527
-1.0000,0.4527
-1.0000,0.4527
-1.0000,0.4527
-1.0000,0.4527
-1.0000,0.4527
-1.0000,0.4527
-1.0000,-1.0000,0.4527
