6773.4985
6607.1914
5814.9785
5852.5947
6128.7573
6176.6826
6036.9263
5841.6621
5809.0601
5751.9111
5810.2900
5760.4199
5724.1104
5962.3223
5747.5244
5712.1655
5695.9082
5516.0083
5457.4229
5891.6919
5764.3052
5668.8789
5665.3418
5886.3154
5972.2983
5494.4609
5568.4414
5613.1274
5981.6245
5639.3589
6053.9146
5644.6367
5638.0918
5861.7559
5600.3438
5989.9028
5652.6997
5736.9658
5635.9932
5581.2793
5687.1895
6111.6938
6068.8662
5544.3145
5642.0532
5543.7534
5600.4785
5749.5215
6011.4556
5736.3711
5696.0469
5724.4653
5696.0957
5695.9995
5696.0107
5695.9561
5696.2920
5696.1035
5695.9424
5695.8379
5696.0693
5696.0249
5696.1772
5696.2227
5695.8760
5696.1592
5696.2002
5695.9785
5696.0493
5695.8994
5696.3789
5696.0225
5695.9438
5695.9907
5695.8818
5695.9951
5696.0962
5696.1309
5695.9150
5695.9023
5695.7168
5695.9458
5696.0879
5696.2017
5696.1885
5695.8379
5696.2646
5696.2178
5696.0420
5696.2339
5695.9844
5696.0391
5695.9609
5695.9775
5696.1104
5695.9512
5695.8965
5695.6558
5695.8809
5695.9043
5695.7256
5695.9238
5695.7808
5724.2861
5695.9067
5696.1650
5695.9336
5696.0693
5696.1709
5695.9590
5696.3545
5696.1357
5696.0244
5696.1211
5695.7188
5696.1016
5695.8398
5695.8984
5696.1777
5695.7202
5695.8467
5695.9365
5696.0303
5695.8691
5695.9014
5695.9258
5695.9229
5695.9395
5695.6777
5695.9844
5695.8633
5696.0347
5695.9648
5696.2432
5696.0225
5695.9541
5696.1465
5695.8091
5695.9199
5695.9019
5696.0718
5696.1343
5696.0776
5696.0693
5695.7715
5696.0005
5695.9751
5695.7695
5695.9775
5696.1030
5696.1567
5696.0420
5695.8716
5696.1489
5695.7070
5724.2808
