0.4061,0.2622
0.4061,0.2622
0.4061,0.2622
0.4057,0.2621
0.4052,0.2621
0.4048,0.2620
0.4044,0.2619
0.4040,0.2619
0.4036,0.2618
0.4032,0.2617
0.4027,0.2617
0.4023,0.2616
0.4019,0.2615
0.4014,0.2615
0.4010,0.2614
0.4005,0.2614
0.4002,0.2613
0.4000,0.2613
0.4000,0.2612
0.4001,0.2612
0.4003,0.2612
0.4006,0.2611
0.4010,0.2611
0.4010,0.2611
0.4010,0.2611
0.4010,0.2611
0.4010,0.2611
0.4010,0.2611
0.4010,0.2611
0.4010,0.2611
0.4010,0.2611
0.4010,0.2611
0.4010,0.2611
0.4010,0.2611
0.4010,0.2611
0.4010,0.2611
0.4010,0.2611
0.4010,0.2611
0.4010,0.2611
0.4010,0.2611
0.4010,0.2611
0.4010,0.2611
0.4010,0.2611
0.4010,0.2611
0.4010,0.2611
0.4010,0.2611
0.4010,0.2611
0.4010,0.2611
0.4010,0.2611
0.4010,0.2611
0.4010,0.2611
0.4010,0.2611
0.4010,0.2611
0.4010,0.2611
0.4010,0.2611
0.4010,0.2611
0.4010,0.2611
0.4010,0.2611
0.4010,0.2611
0.4010,0.2611
0.4010,0.2611
0.4010,0.2611
0.4010,0.2611
0.4010,0.2611
0.4010,0.2611
0.4010,0.2611
0.4010,0.2611
0.4010,0.2611
0.4010,0.2611
0.4013,0.2611
0.4017,0.2611
0.4022,0.2611
0.4026,0.2611
0.4031,0.2611
0.4035,0.2612
0.4040,0.2612
0.4045,0.2612
0.4050,0.2612
0.4055,0.2612
0.4061,0.2613
0.4066,0.2613
0.4071,0.2613
0.4077,0.2613
0.4082,0.2614
0.4088,0.2614
0.4093,0.2614
0.4099,0.2615
0.4105,0.2615
0.4111,0.2615
0.4111,0.2615
0.4111,0.2615
0.4116,0.2616
0.4122,0.2616
0.4128,0.2617
0.4134,0.2617
0.4140,0.2617
0.4145,0.2618
0.4151,0.2618
0.4157,0.2619
0.4163,0.2619
0.4168,0.2619
0.4174,0.2620
0.4180,0.2620
0.4185,0.2621
0.4191,0.2621
0.4197,0.2622
0.4203,0.2622
0.4208,0.2622
0.4214,0.2623
0.4219,0.2623
0.4225,0.2624
0.4225,0.2624
0.4225,0.2624
0.4230,0.2624
0.4235,0.2624
0.4241,0.2625
0.4246,0.2625
0.4251,0.2625
0.4256,0.2626
0.4262,0.2626
0.4267,0.2626
0.4272,0.2627
0.4277,0.2627
0.4282,0.2628
0.4287,0.2628
0.4292,0.2628
0.4297,0.2629
0.4302,0.2629
0.4307,0.2629
0.4312,0.2630
0.4317,0.2630
0.4322,0.2630
0.4326,0.2631
0.4326,0.2631
0.4326,0.2631
0.4331,0.2631
0.4336,0.2631
0.4340,0.2632
0.4345,0.2632
0.4349,0.2632
0.4354,0.2633
0.4358,0.2633
0.4363,0.2634
0.4367,0.2634
0.4371,0.2634
0.4376,0.2635
0.4380,0.2635
0.4385,0.2635
0.4389,0.2636
0.4393,0.2636
0.4398,0.2636
0.4402,0.2637
0.4406,0.2637
0.4410,0.2637
0.4414,0.2637
0.4414,0.2637
0.4414,0.2637
0.4418,0.2638
0.4422,0.2638
0.4426,0.2638
0.4431,0.2639
0.4434,0.2639
0.4438,0.2639
0.4442,0.2640
0.4446,0.2640
0.4450,0.2640
0.4454,0.2641
0.4458,0.2641
0.4461,0.2641
0.4465,0.2641
0.4469,0.2642
0.4472,0.2642
0.4476,0.2642
0.4479,0.2642
0.4483,0.2643
0.4486,0.2643
0.4490,0.2643
0.4490,0.2643
0.4490,0.2643
0.4493,0.2644
0.4497,0.2644
0.4500,0.2644
0.4503,0.2645
0.4507,0.2645
0.4510,0.2645
0.4513,0.2645
0.4516,0.2645
0.4519,0.2646
0.4522,0.2646
0.4525,0.2646
0.4528,0.2646
0.4531,0.2647
0.4534,0.2647
0.4537,0.2647
0.4540,0.2647
0.4543,0.2647
0.4546,0.2648
0.4549,0.2648
0.4552,0.2648
0.4552,0.2648
0.4552,0.2648
0.4554,0.2649
0.4557,0.2649
0.4560,0.2649
0.4562,0.2649
0.4565,0.2650
0.4568,0.2650
0.4570,0.2650
0.4573,0.2650
0.4575,0.2650
0.4577,0.2650
0.4580,0.2650
0.4582,0.2651
0.4584,0.2651
0.4586,0.2651
0.4588,0.2651
0.4591,0.2651
0.4593,0.2651
0.4595,0.2651
0.4597,0.2652
0.4599,0.2652
0.4599,0.2652
0.4599,0.2652
0.4601,0.2652
0.4603,0.2652
0.4604,0.2652
0.4606,0.2652
0.4608,0.2652
0.4610,0.2652
0.4612,0.2652
0.4614,0.2652
0.4616,0.2653
0.4618,0.2653
0.4619,0.2653
0.4621,0.2653
0.4623,0.2653
0.4624,0.2653
0.4626,0.2653
0.4628,0.2653
0.4629,0.2653
0.4631,0.2653
0.4632,0.2653
0.4634,0.2653
0.4634,0.2653
0.4634,0.2653
0.4634,0.2653
0.4634,0.2653
0.4634,0.2653
0.4634,0.2653
0.4634,0.2653
0.4634,0.2653
0.4634,0.2653
0.4634,0.2653
0.4634,0.2653
0.4634,0.2653
0.4634,0.2653
0.4634,0.2653
0.4634,0.2653
0.4634,0.2653
0.4634,0.2653
0.4634,0.2653
0.4634,0.2653
0.4634,0.2653
0.4634,0.2653
0.4634,0.2653
0.4634,0.2653
0.4634,0.2653
0.4634,0.2653
0.4634,0.2653
0.4634,0.2653
0.4634,0.2653
0.4634,0.2653
0.4634,0.2653
0.4634,0.2653
0.4634,0.2653
0.4634,0.2653
0.4634,0.2653
0.4634,0.2653
0.4634,0.2653
0.4634,0.2653
0.4634,0.2653
0.4634,0.2653
0.4634,0.2653
0.4634,0.2653
0.4634,0.2653
0.4634,0.2653
0.4634,0.2653
0.4634,0.2653
0.4634,0.2653
0.4636,0.2654
0.4637,0.2654
0.4639,0.2654
0.4640,0.2654
0.4642,0.2654
0.4643,0.2654
0.4645,0.2654
0.4646,0.2654
0.4648,0.2654
0.4650,0.2655
0.4651,0.2655
0.4653,0.2655
0.4654,0.2655
0.4656,0.2655
0.4657,0.2655
0.4659,0.2655
0.4660,0.2655
0.4662,0.2655
0.4663,0.2656
0.4665,0.2656
0.4665,0.2656
0.4665,0.2656
0.4666,0.2656
0.4668,0.2656
0.4669,0.2656
0.4671,0.2656
0.4673,0.2656
0.4674,0.2656
0.4676,0.2656
0.4677,0.2657
0.4678,0.2657
0.4680,0.2657
0.4681,0.2657
0.4683,0.2657
0.4684,0.2657
0.4685,0.2657
0.4686,0.2657
0.4688,0.2657
0.4689,0.2657
0.4691,0.2658
0.4692,0.2658
0.4693,0.2658
0.4693,0.2658
0.4693,0.2658
0.4695,0.2658
0.4696,0.2658
0.4698,0.2659
0.4699,0.2659
0.4701,0.2659
0.4702,0.2659
0.4703,0.2659
0.4705,0.2660
0.4706,0.2660
0.4707,0.2660
0.4709,0.2660
0.4710,0.2660
0.4712,0.2660
0.4713,0.2661
0.4714,0.2661
0.4716,0.2661
0.4717,0.2661
0.4719,0.2661
0.4720,0.2661
0.4722,0.2661
0.4722,0.2661
0.4722,0.2661
0.4723,0.2661
0.4724,0.2662
0.4726,0.2662
0.4727,0.2662
0.4729,0.2662
0.4730,0.2662
0.4732,0.2662
0.4733,0.2662
0.4735,0.2662
0.4736,0.2662
0.4738,0.2663
0.4739,0.2663
0.4741,0.2663
0.4742,0.2663
0.4743,0.2663
0.4745,0.2663
0.4746,0.2663
0.4748,0.2664
0.4749,0.2664
0.4750,0.2664
0.4750,0.2664
0.4750,0.2664
0.4752,0.2664
0.4753,0.2664
0.4755,0.2665
0.4756,0.2665
0.4757,0.2665
0.4759,0.2665
0.4760,0.2665
0.4761,0.2666
0.4763,0.2666
0.4764,0.2666
0.4766,0.2666
0.4767,0.2666
0.4768,0.2666
0.4770,0.2667
0.4772,0.2667
0.4773,0.2667
0.4775,0.2667
0.4776,0.2667
0.4778,0.2668
0.4779,0.2668
0.4779,0.2668
0.4779,0.2668
0.4781,0.2668
0.4782,0.2668
0.4784,0.2668
0.4785,0.2668
0.4787,0.2668
0.4789,0.2669
0.4790,0.2669
0.4792,0.2669
0.4794,0.2669
0.4796,0.2669
0.4797,0.2670
0.4799,0.2670
0.4801,0.2670
0.4802,0.2670
0.4804,0.2670
0.4806,0.2671
0.4808,0.2671
0.4810,0.2671
0.4811,0.2671
0.4813,0.2671
0.4813,0.2671
0.4813,0.2671
0.4815,0.2671
0.4817,0.2672
0.4819,0.2672
0.4821,0.2672
0.4823,0.2672
0.4825,0.2672
0.4827,0.2672
0.4829,0.2672
0.4831,0.2672
0.4833,0.2672
0.4836,0.2672
0.4838,0.2673
0.4840,0.2673
0.4842,0.2673
0.4844,0.2673
0.4846,0.2673
0.4848,0.2674
0.4850,0.2674
0.4852,0.2674
0.4854,0.2674
0.4854,0.2674
0.4854,0.2674
0.4856,0.2674
0.4858,0.2674
0.4860,0.2674
0.4862,0.2675
0.4864,0.2675
0.4866,0.2675
0.4869,0.2675
0.4871,0.2676
0.4874,0.2676
0.4876,0.2676
0.4878,0.2677
0.4880,0.2677
0.4882,0.2677
0.4884,0.2677
0.4887,0.2677
0.4889,0.2678
0.4891,0.2678
0.4893,0.2678
0.4895,0.2678
0.4897,0.2679
0.4897,0.2679
0.4897,0.2679
0.4897,0.2679
0.4897,0.2679
0.4897,0.2679
0.4897,0.2679
0.4897,0.2679
0.4897,0.2679
0.4897,0.2679
0.4897,0.2679
0.4897,0.2679
0.4897,0.2679
0.4897,0.2679
0.4897,0.2679
0.4897,0.2679
0.4897,0.2679
0.4897,0.2679
0.4897,0.2679
0.4897,0.2679
0.4897,0.2679
0.4897,0.2679
0.4897,0.2679
0.4897,0.2679
0.4897,0.2679
0.4897,0.2679
0.4897,0.2679
0.4897,0.2679
0.4897,0.2679
0.4897,0.2679
0.4897,0.2679
0.4897,0.2679
0.4897,0.2679
0.4897,0.2679
0.4897,0.2679
0.4897,0.2679
0.4897,0.2679
0.4897,0.2679
0.4897,0.2679
0.4897,0.2679
0.4897,0.2679
0.4897,0.2679
0.4897,0.2679
0.4897,0.2679
0.4897,0.2679
0.4897,0.2679
0.4897,0.2679
0.4899,0.2679
0.4901,0.2679
0.4903,0.2679
0.4905,0.2680
0.4907,0.2680
0.4909,0.2680
0.4911,0.2681
0.4914,0.2681
0.4916,0.2681
0.4919,0.2681
0.4921,0.2682
0.4922,0.2682
0.4924,0.2682
0.4926,0.2682
0.4928,0.2682
0.4930,0.2683
0.4932,0.2683
0.4934,0.2683
0.4937,0.2683
0.4940,0.2683
0.4940,0.2683
0.4940,0.2683
0.4942,0.2684
0.4945,0.2684
0.4948,0.2684
0.4951,0.2684
0.4953,0.2684
0.4956,0.2684
0.4960,0.2684
0.4963,0.2684
0.4966,0.2684
0.4969,0.2684
0.4972,0.2684
0.4974,0.2684
0.4978,0.2685
0.4981,0.2685
0.4984,0.2685
0.4987,0.2685
0.4990,0.2686
0.4993,0.2686
0.4997,0.2686
0.5001,0.2686
0.5001,0.2686
0.5001,0.2686
0.5004,0.2687
0.5007,0.2687
0.5010,0.2688
0.5013,0.2688
0.5016,0.2688
0.5018,0.2688
0.5021,0.2689
0.5023,0.2689
0.5025,0.2690
0.5027,0.2690
0.5029,0.2690
0.5031,0.2690
0.5033,0.2691
0.5034,0.2691
0.5036,0.2691
0.5038,0.2692
0.5040,0.2692
0.5043,0.2692
0.5046,0.2693
0.5048,0.2694
0.5048,0.2694
0.5048,0.2694
0.5051,0.2694
0.5053,0.2695
0.5056,0.2695
0.5058,0.2696
0.5060,0.2696
0.5062,0.2696
0.5064,0.2696
0.5066,0.2697
0.5069,0.2698
0.5072,0.2698
0.5075,0.2699
0.5078,0.2699
0.5081,0.2700
0.5084,0.2701
0.5087,0.2701
0.5090,0.2701
0.5093,0.2702
0.5096,0.2703
0.5099,0.2703
0.5102,0.2704
0.5102,0.2704
0.5102,0.2704
0.5106,0.2705
0.5109,0.2705
0.5114,0.2706
0.5118,0.2707
0.5121,0.2708
0.5124,0.2708
0.5128,0.2709
0.5131,0.2710
0.5135,0.2710
0.5138,0.2711
0.5141,0.2712
0.5143,0.2712
0.5146,0.2713
0.5149,0.2713
0.5152,0.2714
0.5156,0.2714
0.5158,0.2715
0.5161,0.2715
0.5164,0.2716
0.5167,0.2716
0.5167,0.2716
0.5167,0.2716
0.5170,0.2716
0.5172,0.2717
0.5175,0.2717
0.5177,0.2718
0.5179,0.2718
0.5181,0.2718
0.5184,0.2719
0.5187,0.2720
0.5190,0.2720
0.5194,0.2721
0.5198,0.2721
0.5202,0.2722
0.5206,0.2722
0.5210,0.2723
0.5214,0.2723
0.5218,0.2724
0.5222,0.2725
0.5227,0.2725
0.5230,0.2726
0.5234,0.2726
0.5234,0.2726
0.5234,0.2726
0.5238,0.2727
0.5242,0.2727
0.5246,0.2728
0.5249,0.2728
0.5252,0.2729
0.5256,0.2729
0.5260,0.2730
0.5264,0.2731
0.5268,0.2731
0.5272,0.2732
0.5276,0.2732
0.5280,0.2733
0.5283,0.2734
0.5286,0.2734
0.5289,0.2735
0.5292,0.2735
0.5295,0.2735
0.5298,0.2736
0.5301,0.2737
0.5303,0.2737
0.5303,0.2737
0.5303,0.2737
0.5306,0.2737
0.5308,0.2738
0.5311,0.2738
0.5314,0.2739
0.5317,0.2739
0.5319,0.2739
0.5323,0.2739
0.5328,0.2740
0.5333,0.2740
0.5338,0.2741
0.5342,0.2741
0.5347,0.2742
0.5350,0.2742
0.5354,0.2742
0.5357,0.2742
0.5360,0.2743
0.5363,0.2743
0.5366,0.2743
0.5369,0.2743
0.5371,0.2743
0.5371,0.2743
0.5371,0.2743
0.5371,0.2743
0.5371,0.2743
0.5371,0.2743
0.5371,0.2743
0.5371,0.2743
0.5371,0.2743
0.5371,0.2743
0.5371,0.2743
0.5371,0.2743
0.5371,0.2743
0.5371,0.2743
0.5371,0.2743
0.5371,0.2743
0.5371,0.2743
0.5371,0.2743
0.5371,0.2743
0.5371,0.2743
0.5371,0.2743
0.5371,0.2743
0.5371,0.2743
0.5371,0.2743
0.5371,0.2743
0.5371,0.2743
0.5371,0.2743
0.5371,0.2743
0.5371,0.2743
0.5371,0.2743
0.5371,0.2743
0.5371,0.2743
0.5371,0.2743
0.5371,0.2743
0.5371,0.2743
0.5371,0.2743
0.5371,0.2743
0.5371,0.2743
0.5371,0.2743
0.5371,0.2743
0.5371,0.2743
0.5371,0.2743
0.5371,0.2743
0.5371,0.2743
0.5371,0.2743
0.5371,0.2743
0.5371,0.2743
0.5373,0.2743
0.5376,0.2743
0.5378,0.2743
0.5380,0.2743
0.5382,0.2743
0.5384,0.2744
0.5385,0.2744
0.5387,0.2744
0.5389,0.2744
0.5390,0.2744
0.5392,0.2744
0.5393,0.2744
0.5394,0.2744
0.5396,0.2744
0.5397,0.2744
0.5399,0.2744
0.5400,0.2744
0.5402,0.2744
0.5403,0.2744
0.5404,0.2744
0.5404,0.2744
0.5404,0.2744
0.5406,0.2744
0.5407,0.2744
