0.5750877261161804
0.3960948884487152
0.16965103149414062
0.09337734431028366
0.12912316620349884
0.12106452882289886
0.12686917185783386
0.12637315690517426
0.13436900079250336
0.1262734830379486
0.13346153497695923
0.12718011438846588
0.13251538574695587
0.12821826338768005
0.1318163424730301
0.12759177386760712
0.1300027221441269
0.12587876617908478
0.1274745613336563
0.12416905909776688
0.12599579989910126
0.12292951345443726
0.12445178627967834
0.12181406468153
0.12427282333374023
0.12273763120174408
0.12393984198570251
0.12155180424451828
0.12394123524427414
0.1217619851231575
0.12280884385108948
0.12135909497737885
0.12142487615346909
0.11942589282989502
0.12049295008182526
0.12093387544155121
0.12300477921962738
0.12141434103250504
0.12343411147594452
0.12430974841117859
0.1225704774260521
0.12187745422124863
0.12279953807592392
0.12340965867042542
0.12334509193897247
0.12492456287145615
0.12289644777774811
0.12259235978126526
0.12471223622560501
0.12432999908924103
0.12484334409236908
0.12670394778251648
0.12488818913698196
0.12537001073360443
0.12555000185966492
0.12506769597530365
0.12437348067760468
0.12456610053777695
0.12414547055959702
0.12663449347019196
0.12472085654735565
0.1241898462176323
0.12518025934696198
0.12490870803594589
0.12387245148420334
0.1263578087091446
0.12619125843048096
0.12625275552272797
0.12493032962083817
0.12468820810317993
0.12563003599643707
0.12390465289354324
0.12572471797466278
0.1264573633670807
0.12453637272119522
0.12615402042865753
0.12438255548477173
0.1259557455778122
0.12325344234704971
0.1263943612575531
0.12490828335285187
0.12719568610191345
0.1250453144311905
0.1269908845424652
0.1270878165960312
0.1250869184732437
0.12748435139656067
0.12525442242622375
0.12430042773485184
0.12535609304904938
0.12473559379577637
0.1268315315246582
0.1268824189901352
0.12692339718341827
0.12650500237941742
0.12625709176063538
0.1268063485622406
0.12671270966529846
0.12730006873607635
0.12700174748897552
0.12468893826007843
0.12558513879776
0.1258656084537506
0.1273137480020523
0.12684598565101624
0.12609724700450897
0.12653584778308868
0.126480370759964
0.12595999240875244
0.1259317398071289
0.12679487466812134
0.12668097019195557
0.12475479394197464
0.12567250430583954
0.12710028886795044
0.12636564671993256
0.12783604860305786
0.1259801685810089
0.1270485520362854
0.12667103111743927
0.12676751613616943
0.126009002327919
0.12392488867044449
0.12657909095287323
0.1255374699831009
0.12689605355262756
0.12517184019088745
0.1263371706008911
0.12642507255077362
0.12515060603618622
0.12690789997577667
0.12710636854171753
0.1260928213596344
0.1247146874666214
0.12433993071317673
0.12631097435951233
0.12705174088478088
0.12476707994937897
0.1256086379289627
0.1256863921880722
0.12574848532676697
0.1263171285390854
0.12542396783828735
0.1257295459508896
0.12580420076847076
0.12676504254341125
0.1264766901731491
0.12661734223365784
0.12554392218589783
0.1262543648481369
0.12626974284648895
0.1251913160085678
0.12552738189697266
0.12634389102458954
0.12571530044078827
0.1262160688638687
0.12597836554050446
0.12581881880760193
0.12679187953472137
0.12675009667873383
0.12560580670833588
0.12529896199703217
0.12452918291091919
0.12541726231575012
0.12496134638786316
0.12519915401935577
0.12649470567703247
0.1255379021167755
0.12601932883262634
0.12675967812538147
0.12645480036735535
0.12583321332931519
0.1263107806444168
0.1265331208705902
0.1258077770471573
0.12612825632095337
0.12679435312747955
0.12544205784797668
0.12440946698188782
0.1272391974925995
0.1260453313589096
0.12757045030593872
0.12493281066417694
0.12515614926815033
0.1254807412624359
0.1269768923521042
0.12448760867118835
0.12440695613622665
0.12612105906009674
0.12434612214565277
0.12487860769033432
0.12586314976215363
0.12666410207748413
0.12647071480751038
0.12533749639987946
0.12696734070777893
0.12519899010658264
0.12463761866092682
0.12436839193105698
0.12618473172187805
0.12789909541606903
0.12523189187049866
0.12552772462368011
0.12470803409814835
0.1271456629037857
0.1266491860151291
0.12499088048934937
0.12587417662143707
0.12507852911949158
0.1260472685098648
0.12772555649280548
0.12540270388126373
0.12514424324035645
0.12783068418502808
0.12583492696285248
0.1253153532743454
0.12481307983398438
0.124185711145401
0.12600077688694
0.12580768764019012
0.12561073899269104
0.12531815469264984
0.12681332230567932
0.12721166014671326
0.12459949404001236
0.12738677859306335
0.12678766250610352
0.12534888088703156
0.12581883370876312
0.12612201273441315
0.12607835233211517
0.12447692453861237
0.12605485320091248
0.12640896439552307
0.12681302428245544
0.1263970136642456
0.12481320649385452
0.12664011120796204
0.12405504286289215
0.1256781667470932
0.1261175572872162
0.12507183849811554
0.12617115676403046
0.1273675262928009
0.12469428032636642
0.12498415261507034
0.1259191930294037
0.12584824860095978
0.1257677674293518
0.12419643998146057
0.12525486946105957
0.12585586309432983
0.12559641897678375
0.12560594081878662
0.1255374252796173
0.12556058168411255
0.1257484406232834
0.12565793097019196
0.12560884654521942
0.12543538212776184
0.12551887333393097
0.12564828991889954
0.12559983134269714
0.12570729851722717
0.125702366232872
0.12566204369068146
