0.3678329586982727
0.7285841107368469
0.8124066591262817
0.8616527318954468
0.8616527318954468
0.8616527318954468
0.8616527318954468
0.8616527318954468
0.8616527318954468
0.8616527318954468
0.8616527318954468
0.8616527318954468
0.8616527318954468
0.8364282846450806
0.8364282846450806
0.8364282846450806
0.8364282846450806
0.8364282846450806
0.8364282846450806
0.8364282846450806
0.8364282846450806
0.8364282846450806
0.8364282846450806
0.8124066591262817
0.8124066591262817
0.8124066591262817
0.8124066591262817
0.7759219408035278
0.7759219408035278
0.7759219408035278
0.7759219408035278
0.7416163086891174
0.7759219408035278
0.7416163086891174
0.7759219408035278
0.7416163086891174
0.7416163086891174
0.7416163086891174
0.7416163086891174
0.7416163086891174
0.7416163086891174
0.7133646607398987
0.7133646607398987
0.7133646607398987
0.6925417184829712
0.6672981977462769
0.6672981977462769
0.21660961210727692
0.61183762550354
0.22768694162368774
0.5586302280426025
0.19083574414253235
0.1612550914287567
0.13531121611595154
0.11721515655517578
0.10743606090545654
0.09762385487556458
0.09383419156074524
0.08692777156829834
0.08486956357955933
0.07810872793197632
0.08034905791282654
0.07548332214355469
0.07121109962463379
0.06454154849052429
0.06655871868133545
0.056528240442276
0.0604422390460968
0.05692437291145325
0.05185166001319885
0.055349498987197876
0.05133241415023804
0.04658713936805725
0.04725190997123718
0.044692426919937134
0.04485282301902771
0.04143473505973816
0.042962342500686646
0.03760072588920593
0.03652969002723694
0.038617491722106934
0.0385344922542572
0.034195154905319214
0.03504055738449097
0.0350264310836792
0.031824201345443726
0.03445640206336975
0.03134971857070923
0.03531983494758606
0.029171854257583618
0.027948468923568726
0.028100013732910156
0.025079160928726196
0.027296781539916992
0.02758219838142395
0.024351567029953003
0.02416345477104187
0.024821937084197998
0.021246016025543213
0.027965933084487915
0.024472475051879883
0.022136002779006958
0.025305837392807007
0.024357199668884277
0.024485141038894653
0.02164897322654724
0.021371513605117798
0.021386533975601196
0.022408634424209595
0.019004136323928833
0.017908722162246704
0.021472573280334473
0.025779247283935547
0.022173136472702026
0.022900640964508057
0.01801973581314087
0.02225157618522644
0.015918076038360596
0.020490676164627075
0.018580585718154907
0.02039867639541626
0.019216567277908325
0.02189427614212036
0.016477137804031372
0.020085394382476807
0.019258052110671997
0.016828328371047974
0.024827569723129272
0.023491084575653076
0.01934102177619934
0.014992237091064453
0.017578989267349243
0.017011582851409912
0.018997490406036377
0.014974236488342285
0.012540817260742188
0.021753042936325073
0.017020761966705322
0.020424365997314453
0.016078978776931763
0.01722663640975952
0.015700429677963257
0.017079710960388184
0.015314161777496338
0.01730671525001526
0.01578587293624878
0.014567464590072632
0.016354650259017944
0.010232299566268921
0.01602444052696228
0.016661077737808228
0.018587231636047363
0.017964214086532593
0.012753546237945557
0.017681747674942017
0.01846367120742798
0.018994808197021484
0.014967799186706543
0.012483000755310059
0.014668703079223633
0.015858441591262817
0.01725420355796814
0.01666891574859619
0.013447374105453491
0.014174968004226685
0.014037221670150757
0.0194682776927948
0.014452248811721802
0.011932611465454102
0.017398715019226074
0.015151798725128174
0.014491915702819824
0.013435959815979004
0.01357296109199524
0.016067296266555786
0.010095655918121338
0.01651623845100403
0.01523551344871521
0.01044929027557373
0.012211859226226807
0.011700242757797241
0.017133474349975586
0.01639503240585327
0.012186795473098755
0.010791659355163574
0.013252317905426025
0.017022043466567993
0.011488288640975952
0.013772428035736084
0.013595819473266602
0.01661798357963562
0.01559951901435852
0.012046486139297485
0.012921243906021118
0.008921891450881958
0.012981802225112915
0.011296629905700684
0.01637941598892212
0.01158052682876587
0.012722045183181763
0.010791659355163574
0.016136139631271362
0.01244404911994934
0.0166454017162323
0.015173673629760742
0.01679825782775879
0.012295901775360107
0.010354310274124146
0.01690158247947693
0.01527935266494751
0.013261169195175171
0.012041479349136353
0.014333337545394897
0.013299137353897095
0.015127331018447876
0.013889461755752563
0.01448678970336914
0.016691118478775024
0.014263063669204712
0.012146681547164917
0.015017956495285034
0.012975513935089111
0.012119114398956299
0.015546530485153198
0.008525639772415161
0.009353727102279663
0.016367673873901367
0.013186514377593994
0.016147851943969727
0.01106184720993042
0.014575153589248657
0.0157625675201416
0.010469049215316772
0.010051369667053223
0.00935131311416626
0.013076543807983398
0.009912550449371338
0.012329787015914917
0.011142551898956299
0.01559823751449585
0.009890377521514893
0.012537062168121338
0.009684234857559204
0.018982797861099243
0.008233219385147095
0.012964129447937012
0.01122826337814331
0.011296629905700684
0.016458868980407715
0.01252824068069458
0.011735200881958008
0.011792659759521484
0.012045234441757202
0.011709004640579224
0.01199766993522644
0.011102825403213501
0.011908859014511108
0.011348873376846313
0.012218117713928223
0.01140362024307251
0.011176079511642456
0.01210033893585205
0.011525660753250122
0.011682778596878052
0.011217087507247925
