0.08070050179958344
0.027055079117417336
0.025280533358454704
0.02402019500732422
0.03229669854044914
0.02650587633252144
0.036739982664585114
0.03630518168210983
0.04077452793717384
0.040309321135282516
0.04396415874361992
0.040247272700071335
0.047572117298841476
0.041517481207847595
0.0435883067548275
0.045605503022670746
0.04573730751872063
0.04549427703022957
0.045620549470186234
0.04531589895486832
0.04548192024230957
0.04523172602057457
0.045210886746644974
0.03949367627501488
0.03946073353290558
0.039212364703416824
0.039077822118997574
0.03361499682068825
0.03336510434746742
0.033035844564437866
0.0327470563352108
0.02789824642241001
0.03232119604945183
0.027592990547418594
0.03221292793750763
0.02750615030527115
0.027510670945048332
0.02747262641787529
0.02745007909834385
0.027439706027507782
0.02742736227810383
0.023183459416031837
0.023167192935943604
0.023142792284488678
0.019220588728785515
0.01559309009462595
0.015543747693300247
0.001922688214108348
0.009039731696248055
0.0015436718240380287
0.003401203313842416
0.0011028577573597431
0.0007536228513345122
0.0004999776720069349
0.0003518054145388305
0.00028947475948370993
0.00023397424956783652
0.00021501141600310802
0.00018667145923245698
0.0001720437576295808
0.00014593593368772417
0.00015273944882210344
0.00013714192027691752
0.00012051307567162439
0.00010234005458187312
0.00010355521953897551
8.525667362846434e-05
9.051022061612457e-05
7.802274194546044e-05
6.955973367439583e-05
7.416597509291023e-05
6.87002029735595e-05
5.396452979766764e-05
5.357477130019106e-05
5.10936624777969e-05
4.634586366591975e-05
4.601484033628367e-05
5.0652161007747054e-05
4.049368726555258e-05
3.716858191182837e-05
3.930126331397332e-05
3.8624897570116445e-05
3.102587288594805e-05
3.0227460229070857e-05
2.980469071189873e-05
2.643821426318027e-05
2.707369640120305e-05
2.768387639662251e-05
3.0317207347252406e-05
2.3126987798605114e-05
2.1118799850228243e-05
2.1106505300849676e-05
1.8802445993060246e-05
1.7860867956187576e-05
1.910904757096432e-05
1.5899791833362542e-05
1.640654227230698e-05
1.7326095985481516e-05
1.5988893210305832e-05
1.8778657249640673e-05
1.4616251974075567e-05
1.3821005268255249e-05
1.5455991160706617e-05
1.4193617971614003e-05
1.3577751815319061e-05
1.2835464076488279e-05
1.1964310942857992e-05
1.0624834430927876e-05
1.2488078937167302e-05
1.1577695659070741e-05
1.1577783880056813e-05
1.1987151083303615e-05
1.5113709196157288e-05
1.0864850082725752e-05
1.2847354810219258e-05
1.2288997822906822e-05
1.1213632205908652e-05
1.022947981255129e-05
9.066562597581651e-06
9.414996384293772e-06
9.29991620068904e-06
1.1271787116129417e-05
9.807696187635884e-06
8.692473784321919e-06
8.498525858158246e-06
8.489020729030017e-06
8.129331945383456e-06
1.3919134289608337e-05
1.2811639862775337e-05
7.924054443719797e-06
7.4220952228643e-06
6.984578249102924e-06
7.852028829802293e-06
1.0906726856774185e-05
7.297218417079421e-06
8.6220306911855e-06
1.3386906175583135e-05
6.933192707947455e-06
8.445224011666141e-06
8.208463441405911e-06
6.265103365876712e-06
6.573259270226117e-06
6.518507689179387e-06
6.5234880821662955e-06
6.562791440956062e-06
6.5936574173974805e-06
6.5462381826364435e-06
6.1992777773411945e-06
8.82181939232396e-06
5.7402321544941515e-06
6.71559473630623e-06
7.896675015217625e-06
7.213846402009949e-06
5.719016826333245e-06
6.183954155858373e-06
7.565769465145422e-06
8.57264967635274e-06
5.6002822930167895e-06
6.083392236178042e-06
5.169453743292252e-06
5.677514764101943e-06
7.582473699585535e-06
6.179469437483931e-06
5.347169462766033e-06
4.866017661697697e-06
5.2054219850106165e-06
8.9646564447321e-06
4.958561021339847e-06
5.636602963932091e-06
6.114934421930229e-06
4.878003892372362e-06
4.747549610328861e-06
4.745633304992225e-06
4.274917500879383e-06
5.665587650582893e-06
6.505430519609945e-06
6.057382961444091e-06
6.245443273655837e-06
6.698998276988277e-06
4.534131221589632e-06
6.9049829107825644e-06
6.617334747716086e-06
6.363276497722836e-06
4.676129719882738e-06
5.573454018303892e-06
6.039841537130997e-06
7.931429536256474e-06
4.656006694858661e-06
5.396428150561405e-06
4.6873497012711596e-06
5.940933988313191e-06
4.966027518094052e-06
4.5500114538299385e-06
4.883295787294628e-06
6.371785730152624e-06
4.262238689989317e-06
4.411572717799572e-06
7.293956514331512e-06
4.160960997978691e-06
5.839536697749281e-06
4.543561772152316e-06
5.2954687816964e-06
4.920793344354024e-06
5.494172000908293e-06
4.6862123781465925e-06
5.901310942135751e-06
4.150442237005336e-06
4.051092673762469e-06
5.908237653784454e-06
5.422058620752068e-06
4.238449491822394e-06
3.7778193018311867e-06
5.205557499721181e-06
3.7355086988100084e-06
4.67108793600346e-06
4.651764811569592e-06
5.2481223065115046e-06
5.974197392788483e-06
3.802078254011576e-06
3.5427553939371137e-06
4.338501639722381e-06
4.068792350153672e-06
3.679327392092091e-06
7.947246558615007e-06
6.311105607892387e-06
6.98614576322143e-06
5.426342340797419e-06
3.5733623917622026e-06
5.242577572062146e-06
3.15899592351343e-06
6.629721610806882e-06
4.971535872755339e-06
3.6309340885054553e-06
5.131162652105559e-06
3.7935130876576295e-06
4.469256964512169e-06
8.40838038129732e-06
5.3519001994573046e-06
3.1046349704411114e-06
5.19210152560845e-06
3.681984253489645e-06
3.3394521778973285e-06
4.612554221239407e-06
1.1032320799131412e-05
4.8426604735141154e-06
3.3487142445665086e-06
3.2827135783009e-06
3.3776725558709586e-06
6.233772637642687e-06
3.3535939110151958e-06
3.2677367016731296e-06
3.461484084255062e-06
3.901004674844444e-06
3.349519374751253e-06
3.6503158753475873e-06
3.4789941310009453e-06
3.641462626546854e-06
3.2814200494613033e-06
3.5371128888073144e-06
3.3468361380073475e-06
3.2406724130851217e-06
3.38948484568391e-06
3.3628259643592173e-06
3.535922587616369e-06
3.4462618714314885e-06
