0.29893234372138977
0.1693318486213684
0.02961045503616333
0.019711408764123917
0.016030464321374893
0.014067650772631168
0.013144553638994694
0.013418170623481274
0.01283202599734068
0.012974383309483528
0.012322129681706429
0.012386390939354897
0.011784391477704048
0.01179213635623455
0.011226259171962738
0.011062712408602238
0.01061155367642641
0.01061514113098383
0.010083571076393127
0.010126772336661816
0.009669305756688118
0.009803935885429382
0.009398982860147953
0.009417857974767685
0.00902443379163742
0.00891302339732647
0.008579268120229244
0.008378802798688412
0.007900089956820011
0.007491306401789188
0.0069227274507284164
0.006309289950877428
0.005588662810623646
0.005048495717346668
0.0046726916916668415
0.004588532727211714
0.004130964167416096
0.003982079681009054
0.0035780209582298994
0.0034709663596004248
0.003406211268156767
0.003418039297685027
0.003204095410183072
0.002978529315441847
0.002823831979185343
0.002611377276480198
0.0027892952784895897
0.0026544411666691303
0.0023286319337785244
0.0022577904164791107
0.002170581603422761
0.0022362032905220985
0.0019691360648721457
0.002015870064496994
0.001955679152160883
0.0019224790157750249
0.0016235290095210075
0.0015685493126511574
0.0014354903250932693
0.0014316431479528546
0.0012438351986929774
0.0013553380267694592
0.0011135119711980224
0.001132266130298376
0.0013056956231594086
0.0011779337655752897
0.0010209442116320133
0.0012157822493463755
0.0010285313474014401
0.0010840725153684616
0.0010150321759283543
0.0010092450538650155
0.0009257483761757612
0.0009033289388753474
0.0010099175851792097
0.0008110361522994936
0.0009005644242279232
0.0007533681346103549
0.0013395739952102304
0.0007733242237009108
0.0008204578189179301
0.0009089774684980512
0.0007603576523251832
0.0007607642328366637
0.0007283025188371539
0.0006761777913197875
0.0008032427867874503
0.00064661173382774
0.0009552041301503778
0.0006320350803434849
0.0007520802319049835
0.0007216850644908845
0.000607893627602607
0.0007040791097097099
0.0005072802305221558
0.0004921896615996957
0.0005741093191318214
0.0005723448703065515
0.0005933961947448552
0.0007532640593126416
0.0007793590775690973
0.00047724274918437004
0.0004744113248307258
0.0006175626185722649
0.0005729292752221227
0.0004356236313469708
0.0005155439721420407
0.0004836070293094963
0.00045210745884105563
0.00041812905692495406
0.0005096011445857584
0.0006885151378810406
0.0006735498318448663
0.0005062536802142859
0.0005054980283603072
0.000550892495084554
0.0008496547234244645
0.0004643136344384402
0.0006586186354979873
0.0004001020861323923
0.00047547888243570924
0.0003714517515618354
0.000887552450876683
0.00040859912405721843
0.0004303378227632493
0.0004601989930961281
0.0004292805679142475
0.00048500741831958294
0.0005065122968517244
0.0006099942256696522
0.0004877616302110255
0.0005603522295132279
0.00034731323830783367
0.0005829495494253933
0.0008563559385947883
0.0004645738226827234
0.0006222074152901769
0.0008444043924100697
0.00034824147587642074
0.00035616723471321166
0.0006190025014802814
0.00038954391493462026
0.00039209274109452963
0.0003178150800522417
0.0003376246022526175
0.0003984071081504226
0.00039538208511658013
0.00047614629147574306
0.0004422816855367273
0.0005538144614547491
0.0003123701608274132
0.0004681530990637839
0.00046188433771021664
0.0004320050647947937
0.0003663134411908686
0.00032697711139917374
0.00041541189420968294
0.0005024458514526486
0.00044278643326833844
0.0005275161238387227
0.0003340692783240229
0.00037199820508249104
0.0006439354037865996
0.00039696364547125995
0.0004203922871965915
0.00042526470497250557
0.00042199695599265397
0.00046164021478034556
0.0003066670324187726
0.0005252457340247929
0.0003603368531912565
0.0002934224030468613
0.00034074802533723414
0.00040527977398596704
0.00028391857631504536
0.00033379215165041387
0.0006294391350820661
0.00040130410343408585
0.0006212674779817462
0.0006471034721471369
0.00030483637237921357
0.0007907488034106791
0.0005163889727555215
0.0004786048666574061
0.0003687269927468151
0.0005817503551952541
0.0006667321431450546
0.0007072810549288988
0.000332922296365723
0.0006198275950737298
0.0004565141862258315
0.0003372904611751437
0.0003799025435000658
0.00039735951577313244
0.0004360716266091913
0.0006022002198733389
0.00038242473965510726
0.00047782782348804176
0.0007329044747166336
0.0003080837777815759
0.0008524216245859861
0.0004203904536552727
0.00032662355806678534
0.0005442398251034319
0.0004761153250001371
0.0003941026807297021
0.0004571927711367607
0.00030135392444208264
0.00034186721313744783
0.0003433210658840835
0.0007120308582670987
0.00030930485809221864
0.00039202289190143347
0.0007701076683588326
0.0002770261780824512
0.00035140622640028596
0.00045327728730626404
0.0006189250270836055
0.0003476628626231104
0.00026759004686027765
0.00029523426201194525
0.00031412055250257254
0.0005701212794519961
0.0005147469928488135
0.0007952274172566831
0.0007755688275210559
0.0006561496411450207
0.00035662666778080165
0.0002694289432838559
0.0005081967101432383
0.00027178696473129094
0.0007351189269684255
0.00030640821205452085
0.0003720363019965589
0.0007013536524027586
0.00034173682797700167
0.0005330564454197884
0.0007382534095086157
0.0007840707548893988
0.00026587152387946844
0.0003414152597542852
0.00039032293716445565
0.00028314697556197643
0.0007261829450726509
0.0006980705074965954
0.00041593058267608285
0.00025042128982022405
0.0003418806882109493
0.00038761331234127283
0.0005950004560872912
0.0003218565252609551
0.00025630861637182534
0.0003002163430210203
0.00028174955514259636
0.00028220759122632444
0.0002753874287009239
0.00026758862077258527
0.00027976426645182073
0.0002778978378046304
0.00032176979584619403
0.0002864693815354258
0.00026270514354109764
0.0002777086338028312
0.00027288502315059304
0.00026202347362414
0.000275845464784652
