0.31475701928138733
0.13973690569400787
0.011162534356117249
0.005911310203373432
0.005610084626823664
0.005201193504035473
0.00507481349632144
0.005070076324045658
0.004993580747395754
0.004984276369214058
0.004891119431704283
0.004868037533015013
0.00476835435256362
0.004739198833703995
0.00464225746691227
0.0046003456227481365
0.004525010008364916
0.004502495750784874
0.004434540867805481
0.004418964497745037
0.004368034657090902
0.004356566816568375
0.004306533373892307
0.004285928327590227
0.004230459686368704
0.0041909534484148026
0.004118787124752998
0.004052972886711359
0.003935177344828844
0.0038088259752839804
0.003621347015723586
0.003407712560147047
0.003132391953840852
0.0028884620405733585
0.002703505801036954
0.002650956390425563
0.0025782017037272453
0.002541385591030121
0.002507188357412815
0.0024864955339580774
0.002459171460941434
0.0024374257773160934
0.0024073913227766752
0.002377195516601205
0.0023488926235586405
0.002324818866327405
0.002312908647581935
0.0022894875146448612
0.0022447749506682158
0.0022129779681563377
0.002160848816856742
0.0021179290488362312
0.0020468311849981546
0.0019339562859386206
0.0017763813957571983
0.0016398767475038767
0.0015146859223023057
0.0014375830069184303
0.001394373131915927
0.0013642875710502267
0.0012890399666503072
0.0012465728214010596
0.0012255440233275294
0.0012266881531104445
0.0011607863707467914
0.001137084444053471
0.0010900262277573347
0.0011136297835037112
0.0010893342550843954
0.001000220188871026
0.0009915489936247468
0.0009723427356220782
0.0009962053736671805
0.0008708409732207656
0.00084786704974249
0.0008570909267291427
0.0007793527911417186
0.0008358805207535625
0.0008597615524195135
0.0008020029054023325
0.0007605276769027114
0.0007578772492706776
0.0007583473343402147
0.0006783736171200871
0.0006558691384270787
0.0006493433029390872
0.0006208873237483203
0.0006059553124941885
0.0006437503616325557
0.0006462205783464015
0.0005866033025085926
0.000558611995074898
0.0005620356532745063
0.0005337007460184395
0.0005048557068221271
0.0005275054136291146
0.00048585011973045766
0.0005001396057195961
0.0005147101473994553
0.0005030173342674971
0.0005057587986811996
0.0004595780046656728
0.0004561702080536634
0.00047150018508546054
0.0004508901620283723
0.0004366438661236316
0.0004361055325716734
0.00041936314664781094
0.0003889396321028471
0.00042570760706439614
0.0004217487294226885
0.0004214782966300845
0.0004139479133300483
0.00045200809836387634
0.00039013693458400667
0.0004219964612275362
0.00043701031245291233
0.00039344473043456674
0.0003969052922911942
0.0003566218656487763
0.00037372350925579667
0.0003621250216383487
0.0004032077849842608
0.000367013446521014
0.0003609586856327951
0.0003443240711931139
0.0003450200892984867
0.00034688235609792173
0.00043241988169029355
0.00041787419468164444
0.00033316289773210883
0.00033258082112297416
0.0003148260584566742
0.0003355772641953081
0.0003936095745302737
0.00032959948293864727
0.0003658523492049426
0.00043318798998370767
0.0003150432894472033
0.0003402582951821387
0.0003486591449473053
0.0002964406448882073
0.0003091342805419117
0.00030334803159348667
0.0003081328177358955
0.00030388214509002864
0.00030941504519432783
0.0003109636891167611
0.0002956827520392835
0.0003723257395904511
0.0002849071170203388
0.0003073727712035179
0.000330871669575572
0.0003158633771818131
0.00029097963124513626
0.00029234556131996214
0.00032373578869737685
0.0003455947444308549
0.00028416162240318954
0.00030228839023038745
0.0002708742977119982
0.000282726512523368
0.0003268188738729805
0.00029386786627583206
0.000278954190434888
0.00026392945437692106
0.0002745091915130615
0.0003514878044370562
0.0002659816527739167
0.0002903163549490273
0.0002908809401560575
0.00026143688592128456
0.0002595442929305136
0.00026206806069239974
0.0002463949203956872
0.0002807933487929404
0.00031617190688848495
0.000290671392576769
0.00029830861603841186
0.0003205833490937948
0.0002566724724601954
0.00032455340260639787
0.00030312364106066525
0.0002972284855786711
0.000260909233475104
0.000290054886136204
0.0002964949526358396
0.00033497659023851156
0.00026204073219560087
0.00027815462090075016
0.0002586726623121649
0.0002870190073736012
0.00026207961491309106
0.0002581934677436948
0.00026410320424474776
0.0003135472652502358
0.0002465269644744694
0.00025370580260641873
0.00032131539774127305
0.00024595382274128497
0.0002957429096568376
0.0002592945529613644
0.000271248776698485
0.00026693151448853314
0.00027616723673418164
0.0002553283120505512
0.0002861429238691926
0.0002444658020976931
0.00024389922327827662
0.0002861657994799316
0.0002785323595162481
0.0002449656603857875
0.00023229926591739058
0.0002752113505266607
0.00022883429483044893
0.00025507810642011464
0.00025619464577175677
0.000273057579761371
0.00028781927539967
0.0002296662423759699
0.00022449190146289766
0.0002457337104715407
0.00024276910698972642
0.00023138387768995017
0.0003372154023963958
0.0003135013685096055
0.0003313769702799618
0.0002737358445301652
0.00022397101565729827
0.00027195576694794
0.0002125973260262981
0.0003077300207223743
0.00026214387617073953
0.00023100654652807862
0.00027920521097257733
0.00023719917226117104
0.0002527954347897321
0.0003649973659776151
0.0002787084667943418
0.0002103937731590122
0.00026897116913460195
0.00023167273320723325
0.00021667502005584538
0.0002648557419888675
0.0003941838222090155
0.0002723166544456035
0.0002161876327591017
0.00021840869158040732
0.00022182203247211874
0.00029568158788606524
0.00021753096370957792
0.0002153476671082899
0.00022156420163810253
0.00023611134383827448
0.00021833405480720103
0.0002278309257235378
0.00022294020163826644
0.0002272167766932398
0.0002161398733733222
0.0002230288228020072
0.00021820614347234368
0.00021525146439671516
0.0002192094543715939
0.00021828716853633523
0.00022443424677476287
0.0002217949804617092
