245.93275451660156
106.97801208496094
5.745029926300049
0.36990126967430115
0.7187460064888
0.5524044036865234
0.6572659015655518
0.492392897605896
0.6634595990180969
0.48721399903297424
0.6677469611167908
0.48553192615509033
0.6159612536430359
0.47067221999168396
0.5728867650032043
0.4837300479412079
0.5536476373672485
0.43510130047798157
0.5327664017677307
0.440693736076355
0.545758068561554
0.4252271354198456
0.5064887404441833
0.4442746043205261
0.5178990364074707
0.46228426694869995
0.4858495593070984
0.44594135880470276
0.4819376468658447
0.4519822895526886
0.45281538367271423
0.4378199577331543
0.4079034924507141
0.3593372106552124
0.349352091550827
0.3075791597366333
0.3424777388572693
0.28677549958229065
0.3134233355522156
0.3140285611152649
0.28095942735671997
0.24142137169837952
0.279116153717041
0.24065366387367249
0.21423275768756866
0.26850318908691406
0.26138874888420105
0.22897149622440338
0.2688272297382355
0.23586048185825348
0.2637592554092407
0.2788728177547455
0.20634916424751282
0.2625347971916199
0.2837144732475281
0.35848045349121094
0.3418101668357849
0.4256191551685333
0.4432126581668854
0.4818430542945862
0.418626070022583
0.4617036283016205
0.38707324862480164
0.4988365173339844
0.4474566876888275
0.5217621922492981
0.4242125451564789
0.5710968971252441
0.5307642221450806
0.4413852393627167
0.49032068252563477
0.43000414967536926
0.5254762768745422
0.4212140440940857
0.3896825611591339
0.4395025670528412
0.3321952223777771
0.46269068121910095
0.4354408085346222
0.4614059627056122
0.4270322620868683
0.39352506399154663
0.414075642824173
0.3495374917984009
0.3133452534675598
0.3146171271800995
0.29954588413238525
0.2639906704425812
0.3342871367931366
0.29858312010765076
0.3035743832588196
0.27430516481399536
0.29439932107925415
0.2642534673213959
0.24163106083869934
0.26842495799064636
0.2440454661846161
0.27708831429481506
0.28826668858528137
0.2845432460308075
0.18895000219345093
0.23370900750160217
0.24673548340797424
0.2329992949962616
0.21877022087574005
0.20137451589107513
0.2245318591594696
0.20852768421173096
0.17402026057243347
0.2202676236629486
0.2347676306962967
0.2114138901233673
0.18878421187400818
0.1554267406463623
0.17074072360992432
0.16152718663215637
0.2300255000591278
0.15767522156238556
0.1869911551475525
0.15461698174476624
0.1993200182914734
0.16607318818569183
0.17132940888404846
0.1439923495054245
0.18760858476161957
0.1444026082754135
0.1440141499042511
0.1706029325723648
0.11472289264202118
0.1184418797492981
0.13312049210071564
0.13409554958343506
0.13875672221183777
0.14739835262298584
0.133531391620636
0.1521238535642624
0.17379797995090485
0.13622547686100006
0.1469058394432068
0.1269019991159439
0.1451558768749237
0.11884258687496185
0.14917026460170746
0.13863208889961243
0.14863096177577972
0.13020862638950348
0.14719492197036743
0.1462237685918808
0.11360926181077957
0.1631707102060318
0.1232418417930603
0.12476126849651337
0.11385329067707062
0.10635805875062943
0.1322033554315567
0.1047796756029129
0.10591457039117813
0.11439124494791031
0.13046196103096008
0.11927434056997299
0.11666162312030792
0.11225419491529465
0.10786763578653336
0.10952842980623245
0.12277333438396454
0.09954462945461273
0.12065492570400238
0.10159524530172348
0.11516667902469635
0.1183677688241005
0.09643693268299103
0.10659873485565186
0.11338493227958679
0.10793155431747437
0.10098383575677872
0.10719996690750122
0.12364514917135239
0.09819666296243668
0.1053716391324997
0.12605240941047668
0.11268781870603561
0.11803796887397766
0.08448485285043716
0.08650605380535126
0.10755620896816254
0.11845286190509796
0.1210217997431755
0.0907309427857399
0.12236059457063675
0.10578390955924988
0.10219109058380127
0.09713395684957504
0.08626173436641693
0.11540380120277405
0.11367639154195786
0.12753495573997498
0.10354633629322052
0.10452423989772797
0.08477162569761276
0.1100902110338211
0.09813195466995239
0.10551244020462036
0.08081147074699402
0.10968086123466492
0.07390310615301132
0.07780516147613525
0.07762116938829422
0.11520134657621384
0.1079707145690918
0.09264571219682693
0.0774909108877182
0.10606452822685242
0.08265648037195206
0.07743478566408157
0.07843589782714844
0.07807064801454544
0.08607513457536697
0.08599821478128433
0.07681677490472794
0.06871450692415237
0.0749308317899704
0.07832294702529907
0.06047951057553291
0.06594739109277725
0.08493171632289886
0.0829756110906601
0.09756389260292053
0.06565028429031372
0.078223317861557
0.06870490312576294
0.07284814119338989
0.07826315611600876
0.07486891746520996
0.09198039025068283
0.09179874509572983
0.09571478515863419
0.08076826483011246
0.10583844035863876
0.07259706407785416
0.07466836273670197
0.07841074466705322
0.0931205004453659
0.07708452641963959
0.08106406033039093
0.06661190092563629
0.10722723603248596
0.0718059167265892
0.0715639516711235
0.0766715481877327
0.06151397526264191
0.07132027298212051
0.07964559644460678
0.08435405790805817
0.10813359171152115
0.08073773235082626
0.0934414193034172
0.09786797314882278
0.09510967880487442
0.08318846672773361
0.07404590398073196
0.07999753952026367
0.08260627090930939
0.08100339770317078
0.08331242948770523
0.09484141319990158
0.0908493772149086
