1.265875220298767
0.8040241003036499
0.3181655704975128
0.1712495982646942
0.23642097413539886
0.22070017457008362
0.22930476069450378
0.22781585156917572
0.24155794084072113
0.22556324303150177
0.23695361614227295
0.22438783943653107
0.23208731412887573
0.2230691909790039
0.2276153564453125
0.21877218782901764
0.22098907828330994
0.21242967247962952
0.21399347484111786
0.20774823427200317
0.2101029008626938
0.20436416566371918
0.20692060887813568
0.20225845277309418
0.20608775317668915
0.20234769582748413
0.2047334462404251
0.19990400969982147
0.20425185561180115
0.1992661952972412
0.20073463022708893
0.19709603488445282
0.1967988908290863
0.19257909059524536
0.19596002995967865
0.19771192967891693
0.2035100907087326
0.20125657320022583
0.2038523256778717
0.20552220940589905
0.2017122507095337
0.20016725361347198
0.201384037733078
0.20193324983119965
0.2011021077632904
0.20318937301635742
0.1996360570192337
0.19844141602516174
0.20142705738544464
0.20006896555423737
0.20081542432308197
0.2031976878643036
0.20015153288841248
0.2007848471403122
0.2006186544895172
0.19952352344989777
0.19825924932956696
0.1982971578836441
0.19778066873550415
0.20109647512435913
0.19767694175243378
0.19671037793159485
0.1981782615184784
0.19791308045387268
0.1956063061952591
0.19992654025554657
0.19890543818473816
0.1991996318101883
0.19687587022781372
0.1959879845380783
0.1972924768924713
0.19434954226016998
0.1972847878932953
0.198430597782135
0.19552791118621826
0.19756171107292175
0.19473136961460114
0.1974329948425293
0.19292564690113068
0.19809451699256897
0.19534650444984436
0.19920118153095245
0.19553059339523315
0.19859062135219574
0.19847480952739716
0.19498834013938904
0.1986381858587265
0.19553519785404205
0.19332365691661835
0.19558106362819672
0.1945515275001526
0.19779330492019653
0.19756093621253967
0.19744180142879486
0.19692859053611755
0.1966690719127655
0.19757863879203796
0.19763946533203125
0.1980920284986496
0.19772212207317352
0.19423292577266693
0.1955931931734085
0.19579032063484192
0.198570117354393
0.197574183344841
0.1965201199054718
0.19719518721103668
0.19660115242004395
0.19541259109973907
0.19585172832012177
0.19725358486175537
0.19699056446552277
0.1940557211637497
0.1958237737417221
0.19771112501621246
0.19688871502876282
0.19938352704048157
0.19602477550506592
0.19794300198554993
0.19735413789749146
0.19709494709968567
0.19622774422168732
0.19244197010993958
0.1970909982919693
0.1951625645160675
0.19732461869716644
0.19450899958610535
0.19659633934497833
0.19683031737804413
0.1948162466287613
0.19760827720165253
0.1977500319480896
0.19613821804523468
0.1938754767179489
0.19366803765296936
0.19623877108097076
0.19743840396404266
0.1943693608045578
0.19574537873268127
0.19546568393707275
0.19550931453704834
0.19636943936347961
0.1952810287475586
0.19539594650268555
0.196134552359581
0.19749200344085693
0.19702203571796417
0.19722884893417358
0.19557778537273407
0.19665902853012085
0.19673331081867218
0.19442544877529144
0.19538897275924683
0.19681668281555176
0.195515438914299
0.1969071924686432
0.19624091684818268
0.19627906382083893
0.19736194610595703
0.1972372978925705
0.19544881582260132
0.195103719830513
0.1940741389989853
0.19532528519630432
0.19462800025939941
0.19502747058868408
0.1969788521528244
0.1956654042005539
0.19676846265792847
0.1973821222782135
0.197157621383667
0.19579046964645386
0.1970146745443344
0.19723503291606903
0.19596697390079498
0.1961265504360199
0.19785454869270325
0.19573701918125153
0.19409920275211334
0.19810441136360168
0.19628365337848663
0.1983555555343628
0.19453540444374084
0.1949700564146042
0.1957019865512848
0.1981050819158554
0.19394707679748535
0.19402706623077393
0.19687987864017487
0.193669855594635
0.1947496235370636
0.19647234678268433
0.19761574268341064
0.19739274680614471
0.19542498886585236
0.19790618121623993
0.19510872662067413
0.1944568008184433
0.193894162774086
0.1971941590309143
0.19965530931949615
0.19525429606437683
0.19605284929275513
0.19438733160495758
0.19854332506656647
0.19746823608875275
0.19502921402454376
0.1965605616569519
0.1946571171283722
0.19666603207588196
0.19954349100589752
0.19599604606628418
0.19530509412288666
0.19979964196681976
0.1961597204208374
0.19555358588695526
0.1949148178100586
0.19376757740974426
0.1966957151889801
0.19640938937664032
0.19587251543998718
0.1955089122056961
0.1978568136692047
0.19866943359375
0.19454140961170197
0.19882848858833313
0.19797198474407196
0.19554182887077332
0.19631406664848328
0.196816086769104
0.19697774946689606
0.19436751306056976
0.19701193273067474
0.19751271605491638
0.1981130689382553
0.1973443180322647
0.19509337842464447
0.1976839303970337
0.19347327947616577
0.19639062881469727
0.19711551070213318
0.19540046155452728
0.19704505801200867
0.19936253130435944
0.1950148493051529
0.1949763149023056
0.19688528776168823
0.1967199295759201
0.19629818201065063
0.19387544691562653
0.19589856266975403
0.1963198482990265
0.19614852964878082
0.1964319348335266
0.19647721946239471
0.19647741317749023
0.19642984867095947
0.19628897309303284
0.19632501900196075
0.19617098569869995
0.19659633934497833
0.1966709941625595
0.19639335572719574
0.19662337005138397
0.19645030796527863
0.19619210064411163
