1.2658706903457642
0.8039337992668152
0.3181309998035431
0.1712435930967331
0.236413836479187
0.22070059180259705
0.22930923104286194
0.2278190553188324
0.24156083166599274
0.2255682647228241
0.23695719242095947
0.22439096868038177
0.23208686709403992
0.22306595742702484
0.22760887444019318
0.21876469254493713
0.22097936272621155
0.21241900324821472
0.21398641169071198
0.2077336311340332
0.21008986234664917
0.20434124767780304
0.2069118767976761
0.20223838090896606
0.20607246458530426
0.20234203338623047
0.20472083985805511
0.1999029815196991
0.20424515008926392
0.19925124943256378
0.20073698461055756
0.1971067488193512
0.196806862950325
0.1925828605890274
0.19596706330776215
0.19771665334701538
0.20352165400981903
0.20127061009407043
0.20386143028736115
0.2055319994688034
0.2017189860343933
0.20018962025642395
0.20140984654426575
0.20194494724273682
0.2011145055294037
0.20319882035255432
0.19964836537837982
0.19844992458820343
0.2014399617910385
0.20007416605949402
0.20083490014076233
0.2032073736190796
0.2001524567604065
0.2007972151041031
0.2006278932094574
0.19954374432563782
0.19826650619506836
0.19829705357551575
0.19779472053050995
0.2011091262102127
0.19768349826335907
0.1967233121395111
0.1981920301914215
0.19792363047599792
0.1956094652414322
0.19994446635246277
0.19890965521335602
0.1992112547159195
0.19688381254673004
0.19599884748458862
0.19730843603610992
0.1943545788526535
0.19729220867156982
0.19844365119934082
0.19553060829639435
0.19756755232810974
0.19473351538181305
0.1974465548992157
0.19292715191841125
0.19811342656612396
0.195338636636734
0.19920256733894348
0.19553521275520325
0.1986006796360016
0.19848914444446564
0.1950012594461441
0.19864767789840698
0.19553546607494354
0.19333213567733765
0.19559387862682343
0.19456428289413452
0.1978035867214203
0.1975615918636322
0.19744937121868134
0.19694294035434723
0.19666393101215363
0.19758222997188568
0.19765260815620422
0.1981026977300644
0.19772809743881226
0.19423919916152954
0.195609912276268
0.19580547511577606
0.19857662916183472
0.19757793843746185
0.1965322196483612
0.19720475375652313
0.19660931825637817
0.19543081521987915
0.19585971534252167
0.19727027416229248
0.1970026195049286
0.1940641850233078
0.19582310318946838
0.19771793484687805
0.19690734148025513
0.19939476251602173
0.19603241980075836
0.19795049726963043
0.19736161828041077
0.1970965415239334
0.19623665511608124
0.19244401156902313
0.19710364937782288
0.19517949223518372
0.19733312726020813
0.1945158988237381
0.19660396873950958
0.196852445602417
0.19482237100601196
0.19760790467262268
0.19775989651679993
0.1961481273174286
0.19387875497341156
0.1936715692281723
0.1962549090385437
0.19744837284088135
0.19438286125659943
0.19576102495193481
0.19546528160572052
0.1955152451992035
0.19637155532836914
0.19529025256633759
0.1954089254140854
0.19615137577056885
0.1975041925907135
0.19703687727451324
0.19723834097385406
0.19558562338352203
0.19667592644691467
0.19674767553806305
0.19442562758922577
0.19540224969387054
0.19682183861732483
0.19551578164100647
0.19691459834575653
0.1962479054927826
0.19628547132015228
0.19737178087234497
0.19723162055015564
0.19546516239643097
0.19511643052101135
0.19408616423606873
0.1953326314687729
0.19464144110679626
0.19503585994243622
0.1969909369945526
0.19567757844924927
0.19677376747131348
0.19739465415477753
0.19716784358024597
0.19580204784870148
0.19702985882759094
0.19724221527576447
0.19596600532531738
0.19612613320350647
0.1978657990694046
0.19574299454689026
0.19410663843154907
0.1981174647808075
0.19629545509815216
0.19836199283599854
0.1945405900478363
0.1949864625930786
0.1957060545682907
0.19810831546783447
0.1939583122730255
0.19403943419456482
0.19688569009304047
0.19368396699428558
0.19476079940795898
0.19648584723472595
0.19762806594371796
0.19741421937942505
0.1954232156276703
0.19791658222675323
0.19511929154396057
0.1944660246372223
0.19390101730823517
0.19720934331417084
0.19966143369674683
0.19526855647563934
0.19606071710586548
0.19439849257469177
0.19854368269443512
0.1974642127752304
0.19504092633724213
0.19656899571418762
0.19466671347618103
0.19666579365730286
0.19956134259700775
0.19601880013942719
0.19531023502349854
0.19981853663921356
0.19617867469787598
0.19555939733982086
0.19492647051811218
0.19376768171787262
0.19671456515789032
0.19642210006713867
0.1958896666765213
0.19553476572036743
0.197858527302742
0.19867490231990814
0.19456064701080322
0.19883793592453003
0.1979840248823166
0.1955447942018509
0.19632180035114288
0.19681581854820251
0.19698932766914368
0.1943759322166443
0.1970120370388031
0.1975276619195938
0.1981181800365448
0.19735147058963776
0.19511127471923828
0.19768965244293213
0.1934751570224762
0.1963939368724823
0.1971207708120346
0.19541244208812714
0.1970566064119339
0.1993807852268219
0.19503115117549896
0.19499163329601288
0.19689840078353882
0.19673007726669312
0.1963074654340744
0.1938772052526474
0.19591619074344635
0.1959795504808426
0.19558948278427124
0.19575156271457672
0.19574859738349915
0.19576968252658844
0.19586211442947388
0.19572405517101288
0.1957470327615738
0.19564853608608246
0.19577066600322723
0.19597122073173523
0.1957755833864212
0.19600634276866913
0.1958509087562561
0.19572362303733826
