0.6045165061950684
0.40591487288475037
0.17075644433498383
0.09352834522724152
0.12951184809207916
0.12127743661403656
0.1271618902683258
0.12663418054580688
0.13476261496543884
0.12653520703315735
0.1337285041809082
0.1274261623620987
0.1327541619539261
0.12855759263038635
0.13230280578136444
0.1281241774559021
0.1305341124534607
0.1264132261276245
0.12791302800178528
0.12487229704856873
0.1265527606010437
0.12360703945159912
0.12513291835784912
0.12289658933877945
0.1250251680612564
0.1233873963356018
0.12477604299783707
0.12219367921352386
0.12498374283313751
0.12243276834487915
0.1234789714217186
0.1221626028418541
0.1224842369556427
0.12032829970121384
0.12127575278282166
0.1216408759355545
0.12384346127510071
0.12239409238100052
0.12425057590007782
0.12523877620697021
0.1232394427061081
0.122604601085186
0.12376869469881058
0.12426535785198212
0.12422764301300049
0.1256805956363678
0.12375034391880035
0.12322645634412766
0.1254780888557434
0.12497348338365555
0.12584376335144043
0.1273701936006546
0.12548331916332245
0.12603691220283508
0.12618231773376465
0.12574653327465057
0.12510091066360474
0.1253507435321808
0.1250501126050949
0.12733615934848785
0.12532415986061096
0.12488120049238205
0.1259748935699463
0.12590795755386353
0.12461673468351364
0.12737536430358887
0.12687112390995026
0.12714456021785736
0.12574265897274017
0.12529617547988892
0.12635421752929688
0.12470963597297668
0.12645523250102997
0.12710238993167877
0.12524078786373138
0.12681229412555695
0.12494795024394989
0.12689727544784546
0.12418902665376663
0.12734198570251465
0.12578637897968292
0.12829235196113586
0.12601058185100555
0.1280244141817093
0.12795299291610718
0.12583008408546448
0.12805679440498352
0.1261526495218277
0.12487518787384033
0.12631499767303467
0.12573733925819397
0.12759558856487274
0.12752506136894226
0.1275220811367035
0.12721452116966248
0.12714245915412903
0.12758056819438934
0.12763823568820953
0.12797100841999054
0.12787683308124542
0.12554362416267395
0.12635557353496552
0.12665073573589325
0.1283160001039505
0.12782415747642517
0.12700122594833374
0.12734276056289673
0.12712806463241577
0.12644974887371063
0.12671613693237305
0.12763641774654388
0.1275711953639984
0.12554457783699036
0.12669101357460022
0.1278611123561859
0.12720732390880585
0.12900611758232117
0.12672777473926544
0.12797358632087708
0.1276257485151291
0.12752504646778107
0.1268835961818695
0.12454088777303696
0.12746882438659668
0.12633205950260162
0.12757687270641327
0.12602797150611877
0.1271197348833084
0.1271994411945343
0.12596331536769867
0.1276523321866989
0.12783019244670868
0.12676778435707092
0.12539128959178925
0.12530392408370972
0.1269279420375824
0.12770847976207733
0.12565116584300995
0.126590758562088
0.12634898722171783
0.12653419375419617
0.12688754498958588
0.1262950450181961
0.1264209896326065
0.12693411111831665
0.12750650942325592
0.12741972506046295
0.12748505175113678
0.12642161548137665
0.1271049976348877
0.12704399228096008
0.125581294298172
0.12627336382865906
0.12706208229064941
0.12630800902843475
0.12719620764255524
0.1267106533050537
0.12679900228977203
0.12747378647327423
0.12746049463748932
0.1263735443353653
0.12612459063529968
0.12544922530651093
0.12613338232040405
0.12594181299209595
0.12598329782485962
0.12746596336364746
0.1264348030090332
0.12712040543556213
0.12744110822677612
0.12735334038734436
0.1264195442199707
0.12716765701770782
0.12742048501968384
0.1265445351600647
0.1266351044178009
0.12774544954299927
0.12632031738758087
0.12544049322605133
0.12785156071186066
0.12677446007728577
0.1280326247215271
0.1256638467311859
0.12578852474689484
0.1263197958469391
0.1279320865869522
0.12539924681186676
0.12527963519096375
0.12707577645778656
0.12510865926742554
0.12572595477104187
0.1267288327217102
0.12741173803806305
0.12746277451515198
0.12609389424324036
0.1277080476284027
0.1258133351802826
0.12566056847572327
0.12518200278282166
0.12718068063259125
0.12876790761947632
0.12615174055099487
0.1265321671962738
0.125523641705513
0.12791258096694946
0.12734168767929077
0.12583288550376892
0.1268175095319748
0.1257665455341339
0.12688197195529938
0.12858378887176514
0.12652575969696045
0.12605512142181396
0.12888911366462708
0.1263865828514099
0.1261252909898758
0.12577730417251587
0.12503793835639954
0.1268598884344101
0.12664777040481567
0.12634754180908203
0.12610852718353271
0.12753529846668243
0.12803998589515686
0.12528374791145325
0.12813101708889008
0.12756997346878052
0.12596945464611053
0.1264629364013672
0.1268600970506668
0.1268559843301773
0.12525777518749237
0.1268872171640396
0.1271851658821106
0.1277436763048172
0.1271037459373474
0.12575708329677582
0.12734214961528778
0.12457068264484406
0.1263863891363144
0.12691086530685425
0.1258966028690338
0.12686662375926971
0.1282498985528946
0.12554395198822021
0.12554587423801422
0.1267016977071762
0.12659190595149994
0.12638737261295319
0.1248304545879364
0.12610064446926117
0.12642017006874084
0.12633350491523743
0.12655793130397797
0.12654654681682587
0.1265333890914917
0.12652769684791565
0.12646040320396423
0.12646283209323883
0.12625041604042053
0.12667617201805115
0.12664112448692322
0.1264888495206833
0.12659472227096558
0.12650592625141144
0.12635186314582825
