-0.029428720474243164
-0.009819984436035156
-0.0011053085327148438
-0.00015091896057128906
-0.0003886222839355469
-0.0002129077911376953
-0.00029277801513671875
-0.00026106834411621094
-0.0003936290740966797
-0.0002617835998535156
-0.00026702880859375
-0.0002460479736328125
-0.00023865699768066406
-0.00033926963806152344
-0.0004863739013671875
-0.0005323886871337891
-0.0005314350128173828
-0.0005345344543457031
-0.00043845176696777344
-0.0007033348083496094
-0.00055694580078125
-0.0006775856018066406
-0.0006811618804931641
-0.0010824203491210938
-0.0007524490356445312
-0.0006496906280517578
-0.0008361339569091797
-0.0006418228149414062
-0.0010426044464111328
-0.0006706714630126953
-0.0006701946258544922
-0.0008034706115722656
-0.0010592937469482422
-0.0009024143218994141
-0.0007827281951904297
-0.0007069110870361328
-0.0008387565612792969
-0.0009796619415283203
-0.0008165836334228516
-0.0009291172027587891
-0.0006690025329589844
-0.0007271766662597656
-0.0009691715240478516
-0.0008556842803955078
-0.0008826255798339844
-0.0007560253143310547
-0.0008537769317626953
-0.0006341934204101562
-0.0007658004760742188
-0.0006434917449951172
-0.0010004043579101562
-0.0006661415100097656
-0.0005950927734375
-0.0006668567657470703
-0.0006322860717773438
-0.0006787776947021484
-0.0007274150848388672
-0.0007846355438232422
-0.0009045600891113281
-0.0007016658782958984
-0.0006031990051269531
-0.0006914138793945312
-0.0007946491241455078
-0.0009992122650146484
-0.0007443428039550781
-0.0010175704956054688
-0.0006799697875976562
-0.0008919239044189453
-0.0008122920989990234
-0.0006079673767089844
-0.0007240772247314453
-0.000804901123046875
-0.0007305145263671875
-0.0006449222564697266
-0.0007045269012451172
-0.0006582736968994141
-0.0005652904510498047
-0.0009415149688720703
-0.0009355545043945312
-0.0009477138519287109
-0.0008780956268310547
-0.0010967254638671875
-0.0009653568267822266
-0.0010335445404052734
-0.0008652210235595703
-0.0007431507110595703
-0.0005724430084228516
-0.0008981227874755859
-0.0005748271942138672
-0.0009589195251464844
-0.0010018348693847656
-0.0007641315460205078
-0.0006425380706787109
-0.0005986690521240234
-0.00070953369140625
-0.0008852481842041016
-0.0007741451263427734
-0.0009255409240722656
-0.0006709098815917969
-0.0008749961853027344
-0.0008547306060791016
-0.0007703304290771484
-0.0007851123809814453
-0.0010023117065429688
-0.000978231430053711
-0.000904083251953125
-0.0008068084716796875
-0.0006477832794189453
-0.0004897117614746094
-0.0007843971252441406
-0.0008416175842285156
-0.0008902549743652344
-0.0007898807525634766
-0.001018524169921875
-0.0007607936859130859
-0.0008416175842285156
-0.0011701583862304688
-0.0007476806640625
-0.0009250640869140625
-0.0009546279907226562
-0.0007574558258056641
-0.0008745193481445312
-0.0006160736083984375
-0.0008897781372070312
-0.0007946491241455078
-0.0006809234619140625
-0.0008561611175537109
-0.0007824897766113281
-0.000774383544921875
-0.0008127689361572266
-0.0007443428039550781
-0.0007238388061523438
-0.0006749629974365234
-0.0006766319274902344
-0.0009639263153076172
-0.0006170272827148438
-0.0006568431854248047
-0.0008840560913085938
-0.000982046127319336
-0.0006625652313232422
-0.0007855892181396484
-0.0005705356597900391
-0.0008711814880371094
-0.0006914138793945312
-0.0011298656463623047
-0.0007414817810058594
-0.0009429454803466797
-0.0008676052093505859
-0.0008776187896728516
-0.000850677490234375
-0.0007741451263427734
-0.00039005279541015625
-0.0007460117340087891
-0.0007181167602539062
-0.0005927085876464844
-0.0009801387786865234
-0.0007321834564208984
-0.0009801387786865234
-0.0006818771362304688
-0.0007104873657226562
-0.0007677078247070312
-0.0008256435394287109
-0.0009200572967529297
-0.0007162094116210938
-0.000980377197265625
-0.0007841587066650391
-0.0009713172912597656
-0.0008969306945800781
-0.0011010169982910156
-0.0006814002990722656
-0.0008985996246337891
-0.0005862712860107422
-0.0008568763732910156
-0.0008873939514160156
-0.0007367134094238281
-0.0005068778991699219
-0.0009510517120361328
-0.0008783340454101562
-0.0010309219360351562
-0.0006122589111328125
-0.0007290840148925781
-0.0004622936248779297
-0.0007309913635253906
-0.0006322860717773438
-0.0008389949798583984
-0.0009551048278808594
-0.000911712646484375
-0.0008726119995117188
-0.0009546279907226562
-0.0007624626159667969
-0.0008473396301269531
-0.0008656978607177734
-0.0007476806640625
-0.0009920597076416016
-0.0007565021514892578
-0.0007407665252685547
-0.0006144046783447266
-0.0010230541229248047
-0.0008137226104736328
-0.0009958744049072266
-0.0008687973022460938
-0.0009198188781738281
-0.0010044574737548828
-0.0008156299591064453
-0.0007669925689697266
-0.0006926059722900391
-0.0008420944213867188
-0.0009434223175048828
-0.0006880760192871094
-0.0008347034454345703
-0.000858306884765625
-0.0011229515075683594
-0.0009109973907470703
-0.001058340072631836
-0.0005517005920410156
-0.0008099079132080078
-0.0009641647338867188
-0.0008523464202880859
-0.0008590221405029297
-0.0008401870727539062
-0.0007367134094238281
-0.0007903575897216797
-0.0007219314575195312
-0.0008282661437988281
-0.0006842613220214844
-0.0007443428039550781
-0.0007822513580322266
-0.0006206035614013672
-0.0006442070007324219
-0.0007381439208984375
-0.0007777214050292969
-0.0007808208465576172
-0.0008323192596435547
-0.0007762908935546875
-0.0009305477142333984
-0.0007066726684570312
-0.0009438991546630859
-0.0007021427154541016
-0.0005156993865966797
-0.0007083415985107422
-0.0007932186126708984
-0.0008246898651123047
-0.0006954669952392578
-0.0008823871612548828
-0.0008497238159179688
-0.0005617141723632812
-0.0007824897766113281
-0.0007436275482177734
-0.0006196498870849609
-0.0006339550018310547
-0.0008456707000732422
-0.0005643367767333984
-0.0007371902465820312
-0.0009520053863525391
-0.001009225845336914
-0.000972747802734375
-0.0007791519165039062
-0.0008025169372558594
-0.0008540153503417969
-0.0008151531219482422
-0.0011572837829589844
-0.0009927749633789062
-0.0008890628814697266
-0.0008873939514160156
-0.0008034706115722656
-0.0006897449493408203
