14.771251678466797
7.093913555145264
1.6270241737365723
0.27677619457244873
0.4419716000556946
0.32695382833480835
0.3648988604545593
0.32047659158706665
0.3751765191555023
0.31587544083595276
0.37258976697921753
0.3201224207878113
0.36705732345581055
0.32316964864730835
0.3698825240135193
0.34768015146255493
0.376852810382843
0.33817964792251587
0.37461671233177185
0.3554891347885132
0.376741886138916
0.3664473295211792
0.3710184693336487
0.3585992157459259
0.3619913160800934
0.3698399066925049
0.3779229521751404
0.37190693616867065
0.4100763201713562
0.39648205041885376
0.41586893796920776
0.41262882947921753
0.44108718633651733
0.4375460743904114
0.4899897277355194
0.460568904876709
0.4751853942871094
0.4053402245044708
0.43811488151550293
0.4295405447483063
0.4168052077293396
0.38626590371131897
0.40803202986717224
0.435631662607193
0.405243456363678
0.4403438866138458
0.4033387303352356
0.4328903257846832
0.4338189959526062
0.431221067905426
0.4256715774536133
0.43034523725509644
0.4160795211791992
0.4617743492126465
0.4756000339984894
0.48976656794548035
0.49676650762557983
0.5116617679595947
0.5125613212585449
0.5081415176391602
0.4805452227592468
0.4969908595085144
0.4791415333747864
0.47867584228515625
0.4719306230545044
0.4870325028896332
0.4709843397140503
0.47828924655914307
0.47096797823905945
0.44606995582580566
0.4509945511817932
0.4242236018180847
0.44607406854629517
0.42595893144607544
0.431022047996521
0.4221375584602356
0.41270962357521057
0.41372692584991455
0.3858256936073303
0.3957243263721466
0.3910495638847351
0.4094541072845459
0.37515783309936523
0.4033271074295044
0.3809686303138733
0.36267828941345215
0.3983437418937683
0.3902873992919922
0.387096107006073
0.3843804597854614
0.3767004609107971
0.3770587146282196
0.3642650842666626
0.3721945285797119
0.3726828396320343
0.3456210494041443
0.37646302580833435
0.3592902421951294
0.35999441146850586
0.3848123848438263
0.3463709056377411
0.35094261169433594
0.33136582374572754
0.35498738288879395
0.3667326867580414
0.3499543070793152
0.3565080761909485
0.35148701071739197
0.34661102294921875
0.34908556938171387
0.34098538756370544
0.34318262338638306
0.34004878997802734
0.3545401096343994
0.3643997609615326
0.3424925208091736
0.363053560256958
0.3382275104522705
0.33878904581069946
0.3567714989185333
0.3433433175086975
0.34263724088668823
0.33287501335144043
0.3543441891670227
0.3459198474884033
0.33016228675842285
0.3371978998184204
0.3474206328392029
0.3213173747062683
0.3217059373855591
0.340593159198761
0.3475312888622284
0.33494603633880615
0.33212196826934814
0.323544442653656
0.33775681257247925
0.33614715933799744
0.3308972716331482
0.3602866232395172
0.3253346085548401
0.331240713596344
0.31526726484298706
0.3298490047454834
0.3310473561286926
0.3371843695640564
0.3263704776763916
0.32408514618873596
0.3388673961162567
0.31665822863578796
0.3165282607078552
0.32267269492149353
0.31403401494026184
0.3226127028465271
0.34936708211898804
0.3271982967853546
0.3279726207256317
0.31122565269470215
0.3170872926712036
0.3326643705368042
0.3438113331794739
0.3147212564945221
0.30816012620925903
0.3202717900276184
0.3195272982120514
0.3339720368385315
0.3513757884502411
0.3132489323616028
0.3103419542312622
0.3165506422519684
0.3284832835197449
0.3187689781188965
0.31008604168891907
0.3114587664604187
0.31077951192855835
0.33890214562416077
0.3128567337989807
0.3263748288154602
0.3135470151901245
0.32249319553375244
0.33193302154541016
0.33423686027526855
0.31963950395584106
0.3087790012359619
0.3151397407054901
0.3247411847114563
0.3101802468299866
0.3160916566848755
0.3099188804626465
0.3114078640937805
0.3026239573955536
0.30960357189178467
0.32347261905670166
0.2994656562805176
0.3158366084098816
0.3268354535102844
0.3395148515701294
0.3173786997795105
0.3138434588909149
0.294547438621521
0.33576658368110657
0.34320303797721863
0.3302801251411438
0.3163565397262573
0.3030722737312317
0.3305546045303345
0.319599449634552
0.29280051589012146
0.3266274631023407
0.2926696240901947
0.31688711047172546
0.3293112516403198
0.3016430139541626
0.2925196588039398
0.3192518353462219
0.3070399761199951
0.2991740107536316
0.2915768027305603
0.2822588086128235
0.28453677892684937
0.29956740140914917
0.29781338572502136
0.29391565918922424
0.3090795576572418
0.29974085092544556
0.2741383910179138
0.3200138211250305
0.30805662274360657
0.30266648530960083
0.27247127890586853
0.2926127314567566
0.2981988787651062
0.29288774728775024
0.29688066244125366
0.30801481008529663
0.3090900480747223
0.29546159505844116
0.28543341159820557
0.314683735370636
0.27749574184417725
0.2990555167198181
0.28577715158462524
0.2997826933860779
0.31224361062049866
0.31516313552856445
0.29086536169052124
0.28658053278923035
0.3204699158668518
0.2851400375366211
0.29273721575737
0.2640688121318817
0.2965530753135681
0.3048340082168579
0.29057320952415466
0.2900729775428772
0.28345823287963867
0.28415414690971375
0.3007572293281555
0.30414119362831116
0.30658286809921265
0.29743319749832153
0.28883081674575806
0.27749598026275635
0.298295259475708
0.29506915807724
0.2822668254375458
0.28421837091445923
