0.595808744430542
0.27931439876556396
0.054300401359796524
0.01776423491537571
0.03693612292408943
0.03371719643473625
0.04018400236964226
0.04043029621243477
0.04658661037683487
0.04178207740187645
0.04797486960887909
0.04479013755917549
0.05069441720843315
0.04895579814910889
0.05561210587620735
0.055355627089738846
0.06005442887544632
0.05792466551065445
0.06108339875936508
0.062377557158470154
0.06381360441446304
0.06740602850914001
0.06804639846086502
0.07122673839330673
0.06807350367307663
0.07235128432512283
0.07488191872835159
0.07242326438426971
0.07507181912660599
0.07815441489219666
0.07809668034315109
0.07757312059402466
0.07800565659999847
0.07739059627056122
0.0799298956990242
0.08070062845945358
0.07746873795986176
0.07310838252305984
0.07387998700141907
0.07600195705890656
0.07177091389894485
0.0731409415602684
0.07282508909702301
0.07640283554792404
0.07128843665122986
0.07762231677770615
0.07067509740591049
0.07401512563228607
0.0734703466296196
0.0743950828909874
0.07323352992534637
0.07603725790977478
0.07342121750116348
0.07582312077283859
0.07555346190929413
0.07348217070102692
0.07490397244691849
0.07462534308433533
0.07405602931976318
0.07759738713502884
0.0726526752114296
0.07451082766056061
0.07461226731538773
0.07488057762384415
0.07296402007341385
0.07645399868488312
0.0777556300163269
0.0756831020116806
0.07421505451202393
0.07416475564241409
0.07546592503786087
0.07395365089178085
0.07477331906557083
0.07438143342733383
0.07347486913204193
0.07601907849311829
0.07231184840202332
0.07644914835691452
0.07290821522474289
0.07605961710214615
0.07378930598497391
0.07802280783653259
0.07225751876831055
0.07542510330677032
0.07365881651639938
0.0723399966955185
0.07750540971755981
0.0765753835439682
0.07450905442237854
0.0762820839881897
0.07533982396125793
0.077603280544281
0.07426869124174118
0.07577597349882126
0.07587017118930817
0.07504492998123169
0.07582487165927887
0.07579798251390457
0.07570455223321915
0.07808797806501389
0.0731094628572464
0.07409393787384033
0.07198819518089294
0.07670611143112183
0.0769856795668602
0.07495561242103577
0.07513466477394104
0.07572013884782791
0.07473742961883545
0.07578764855861664
0.07480756938457489
0.07602149248123169
0.07408855110406876
0.07544431835412979
0.07804669439792633
0.0748155266046524
0.07733818143606186
0.07456379383802414
0.07618280500173569
0.0765785425901413
0.07649865001440048
0.07560335099697113
0.07424599677324295
0.07610919326543808
0.07431226223707199
0.07518360763788223
0.07630942761898041
0.07800154387950897
0.07345404475927353
0.07257949560880661
0.0772467851638794
0.0756453350186348
0.07409419119358063
0.07178688794374466
0.07493206858634949
0.07575157284736633
0.07626354694366455
0.0728134885430336
0.07484029978513718
0.07531778514385223
0.07282575964927673
0.07539760321378708
0.0741700828075409
0.07595862448215485
0.07558059692382812
0.07519765943288803
0.07491549849510193
0.07738718390464783
0.0739208236336708
0.07572692632675171
0.07484231144189835
0.07366090267896652
0.07534117996692657
0.07646406441926956
0.07445946335792542
0.07538624852895737
0.0743313804268837
0.07647503912448883
0.07662747800350189
0.07638130336999893
0.07333476841449738
0.07479528337717056
0.07317259907722473
0.07687009871006012
0.07572664320468903
0.07734517753124237
0.07695157080888748
0.07354896515607834
0.07443142682313919
0.0788564458489418
0.07761382311582565
0.0742720514535904
0.07771118730306625
0.0756731927394867
0.07542230188846588
0.07678071409463882
0.07618186622858047
0.07559964805841446
0.07228512316942215
0.07828997820615768
0.07588696479797363
0.0750751867890358
0.07477647811174393
0.07381295412778854
0.07673534750938416
0.07830514758825302
0.07374244928359985
0.07366687804460526
0.07476413249969482
0.07266998291015625
0.07314569503068924
0.07263686507940292
0.07355577498674393
0.07534342259168625
0.07631300389766693
0.07818535715341568
0.07702211290597916
0.07490719854831696
0.07503210753202438
0.07954467087984085
0.07855231314897537
0.07510213553905487
0.07726429402828217
0.07257633656263351
0.07851430028676987
0.07570778578519821
0.07496051490306854
0.07438738644123077
0.0735393539071083
0.0731407031416893
0.07729262858629227
0.07623143494129181
0.07573296129703522
0.07793877273797989
0.0757329910993576
0.0737401470541954
0.07399798929691315
0.07318632304668427
0.07399658113718033
0.07519170641899109
0.07280316948890686
0.07667088508605957
0.0777793824672699
0.07537387311458588
0.07355859130620956
0.07841341942548752
0.07508661597967148
0.07467779517173767
0.0741676613688469
0.07601399719715118
0.07426629960536957
0.07453896105289459
0.07623220235109329
0.07597463577985764
0.07652417570352554
0.0761275589466095
0.07247366011142731
0.07631964981555939
0.07231973856687546
0.07440350204706192
0.07548854500055313
0.07420819997787476
0.07514778524637222
0.07575305551290512
0.07406187057495117
0.07446568459272385
0.07566915452480316
0.07486885786056519
0.07453852146863937
0.07464262843132019
0.07437115162611008
0.03701315075159073
0.010474788025021553
0.009791791439056396
0.009501857683062553
0.008944922126829624
0.008769938722252846
0.008808303624391556
0.008381456136703491
0.008496531285345554
0.008321049623191357
0.007971375249326229
0.008279429748654366
0.008248609490692616
0.008045581169426441
0.008045988157391548
