0.5889124274253845
0.2870206832885742
0.05918840691447258
0.019144956022500992
0.03774479031562805
0.033845946192741394
0.039140038192272186
0.039829909801483154
0.0461018905043602
0.04197246953845024
0.0483429990708828
0.04545271024107933
0.05142175778746605
0.04998486489057541
0.05687772110104561
0.05688896402716637
0.06157306581735611
0.0597018264234066
0.0626722052693367
0.0642407163977623
0.06535477936267853
0.06942715495824814
0.06934790313243866
0.0731215849518776
0.06914781033992767
0.0741216242313385
0.07571864873170853
0.073845274746418
0.07573576271533966
0.07930190861225128
0.07822460681200027
0.07790536433458328
0.07710754871368408
0.07593275606632233
0.07775360345840454
0.07817358523607254
0.07550948113203049
0.07158537954092026
0.0721777081489563
0.07441212236881256
0.0703728199005127
0.07181248813867569
0.07125209271907806
0.07471183687448502
0.06975989788770676
0.07603748887777328
0.06912955641746521
0.07230424135923386
0.07191243022680283
0.0727461501955986
0.07194835692644119
0.07457935810089111
0.0720013901591301
0.07456314563751221
0.07444364577531815
0.07214817404747009
0.07365360856056213
0.07351015508174896
0.07287497818470001
0.07643876224756241
0.07145718485116959
0.07342114299535751
0.07349161058664322
0.07378827780485153
0.07188020646572113
0.07528173923492432
0.07646345347166061
0.0744437500834465
0.0730503648519516
0.0728585496544838
0.07430923730134964
0.07293146848678589
0.07365622371435165
0.07345962524414062
0.0721595510840416
0.0749567523598671
0.07135027647018433
0.07516375184059143
0.07184058427810669
0.07501140981912613
0.072841115295887
0.07696375995874405
0.07116040587425232
0.07426933199167252
0.07267841696739197
0.07121609896421432
0.07642757892608643
0.07542300969362259
0.07337281852960587
0.0752825140953064
0.07424348592758179
0.07641326636075974
0.07321486622095108
0.07452816516160965
0.07476802170276642
0.07399431616067886
0.07467904686927795
0.07480864971876144
0.07449158281087875
0.07704909890890121
0.07203011959791183
0.07299912720918655
0.07092010229825974
0.07552884519100189
0.07587069272994995
0.07394954562187195
0.07382938265800476
0.07456275075674057
0.07360823452472687
0.07466249912977219
0.07365390658378601
0.07490509748458862
0.07288691401481628
0.07438792288303375
0.07680115848779678
0.07375985383987427
0.07616608589887619
0.07343564927577972
0.07507728040218353
0.07538259029388428
0.07542585581541061
0.07440473884344101
0.07312886416912079
0.07498499006032944
0.0731235146522522
0.07390480488538742
0.07504086941480637
0.07680754363536835
0.07228733599185944
0.0715603455901146
0.07602377980947495
0.07431362569332123
0.07310644537210464
0.07063596695661545
0.07371179014444351
0.074567511677742
0.07495229691267014
0.07160686701536179
0.07370016723871231
0.07401513308286667
0.07171741127967834
0.0742747038602829
0.07301207631826401
0.07459301501512527
0.07446592301130295
0.07398273050785065
0.07375756651163101
0.07609737664461136
0.07266365736722946
0.0745200514793396
0.07358791679143906
0.07258712500333786
0.07411359995603561
0.0750352144241333
0.07307765632867813
0.07421106100082397
0.07317063212394714
0.07518137246370316
0.07537559419870377
0.07510113716125488
0.07206113636493683
0.0735550969839096
0.07198359072208405
0.075558140873909
0.07457622140645981
0.07598436623811722
0.07570228725671768
0.072443887591362
0.073157899081707
0.07745897769927979
0.07635286450386047
0.07301248610019684
0.07638365775346756
0.07436096668243408
0.0742422565817833
0.07540161907672882
0.07481969147920609
0.07428143918514252
0.07108685374259949
0.07700828462839127
0.07458800077438354
0.0738397166132927
0.0734405666589737
0.07273037731647491
0.07546594738960266
0.07699371874332428
0.0723942294716835
0.0724673718214035
0.07356007397174835
0.07142658531665802
0.07173112034797668
0.0713982805609703
0.07218528538942337
0.07414188235998154
0.07505501061677933
0.07684354484081268
0.07566772401332855
0.0736040249466896
0.0737353265285492
0.0782427042722702
0.07719455659389496
0.07373028248548508
0.07590197771787643
0.07120751589536667
0.07719344645738602
0.07439412921667099
0.07366573810577393
0.07317116856575012
0.07225452363491058
0.07192029058933258
0.0760076642036438
0.07496898621320724
0.07433835417032242
0.07653790712356567
0.07441636919975281
0.07245688140392303
0.07258998602628708
0.07194425165653229
0.07273342460393906
0.0738835334777832
0.07151125371456146
0.07533528655767441
0.0765303373336792
0.073941670358181
0.07228587567806244
0.0769575834274292
0.07366129755973816
0.0734008327126503
0.07284489274024963
0.07476187497377396
0.07284700870513916
0.0732276439666748
0.07491100579500198
0.07468149065971375
0.07514560222625732
0.07479354739189148
0.07103396952152252
0.07501475512981415
0.07100150734186172
0.07304730266332626
0.07403714954853058
0.07290797680616379
0.07392081618309021
0.07438233494758606
0.07278790324926376
0.07314532995223999
0.07448012381792068
0.07372424006462097
0.07321613281965256
0.07335108518600464
0.0730409100651741
0.07433179020881653
0.07351642847061157
0.07448184490203857
0.07379847019910812
0.07401663810014725
0.07242307811975479
0.07230300456285477
0.07331610471010208
0.07755538821220398
0.0739636942744255
0.07267328351736069
0.0733700692653656
0.07252393662929535
0.0751466229557991
0.07157275080680847
