0.0001,0.0214
0.0001,0.0215
0.0000,0.0168
0.0000,0.0196
0.0000,0.0166
0.0001,0.0212
0.0000,0.0183
0.0000,0.0199
0.0000,0.0151
0.0000,0.0153
0.0000,0.0141
0.0000,0.0141
0.0000,0.0152
0.0000,0.0117
0.0000,0.0167
0.0000,0.0139
0.0000,0.0130
0.0000,0.0092
0.0000,0.0125
0.0000,0.0103
0.0000,0.0128
0.0000,0.0128
0.0001,0.0197
0.0000,0.0118
0.0000,0.0098
0.0000,0.0088
0.0000,0.0090
0.0000,0.0106
0.0000,0.0130
0.0000,0.0127
0.0000,0.0087
0.0000,0.0087
0.0000,0.0095
0.0000,0.0087
0.0000,0.0103
0.0000,0.0079
0.0000,0.0094
0.0000,0.0088
0.0000,0.0101
0.0000,0.0114
0.0001,0.0134
0.0001,0.0134
0.0000,0.0077
0.0000,0.0105
0.0000,0.0082
0.0000,0.0091
0.0000,0.0121
0.0000,0.0117
0.0000,0.0087
0.0000,0.0118
0.0000,0.0106
0.0000,0.0105
0.0000,0.0105
0.0000,0.0105
0.0000,0.0105
0.0000,0.0105
0.0000,0.0105
0.0000,0.0105
0.0000,0.0105
0.0000,0.0105
0.0000,0.0105
0.0000,0.0105
0.0000,0.0105
0.0000,0.0105
0.0000,0.0105
0.0000,0.0105
0.0000,0.0105
0.0000,0.0105
0.0000,0.0105
0.0000,0.0105
0.0000,0.0105
0.0000,0.0105
0.0000,0.0105
0.0000,0.0105
0.0000,0.0105
0.0000,0.0105
0.0000,0.0105
0.0000,0.0105
0.0000,0.0105
0.0000,0.0105
0.0000,0.0105
0.0000,0.0105
0.0000,0.0105
0.0000,0.0105
0.0000,0.0105
0.0000,0.0105
0.0000,0.0105
0.0000,0.0105
0.0000,0.0105
0.0000,0.0105
0.0000,0.0105
0.0000,0.0105
0.0000,0.0105
0.0000,0.0105
0.0000,0.0105
0.0000,0.0105
0.0000,0.0105
0.0000,0.0105
0.0000,0.0105
0.0000,0.0105
0.0000,0.0105
0.0000,0.0106
0.0000,0.0105
0.0000,0.0105
0.0000,0.0105
0.0000,0.0105
0.0000,0.0105
0.0000,0.0105
0.0000,0.0105
0.0000,0.0105
0.0000,0.0105
0.0000,0.0105
0.0000,0.0105
0.0000,0.0105
0.0000,0.0105
0.0000,0.0105
0.0000,0.0105
0.0000,0.0105
0.0000,0.0105
0.0000,0.0105
0.0000,0.0105
0.0000,0.0105
0.0000,0.0105
0.0000,0.0105
0.0000,0.0105
0.0000,0.0105
0.0000,0.0105
0.0000,0.0105
0.0000,0.0105
0.0000,0.0105
0.0000,0.0105
0.0000,0.0105
0.0000,0.0105
0.0000,0.0105
0.0000,0.0105
0.0000,0.0105
0.0000,0.0105
0.0000,0.0105
0.0000,0.0105
0.0000,0.0105
0.0000,0.0105
0.0000,0.0105
0.0000,0.0105
0.0000,0.0105
0.0000,0.0105
0.0000,0.0105
0.0000,0.0105
0.0000,0.0105
0.0000,0.0105
0.0000,0.0105
0.0000,0.0105
0.0000,0.0105
0.0000,0.0106
