27.0562,14.2850
27.0557,14.2850
27.0560,14.2850
27.0560,14.2849
27.0559,14.2850
27.0559,14.2850
27.0559,14.2850
27.0559,14.2850
27.0560,14.2850
27.0559,14.2850
27.0559,14.2849
27.0560,14.2850
27.0560,14.2850
27.0560,14.2850
27.0560,14.2850
27.0560,14.2849
27.0560,14.2850
27.0561,14.2850
27.0561,14.2851
27.0560,14.2849
27.0560,14.2849
27.0561,14.2850
27.0562,14.2850
27.0562,14.2850
27.0562,14.2851
27.0561,14.2850
27.0560,14.2850
27.0563,14.2850
27.0563,14.2850
27.0561,14.2849
27.0561,14.2849
27.0562,14.2849
27.0562,14.2849
27.0560,14.2850
27.0562,14.2849
27.0561,14.2850
27.0562,14.2850
27.0560,14.2850
27.0562,14.2850
27.0562,14.2849
27.0563,14.2850
27.0563,14.2849
27.0564,14.2850
27.0561,14.2850
27.0563,14.2850
27.0563,14.2850
27.0564,14.2850
27.0562,14.2850
27.0564,14.2850
27.0563,14.2850
27.0563,14.2850
27.0609,14.2870
