14.2723,12.3912
13.6666,11.7951
13.6665,11.7951
13.9484,12.0781
13.6123,11.7454
13.6650,11.8018
13.2268,11.3622
13.4718,11.6063
13.3531,11.4882
13.6376,11.7729
13.5686,11.7056
13.6958,11.8325
13.6959,11.8325
13.4927,11.6283
13.8701,12.0060
13.2994,11.4354
13.9513,12.0869
13.5752,11.7103
13.8514,11.9884
13.5380,11.6749
13.7125,11.8489
13.4354,11.5706
13.4354,11.5706
13.1112,11.2449
13.5079,11.6432
13.6979,11.8339
13.8318,11.9686
13.7715,11.9091
13.5763,11.7135
13.3774,11.5132
13.3995,11.5360
13.7011,11.8390
13.7013,11.8391
13.7075,11.8464
13.7811,11.9200
13.6253,11.7638
13.7733,11.9115
13.7214,11.8607
13.7248,11.8643
13.6039,11.7427
13.4879,11.6266
13.2658,11.4038
13.2658,11.4039
13.8167,11.9573
13.6020,11.7422
13.7414,11.8815
13.7053,11.8457
13.3863,11.5253
13.4589,11.5984
13.6732,11.8133
13.4597,11.5995
13.6172,11.7218
13.6020,11.7422
13.6021,11.7421
13.6020,11.7421
13.6021,11.7422
13.6021,11.7420
13.6021,11.7422
13.6020,11.7421
13.6021,11.7422
13.6020,11.7423
13.6020,11.7421
13.6021,11.7422
13.6020,11.7422
13.6020,11.7422
13.6020,11.7422
13.6021,11.7422
13.6020,11.7422
13.6020,11.7422
13.6021,11.7421
13.6020,11.7421
13.6019,11.7421
13.6020,11.7420
13.6020,11.7422
13.6021,11.7422
13.6020,11.7422
13.6020,11.7422
13.6021,11.7421
13.6021,11.7421
13.6020,11.7422
13.6021,11.7422
13.6020,11.7421
13.6020,11.7422
13.6020,11.7422
13.6020,11.7422
13.6020,11.7422
13.6020,11.7422
13.6019,11.7422
13.6020,11.7422
13.6020,11.7423
13.6020,11.7422
13.6021,11.7422
13.6021,11.7422
13.6021,11.7423
13.6020,11.7421
13.6020,11.7422
13.6021,11.7420
13.6020,11.7422
13.6019,11.7422
13.6020,11.7421
13.6020,11.7422
13.6020,11.7421
13.6020,11.7422
13.6172,11.7219
13.6020,11.7421
13.6021,11.7423
13.6020,11.7421
13.6020,11.7423
13.6020,11.7422
13.6020,11.7422
13.6020,11.7422
13.6020,11.7422
13.6020,11.7421
13.6020,11.7421
13.6020,11.7422
13.6021,11.7421
13.6020,11.7422
13.6021,11.7422
13.6019,11.7423
13.6020,11.7421
13.6019,11.7422
13.6021,11.7422
13.6021,11.7421
13.6020,11.7421
13.6021,11.7421
13.6020,11.7422
13.6021,11.7422
13.6020,11.7421
13.6020,11.7422
13.6021,11.7421
13.6020,11.7422
13.6020,11.7422
13.6019,11.7421
13.6020,11.7422
13.6020,11.7422
13.6019,11.7422
13.6020,11.7422
13.6020,11.7422
13.6021,11.7421
13.6020,11.7422
13.6020,11.7423
13.6020,11.7422
13.6020,11.7423
13.6020,11.7422
13.6020,11.7423
13.6021,11.7422
13.6021,11.7422
13.6021,11.7421
13.6020,11.7422
13.6020,11.7423
13.6020,11.7421
13.6019,11.7422
13.6019,11.7422
13.6020,11.7421
13.6021,11.7421
13.6172,11.7217
