39.1585,46.2274
39.1558,46.2274
39.1564,46.2272
39.1591,46.2274
39.1588,46.2274
39.1593,46.2274
39.1586,46.2274
39.1587,46.2274
39.1589,46.2274
39.1591,46.2274
39.1576,46.2273
39.1573,46.2274
39.1583,46.2274
39.1583,46.2273
39.1577,46.2274
39.1592,46.2274
39.1584,46.2275
39.1574,46.2274
39.1582,46.2274
39.1581,46.2274
39.1584,46.2274
39.1584,46.2274
39.1586,46.2274
39.1574,46.2273
39.1592,46.2273
39.1591,46.2274
39.1579,46.2273
39.1572,46.2274
39.1583,46.2273
39.1584,46.2274
39.1576,46.2274
39.1584,46.2275
39.1584,46.2273
39.1579,46.2274
39.1581,46.2274
39.1585,46.2274
39.1587,46.2273
39.1582,46.2272
39.1589,46.2273
39.1577,46.2273
39.1584,46.2273
39.1584,46.2274
39.1585,46.2273
39.1586,46.2273
39.1582,46.2274
39.1576,46.2274
39.1579,46.2274
39.1575,46.2274
39.1577,46.2273
39.1573,46.2274
39.1583,46.2274
39.1769,46.2652
