-1.0000,0.4520
-1.0000,0.4520
-1.0000,0.4520
-1.0000,0.4522
-1.0000,0.4523
-1.0000,0.4524
-1.0000,0.4525
-1.0000,0.4525
-1.0000,0.4526
-1.0000,0.4527
-1.0000,0.4528
-1.0000,0.4529
-1.0000,0.4529
-1.0000,0.4530
-1.0000,0.4532
-1.0000,0.4534
-1.0000,0.4535
-1.0000,0.4536
-1.0000,0.4537
-1.0000,0.4538
-1.0000,0.4538
-1.0000,0.4540
-1.0000,0.4540
-1.0000,0.4540
-1.0000,0.4541
-1.0000,0.4542
-1.0000,0.4542
-1.0000,0.4543
-1.0000,0.4543
-1.0000,0.4542
-1.0000,0.4543
-1.0000,0.4544
-1.0000,0.4544
-1.0000,0.4545
-1.0000,0.4546
-1.0000,0.4546
-1.0000,0.4545
-1.0000,0.4546
-1.0000,0.4546
-1.0000,0.4547
-1.0000,0.4547
-1.0000,0.4548
-1.0000,0.4548
-1.0000,0.4549
-1.0000,0.4549
-1.0000,0.4549
-1.0000,0.4549
-1.0000,0.4549
-1.0000,0.4549
-1.0000,0.4550
-1.0000,0.4550
-1.0000,-1.0000,0.4549
-1.0000,0.4549
-1.0000,0.4549
-1.0000,0.4549
-1.0000,0.4549
-1.0000,0.4549
-1.0000,0.4549
-1.0000,0.4549
-1.0000,0.4549
-1.0000,0.4549
-1.0000,0.4549
-1.0000,0.4549
-1.0000,0.4549
-1.0000,0.4549
-1.0000,0.4549
-1.0000,0.4549
-1.0000,0.4549
-1.0000,0.4549
-1.0000,0.4549
-1.0000,0.4549
-1.0000,0.4549
-1.0000,0.4549
-1.0000,0.4549
-1.0000,0.4549
-1.0000,0.4549
-1.0000,0.4549
-1.0000,0.4549
-1.0000,0.4549
-1.0000,0.4549
-1.0000,0.4549
-1.0000,0.4549
-1.0000,0.4549
-1.0000,0.4549
-1.0000,0.4549
-1.0000,0.4549
-1.0000,0.4549
-1.0000,0.4549
-1.0000,0.4549
-1.0000,0.4549
-1.0000,0.4549
-1.0000,0.4549
-1.0000,0.4549
-1.0000,0.4549
-1.0000,0.4549
-1.0000,0.4549
-1.0000,0.4549
-1.0000,0.4549
-1.0000,0.4549
-1.0000,0.4549
-1.0000,0.4549
-1.0000,0.4549
-1.0000,0.4549
-1.0000,-1.0000,0.4549
-1.0000,0.4549
-1.0000,0.4549
-1.0000,0.4549
-1.0000,0.4549
-1.0000,0.4549
-1.0000,0.4549
-1.0000,0.4549
-1.0000,0.4549
-1.0000,0.4549
-1.0000,0.4549
-1.0000,0.4549
-1.0000,0.4549
-1.0000,0.4549
-1.0000,0.4549
-1.0000,0.4549
-1.0000,0.4549
-1.0000,0.4549
-1.0000,0.4549
-1.0000,0.4549
-1.0000,0.4549
-1.0000,0.4549
-1.0000,0.4549
-1.0000,0.4549
-1.0000,0.4549
-1.0000,0.4549
-1.0000,0.4549
-1.0000,0.4549
-1.0000,0.4549
-1.0000,0.4549
-1.0000,0.4549
-1.0000,0.4549
-1.0000,0.4549
-1.0000,0.4549
-1.0000,0.4549
-1.0000,0.4549
-1.0000,0.4549
-1.0000,0.4549
-1.0000,0.4549
-1.0000,0.4549
-1.0000,0.4549
-1.0000,0.4549
-1.0000,0.4549
-1.0000,0.4549
-1.0000,0.4549
-1.0000,0.4549
-1.0000,0.4549
-1.0000,0.4549
-1.0000,0.4549
-1.0000,0.4549
-1.0000,0.4549
-1.0000,0.4549
-1.0000,-1.0000,0.4549
