468.1653,731.3452
861.3450,731.3381
509.9868,731.3407
485.2790,731.3548
480.4363,731.3553
479.5035,731.3445
478.8854,731.3517
478.1896,731.3334
479.1428,731.3325
477.2928,731.3433
476.0787,731.3316
477.1020,731.3422
477.4189,731.3438
474.4182,731.3417
473.5160,731.3383
475.3417,731.3428
472.6015,731.3293
482.9471,731.3505
470.2834,731.3350
468.4814,731.3361
478.5017,731.3475
464.2104,731.3488
464.0594,731.3492
469.8213,731.3364
462.9421,731.3438
479.0374,731.3358
461.4398,731.3453
470.6593,731.3184
475.2410,731.3463
463.9355,731.3415
481.5303,731.3300
470.2035,731.3489
457.7986,731.3325
483.6193,731.3322
460.5556,731.3420
456.5124,731.3392
466.5515,731.3494
460.6932,731.3333
460.6018,731.3458
473.5527,731.3364
491.8811,731.3324
477.6146,731.3412
454.8291,731.3603
479.6252,731.3406
472.9117,731.3492
459.7700,731.3397
457.6651,731.3370
458.9195,731.3347
497.9742,731.3367
458.2277,731.3491
455.1700,731.3409
460.7125,738.4482
