7710.6753
7294.7471
6956.5674
7388.4668
7418.5010
7382.4341
7042.2266
7271.6670
7264.1191
7436.2876
7595.7461
7578.6836
7321.7881
7416.5566
7705.2744
7185.5068
8005.0645
7581.9966
8077.5996
7624.7319
7815.8364
7387.5361
7151.0566
6599.1572
7087.0474
7466.4199
7486.0635
7431.6738
7186.6060
6906.9810
7119.6685
7191.7666
7188.1885
7659.7910
7720.3652
7120.6963
7439.9512
7457.3242
7443.6299
7078.7021
6816.1489
6588.7163
6587.3433
7542.7295
7129.2568
7283.4893
7264.8569
6737.2061
6984.2363
6991.8740
6940.4131
7299.9297
7129.1895
7129.1143
7129.1313
7129.4038
7129.2305
7129.1914
7129.0708
7129.1982
7129.2061
7129.2939
7129.3252
7129.2871
7129.5176
7129.2007
7129.3770
7129.4102
7129.3862
7129.4248
7129.2788
7129.3618
7129.2832
7129.0850
7129.0117
7129.3745
7129.2144
7129.2617
7129.3496
7129.3154
7129.2451
7129.3057
7129.1934
7129.2510
7129.2246
7129.2451
7129.3135
7129.2783
7129.0347
7129.3691
7129.2607
7129.2695
7129.2437
7129.3579
7129.0215
7129.2793
7129.2700
7129.3218
7129.4438
7129.1367
7129.2993
7129.1519
7129.1484
7299.9663
7129.2075
7129.2500
7129.2021
7129.2959
7129.2109
7129.1958
7128.9434
7129.2207
7129.1802
7129.3135
7129.3262
7129.4629
7129.1377
7129.1548
7129.3540
7129.0049
7129.0767
7129.0947
7129.2861
7129.2144
7129.1284
7129.1689
7129.2520
7129.3086
7129.2925
7129.0439
7129.0630
7129.3545
7129.1016
7129.2866
7129.2715
7129.4087
7129.2808
7129.1787
7129.1660
7129.4556
7129.2969
7129.3027
7129.1069
7129.1719
7129.0508
7129.3926
7129.1162
7129.3076
7129.4438
7129.3721
7129.2070
7129.1484
7128.9004
7129.3242
7129.1055
7300.1094
