0.2789,256.2108,0.3257
0.1240,100.7919,0.1279
0.1233,98.3664,0.1429
0.1233,98.3905,0.1452
0.0349,25.6626,0.0450
0.0173,2.8662,0.0129
0.0188,2.9365,0.0132
0.0131,1.4447,0.0116
0.0167,2.3389,0.0113
0.0124,0.5823,0.0102
0.0166,1.6227,0.0109
0.0111,0.6537,0.0107
0.0111,0.6418,0.0124
0.0111,0.6430,0.0127
0.0154,1.7429,0.0091
0.0089,0.4700,0.0093
0.0122,1.0452,0.0099
0.0112,0.2393,0.0098
0.0156,1.5403,0.0092
0.0100,0.2444,0.0092
0.0131,1.2569,0.0092
0.0093,0.2732,0.0095
0.0093,0.2822,0.0111
0.0094,0.2793,0.0111
0.0140,1.6505,0.0085
0.0087,0.2232,0.0085
0.0098,1.1075,0.0084
0.0070,0.2241,0.0089
0.0080,1.1633,0.0087
0.0058,0.2520,0.0090
0.0066,1.1116,0.0090
0.0048,0.2983,0.0094
0.0048,0.3038,0.0101
0.0048,0.3062,0.0098
0.0067,1.1440,0.0091
0.0059,0.3098,0.0083
0.0049,0.7610,0.0086
0.0038,0.4855,0.0085
0.0056,1.5276,0.0094
0.0048,0.2714,0.0077
0.0040,0.7394,0.0090
0.0035,0.4085,0.0088
0.0034,0.4126,0.0088
0.0034,0.4049,0.0088
0.0065,1.4860,0.0079
0.0041,0.4954,0.0068
0.0034,0.8743,0.0077
0.0039,0.2459,0.0079
0.0058,1.9779,0.0067
0.0111,0.2565,0.0073
0.0032,0.5529,0.0049
0.0060,2.5661,0.0059
0.0060,2.5490,0.0163
0.0060,2.5158,0.0204
0.0084,0.2007,0.0063
0.0026,0.4998,0.0048
0.0040,1.2603,0.0059
0.0035,0.4463,0.0055
0.0035,0.8908,0.0052
0.0022,0.7027,0.0048
0.0022,0.5674,0.0041
0.0017,0.7216,0.0030
0.0017,0.7203,0.0029
0.0016,0.7249,0.0029
0.0020,0.6067,0.0024
0.0013,0.6547,0.0021
0.0012,0.6688,0.0019
0.0012,0.5830,0.0017
0.0010,0.5134,0.0015
0.0009,0.5698,0.0014
0.0009,0.4849,0.0013
0.0009,0.4881,0.0013
0.0009,0.4927,0.0013
0.0008,0.4893,0.0013
0.0007,0.4238,0.0012
0.0009,0.3993,0.0011
0.0008,0.4008,0.0011
0.0007,0.4307,0.0011
0.0011,0.3759,0.0011
0.0006,0.3950,0.0009
0.0007,0.3106,0.0010
0.0007,0.3634,0.0009
0.0007,0.3566,0.0009
0.0007,0.3597,0.0009
0.0007,0.3505,0.0009
0.0005,0.2859,0.0008
0.0006,0.3001,0.0008
0.0005,0.2885,0.0008
0.0010,0.3260,0.0009
0.0004,0.2656,0.0007
0.0005,0.2505,0.0007
0.0007,0.2211,0.0007
0.0006,0.2062,0.0007
0.0007,0.2067,0.0007
0.0005,0.2490,0.0006
0.0005,0.2361,0.0006
0.0004,0.1826,0.0006
0.0007,0.1912,0.0007
0.0005,0.2156,0.0006
0.0008,0.1490,0.0008
0.0004,0.2042,0.0005
0.0004,0.2012,0.0005
0.0004,0.1763,0.0005
0.0004,0.1857,0.0005
0.0006,0.1449,0.0007
0.0006,0.1624,0.0006
0.0007,0.1485,0.0008
0.0004,0.1946,0.0005
0.0004,0.1584,0.0005
0.0004,0.1750,0.0005
0.0005,0.1575,0.0005
0.0005,0.1565,0.0005
0.0004,0.1672,0.0006
0.0005,0.1770,0.0006
0.0005,0.1228,0.0005
0.0005,0.1726,0.0006
0.0005,0.1361,0.0005
0.0004,0.1265,0.0005
0.0003,0.1372,0.0005
0.0015,0.1885,0.0011
0.0010,0.1837,0.0009
0.0005,0.1359,0.0005
0.0005,0.1236,0.0005
0.0005,0.1379,0.0006
0.0009,0.1408,0.0007
0.0008,0.1171,0.0007
0.0003,0.1484,0.0004
0.0007,0.1605,0.0006
0.0009,0.1393,0.0008
0.0004,0.1231,0.0004
0.0004,0.1265,0.0004
0.0004,0.1279,0.0004
0.0004,0.1425,0.0005
0.0004,0.1308,0.0005
0.0004,0.1361,0.0005
0.0004,0.1280,0.0004
0.0005,0.1011,0.0005
0.0006,0.1123,0.0006
0.0003,0.1162,0.0004
0.0014,0.1174,0.0011
0.0003,0.1242,0.0004
0.0005,0.1360,0.0005
0.0005,0.1455,0.0005
0.0005,0.1271,0.0005
0.0004,0.1016,0.0004
0.0026,0.1176,0.0022
0.0031,0.1387,0.0030
0.0031,0.1362,0.0033
0.0032,0.1383,0.0035
0.0032,0.1436,0.0036
0.0032,0.1446,0.0036
0.0032,0.1435,0.0036
0.0032,0.1419,0.0036
0.0032,0.1426,0.0036
0.0032,0.1438,0.0036
0.0032,0.1458,0.0036
0.0032,0.1470,0.0036
0.0032,0.1458,0.0036
0.0032,0.1487,0.0036
0.0032,0.1457,0.0036
0.0032,0.1496,0.0036
0.0032,0.1478,0.0036
0.0032,0.1382,0.0036
0.0032,0.1458,0.0036
0.0032,0.1487,0.0036
0.0032,0.1423,0.0036
0.0032,0.1446,0.0036
0.0032,0.1514,0.0036
0.0032,0.1424,0.0036
0.0032,0.1395,0.0036
0.0032,0.1445,0.0036
0.0032,0.1443,0.0036
0.0032,0.1462,0.0036
0.0032,0.1447,0.0036
0.0032,0.1490,0.0036
0.0032,0.1464,0.0036
0.0031,0.1394,0.0036
0.0032,0.1361,0.0036
0.0031,0.1345,0.0036
0.0032,0.1420,0.0036
0.0032,0.1454,0.0036
0.0032,0.1486,0.0036
0.0031,0.1410,0.0036
0.0032,0.1455,0.0036
0.0032,0.1455,0.0036
0.0032,0.1466,0.0036
0.0032,0.1494,0.0036
0.0032,0.1437,0.0036
0.0032,0.1449,0.0036
0.0032,0.1470,0.0036
0.0031,0.1454,0.0036
0.0032,0.1408,0.0036
0.0032,0.1554,0.0036
0.0032,0.1472,0.0036
0.0032,0.1452,0.0036
0.0032,0.1438,0.0036
0.0032,0.1455,0.0036
0.0032,0.1522,0.0036
0.0032,0.1489,0.0036
0.0031,0.1456,0.0035
0.0032,0.1493,0.0036
0.0003,0.1324,0.0003
