50.0092,269.8585
54.4141,269.8526
50.5380,269.8546
49.9458,269.8569
49.8267,269.8564
49.8097,269.8483
49.7632,269.8498
49.7254,269.8539
50.0599,269.8563
49.8399,269.8550
49.7174,269.8515
49.9658,269.8515
49.9377,269.8538
49.6099,269.8624
49.6340,269.8551
49.7710,269.8590
50.0117,269.8578
49.7547,269.8543
49.7431,269.8521
49.7154,269.8628
49.3245,269.8604
49.5146,269.8531
49.4491,269.8609
49.2313,269.8572
49.2919,269.8520
49.2670,269.8501
49.3545,269.8468
49.2024,269.8631
49.4818,269.8561
49.0662,269.8596
49.1208,269.8658
49.2119,269.8524
48.9848,269.8550
48.9605,269.8588
48.9340,269.8706
48.9049,269.8461
49.0865,269.8575
49.1993,269.8538
49.4002,269.8531
48.8487,269.8571
48.8126,269.8528
48.8258,269.8495
48.7497,269.8511
50.7578,269.8477
49.2617,269.8595
48.8563,269.8511
49.4767,269.8620
48.6541,269.8448
48.7233,269.8525
48.6196,269.8512
48.5963,269.8555
49.1934,275.1022
