27.5473,12.9528
27.5468,12.9528
27.5468,12.9527
27.5471,12.9528
27.5472,12.9528
27.5473,12.9528
27.5471,12.9528
27.5471,12.9528
27.5476,12.9528
27.5474,12.9529
27.5473,12.9528
27.5467,12.9528
27.5474,12.9527
27.5473,12.9528
27.5473,12.9528
27.5467,12.9528
27.5475,12.9527
27.5467,12.9528
27.5474,12.9529
27.5467,12.9529
27.5470,12.9528
27.5473,12.9528
27.5467,12.9528
27.5469,12.9528
27.5471,12.9528
27.5471,12.9528
27.5467,12.9528
27.5467,12.9528
27.5473,12.9528
27.5469,12.9528
27.5470,12.9528
27.5466,12.9528
27.5468,12.9529
27.5468,12.9528
27.5468,12.9528
27.5467,12.9527
27.5471,12.9529
27.5471,12.9528
27.5463,12.9528
27.5467,12.9528
27.5469,12.9528
27.5466,12.9528
27.5467,12.9528
27.5476,12.9528
27.5464,12.9528
27.5464,12.9528
27.5472,12.9528
27.5467,12.9529
27.5465,12.9529
27.5465,12.9528
27.5467,12.9528
27.5549,12.9427
