39.5180,50.4228
39.5233,50.4228
39.5197,50.4228
39.5174,50.4228
39.5179,50.4229
39.5177,50.4228
39.5183,50.4228
39.5183,50.4228
39.5176,50.4228
39.5182,50.4228
39.5182,50.4228
39.5175,50.4228
39.5175,50.4228
39.5179,50.4228
39.5179,50.4228
39.5177,50.4227
39.5175,50.4228
39.5177,50.4228
39.5179,50.4228
39.5176,50.4228
39.5173,50.4228
39.5172,50.4228
39.5177,50.4228
39.5175,50.4229
39.5171,50.4228
39.5177,50.4228
39.5177,50.4229
39.5174,50.4228
39.5172,50.4228
39.5168,50.4227
39.5173,50.4227
39.5174,50.4227
39.5170,50.4228
39.5176,50.4228
39.5172,50.4228
39.5173,50.4229
39.5173,50.4228
39.5175,50.4228
39.5176,50.4228
39.5171,50.4227
39.5173,50.4227
39.5171,50.4228
39.5168,50.4228
39.5168,50.4228
39.5166,50.4227
39.5174,50.4228
39.5163,50.4227
39.5177,50.4228
39.5165,50.4229
39.5168,50.4228
39.5169,50.4228
39.5342,50.4435
