-1.0000,0.4549
-1.0000,0.4546
-1.0000,0.4546
-1.0000,0.4545
-1.0000,0.4544
-1.0000,0.4543
-1.0000,0.4541
-1.0000,0.4541
-1.0000,0.4540
-1.0000,0.4540
-1.0000,0.4540
-1.0000,0.4540
-1.0000,0.4540
-1.0000,0.4540
-1.0000,0.4540
-1.0000,0.4539
-1.0000,0.4539
-1.0000,0.4539
-1.0000,0.4539
-1.0000,0.4539
-1.0000,0.4539
-1.0000,0.4538
-1.0000,0.4538
-1.0000,0.4538
-1.0000,0.4538
-1.0000,0.4538
-1.0000,0.4537
-1.0000,0.4536
-1.0000,0.4537
-1.0000,0.4536
-1.0000,0.4536
-1.0000,0.4535
-1.0000,0.4535
-1.0000,0.4535
-1.0000,0.4535
-1.0000,0.4535
-1.0000,0.4535
-1.0000,0.4534
-1.0000,0.4534
-1.0000,0.4534
-1.0000,0.4534
-1.0000,0.4534
-1.0000,0.4534
-1.0000,0.4534
-1.0000,0.4534
-1.0000,0.4534
-1.0000,0.4533
-1.0000,0.4533
-1.0000,0.4532
-1.0000,0.4532
-1.0000,0.4532
-1.0000,-1.0000,0.4539
-1.0000,0.4539
-1.0000,0.4539
-1.0000,0.4539
-1.0000,0.4539
-1.0000,0.4539
-1.0000,0.4539
-1.0000,0.4539
-1.0000,0.4539
-1.0000,0.4539
-1.0000,0.4539
-1.0000,0.4539
-1.0000,0.4539
-1.0000,0.4539
-1.0000,0.4539
-1.0000,0.4539
-1.0000,0.4539
-1.0000,0.4539
-1.0000,0.4539
-1.0000,0.4539
-1.0000,0.4539
-1.0000,0.4539
-1.0000,0.4539
-1.0000,0.4539
-1.0000,0.4539
-1.0000,0.4539
-1.0000,0.4539
-1.0000,0.4539
-1.0000,0.4539
-1.0000,0.4539
-1.0000,0.4539
-1.0000,0.4539
-1.0000,0.4539
-1.0000,0.4539
-1.0000,0.4539
-1.0000,0.4539
-1.0000,0.4539
-1.0000,0.4539
-1.0000,0.4539
-1.0000,0.4539
-1.0000,0.4539
-1.0000,0.4539
-1.0000,0.4539
-1.0000,0.4539
-1.0000,0.4539
-1.0000,0.4539
-1.0000,0.4539
-1.0000,0.4539
-1.0000,0.4539
-1.0000,0.4539
-1.0000,0.4539
-1.0000,0.4539
-1.0000,-1.0000,0.4539
-1.0000,0.4539
-1.0000,0.4539
-1.0000,0.4539
-1.0000,0.4539
-1.0000,0.4539
-1.0000,0.4539
-1.0000,0.4539
-1.0000,0.4539
-1.0000,0.4539
-1.0000,0.4539
-1.0000,0.4539
-1.0000,0.4539
-1.0000,0.4539
-1.0000,0.4539
-1.0000,0.4539
-1.0000,0.4539
-1.0000,0.4539
-1.0000,0.4539
-1.0000,0.4539
-1.0000,0.4539
-1.0000,0.4539
-1.0000,0.4539
-1.0000,0.4539
-1.0000,0.4539
-1.0000,0.4539
-1.0000,0.4539
-1.0000,0.4539
-1.0000,0.4539
-1.0000,0.4539
-1.0000,0.4539
-1.0000,0.4539
-1.0000,0.4539
-1.0000,0.4539
-1.0000,0.4539
-1.0000,0.4539
-1.0000,0.4539
-1.0000,0.4539
-1.0000,0.4539
-1.0000,0.4539
-1.0000,0.4539
-1.0000,0.4539
-1.0000,0.4539
-1.0000,0.4539
-1.0000,0.4539
-1.0000,0.4539
-1.0000,0.4539
-1.0000,0.4539
-1.0000,0.4539
-1.0000,0.4539
-1.0000,0.4539
-1.0000,0.4539
-1.0000,-1.0000,0.4539
