58.7241,428.2249
77.2015,428.2349
67.1258,428.2250
62.0155,428.2272
58.8741,428.2249
58.8899,428.2301
58.6792,428.2293
58.8772,428.2197
59.3313,428.2231
58.4521,428.2278
58.5321,428.2277
59.0020,428.2283
59.1301,428.2185
58.1557,428.2307
58.2379,428.2306
58.1232,428.2269
58.3455,428.2297
58.0963,428.2284
58.2416,428.2238
57.9370,428.2249
58.6246,428.2250
58.4061,428.2203
58.1712,428.2242
57.8219,428.2241
58.3439,428.2324
58.4176,428.2377
58.3929,428.2249
57.7186,428.2327
57.8372,428.2253
58.5130,428.2264
57.6259,428.2310
57.8699,428.2297
57.8170,428.2263
58.2528,428.2307
57.4981,428.2313
57.6243,428.2301
57.4638,428.2276
58.4096,428.2299
58.4468,428.2263
57.4237,428.2328
57.6551,428.2326
57.3720,428.2182
57.5343,428.2319
57.3971,428.2294
58.0991,428.2303
57.9738,428.2287
58.9410,428.2337
60.2689,428.2271
57.8900,428.2252
57.2441,428.2272
57.4104,428.2251
58.6974,429.4174
