9706.5098
8110.1250
6855.1396
6365.2812
6382.6748
5919.7900
5628.0303
5811.8906
5647.6685
5692.2241
5910.2422
5422.8369
5365.4312
5830.5146
5749.7236
5594.5757
5460.2690
5804.0371
5612.9785
5450.0205
5591.1748
5523.1665
5480.5635
5672.2383
5795.8076
5656.4727
5540.0190
5396.1133
5837.5029
5325.6050
5492.9951
5484.3398
5463.1689
5628.7100
5509.8945
5526.7305
5458.1606
5515.8486
5659.2334
5609.0586
5263.9980
5468.7188
5464.6270
5381.7012
5499.0674
5770.1533
5687.7715
5621.4092
5616.0781
5672.5952
5433.4980
5574.7822
5590.9678
5591.1553
5591.0840
5591.2305
5591.0840
5591.0229
5590.9404
5591.0059
5590.8828
5590.9639
5591.0918
5591.0576
5591.0967
5591.1367
5590.9141
5590.9600
5591.0479
5591.1226
5590.9756
5591.0400
5590.9956
5591.1689
5591.2500
5591.0713
5591.1133
5591.1602
5590.9883
5591.0806
5591.0361
5591.0791
5591.1528
5591.1074
5591.0024
5591.0605
5590.9614
5590.9585
5591.1465
5591.2598
5591.3174
5591.0698
5590.9980
5590.9922
5591.0449
5591.0430
5591.1782
5591.0620
5590.9912
5590.9946
5591.1689
5591.0483
5590.9600
5574.6504
5591.1646
5591.1167
5591.1094
5591.1016
5591.2485
5591.1577
5591.2295
5591.0947
5591.1172
5590.9912
5591.0674
5591.0693
5591.0469
5590.9600
5590.9951
5591.0527
5591.0176
5591.2153
5591.2271
5591.1123
5591.0068
5591.1177
5591.1777
5591.0684
5591.0107
5591.0244
5591.1504
5591.0332
5591.1533
5591.0391
5591.1738
5591.2427
5591.0000
5591.0938
5591.1221
5591.1152
5591.2988
5591.1943
5591.1182
5591.2080
5591.2012
5591.0850
5591.1182
5591.1929
5591.0039
5591.0522
5591.0161
5590.7930
5590.9883
5591.1250
5590.9902
5574.7148
