1.1946,1.1909
0.6671,0.6660
0.6670,0.6659
0.6632,0.6660
0.3598,0.3601
0.2095,0.2095
0.2086,0.2087
0.3014,0.3018
0.1853,0.1854
0.3062,0.3067
0.1901,0.1902
0.2956,0.2962
0.2957,0.2962
0.2956,0.2962
0.1856,0.1858
0.2612,0.2614
0.2147,0.2149
0.2495,0.2498
0.1853,0.1854
0.2508,0.2513
0.1848,0.1851
0.2438,0.2443
0.2438,0.2442
0.2438,0.2444
0.1755,0.1756
0.2380,0.2386
0.1845,0.1847
0.2288,0.2293
0.1826,0.1830
0.2218,0.2222
0.1828,0.1831
0.2175,0.2179
0.2175,0.2180
0.2176,0.2181
0.1852,0.1857
0.2114,0.2119
0.1823,0.1827
0.2070,0.2073
0.1928,0.1933
0.2038,0.2042
0.1824,0.1827
0.2016,0.2020
0.2015,0.2022
0.2018,0.2023
0.1851,0.1856
0.1558,0.1562
0.1878,0.1884
0.1987,0.1994
0.1735,0.1741
0.1902,0.1909
0.1887,0.1891
0.1924,0.1930
0.1924,0.1928
0.1924,0.1931
0.1756,0.1761
0.1948,0.1952
0.1834,0.1842
0.1961,0.1968
0.1717,0.1725
0.1910,0.1916
0.1803,0.1808
0.1711,0.1714
0.1710,0.1716
0.1710,0.1716
0.1821,0.1826
0.1919,0.1924
0.1890,0.1897
0.1860,0.1867
0.1789,0.1793
0.1922,0.1930
0.1895,0.1902
0.1847,0.1853
0.1847,0.1851
0.1847,0.1855
0.1918,0.1924
0.1923,0.1929
0.1891,0.1898
0.1866,0.1871
0.1881,0.1887
0.1860,0.1866
0.1866,0.1872
0.1889,0.1895
0.1887,0.1892
0.1887,0.1893
0.1870,0.1875
0.1863,0.1869
0.1852,0.1858
0.1871,0.1877
0.1842,0.1850
0.1849,0.1856
0.1860,0.1864
0.1845,0.1853
0.1847,0.1852
0.1847,0.1854
0.1830,0.1836
0.1866,0.1872
0.1870,0.1876
0.1852,0.1856
0.1843,0.1849
0.1817,0.1824
0.1831,0.1836
0.1796,0.1801
0.1796,0.1802
0.1797,0.1802
0.1816,0.1822
0.1846,0.1852
0.1848,0.1856
0.1846,0.1854
0.1842,0.1849
0.1844,0.1850
0.1829,0.1835
0.1839,0.1843
0.1840,0.1844
0.1841,0.1846
0.1808,0.1813
0.1850,0.1856
0.1825,0.1832
0.1838,0.1844
0.1832,0.1838
0.1848,0.1854
0.1819,0.1823
0.1844,0.1852
0.1843,0.1850
0.1841,0.1849
0.1837,0.1844
0.1830,0.1834
0.1852,0.1859
0.1839,0.1844
0.1822,0.1828
0.1859,0.1866
0.1840,0.1847
0.1845,0.1853
0.1846,0.1855
0.1845,0.1854
0.1860,0.1864
0.1844,0.1849
0.1852,0.1859
0.1822,0.1828
0.1836,0.1841
0.1838,0.1843
0.1825,0.1831
0.1849,0.1855
0.1849,0.1856
0.1851,0.1857
0.1837,0.1844
0.1841,0.1848
0.1806,0.1812
0.1746,0.1752
0.1740,0.1744
0.1736,0.1743
0.1737,0.1743
0.1738,0.1743
0.1737,0.1741
0.1740,0.1744
0.1738,0.1742
0.1738,0.1745
0.1738,0.1743
0.1736,0.1744
0.1739,0.1742
0.1737,0.1744
0.1738,0.1744
0.1737,0.1743
0.1738,0.1743
0.1738,0.1743
0.1737,0.1745
0.1735,0.1743
0.1738,0.1744
0.1737,0.1742
0.1738,0.1744
0.1737,0.1740
0.1737,0.1743
0.1737,0.1742
0.1737,0.1744
0.1739,0.1744
0.1736,0.1742
0.1738,0.1745
0.1738,0.1742
0.1737,0.1742
0.1739,0.1744
0.1739,0.1742
0.1739,0.1745
0.1738,0.1741
0.1737,0.1742
0.1739,0.1745
0.1738,0.1743
0.1738,0.1744
0.1738,0.1744
0.1740,0.1743
0.1737,0.1743
0.1738,0.1743
0.1736,0.1743
0.1737,0.1741
0.1739,0.1745
0.1739,0.1741
0.1738,0.1743
0.1737,0.1742
0.1737,0.1742
0.1737,0.1743
0.1738,0.1744
0.1738,0.1743
0.1736,0.1741
0.1848,0.1852
