0.03377944231033325
0.03377944231033325
0.005003489088267088
0.005003489088267088
0.00020169313938822597
0.00020169313938822597
0.00018177909078076482
0.00018177909078076482
0.00012867097393609583
0.00012867097393609583
0.0001723529421724379
0.0001723529421724379
0.00014101117267273366
0.00014101117267273366
0.00015841850836295635
0.00015841850836295635
0.00013802865578327328
0.00013802865578327328
0.00016844255151227117
0.00016844255151227117
0.00014247451326809824
0.00014247451326809824
0.0001681496069068089
0.0001681496069068089
0.00014345681120175868
0.00014345681120175868
0.00017620556172914803
0.00017620556172914803
0.00014431409363169223
0.00014431409363169223
0.00018727629503700882
0.00018727629503700882
0.00014637704589404166
0.00014637704589404166
0.000182538919034414
0.000182538919034414
0.00014508061576634645
0.00014508061576634645
0.00019117211923003197
0.00019117211923003197
0.00014657439896836877
0.00014657439896836877
0.00019105956016574055
0.00019105956016574055
0.0001436867460142821
0.0001436867460142821
0.00019060701015405357
0.00019060701015405357
0.00014239408483263105
0.00014239408483263105
0.00018579520110506564
0.00018579520110506564
0.00013781277812086046
0.00013781277812086046
0.00018556466966401786
0.00018556466966401786
0.0001332874526269734
0.0001332874526269734
0.0001758313737809658
0.0001758313737809658
0.0001280831784242764
0.0001280831784242764
0.00016312832303810865
0.00016312832303810865
0.00012073163816239685
0.00012073163816239685
0.00014235165144782513
0.00014235165144782513
0.00011444819392636418
0.00011444819392636418
0.0001251279900316149
0.0001251279900316149
0.00010749824286904186
0.00010749824286904186
0.00010796591232065111
0.00010796591232065111
9.995501750381663e-05
9.995501750381663e-05
9.515445708530024e-05
9.515445708530024e-05
8.932370110414922e-05
8.932370110414922e-05
8.933381468523294e-05
8.933381468523294e-05
8.325644739670679e-05
8.325644739670679e-05
8.349495328729972e-05
8.349495328729972e-05
7.553849718533456e-05
7.553849718533456e-05
7.476934842998162e-05
7.476934842998162e-05
7.415574509650469e-05
7.415574509650469e-05
7.099395588738844e-05
7.099395588738844e-05
6.658980419160798e-05
6.658980419160798e-05
6.881451554363593e-05
6.881451554363593e-05
6.860230496386066e-05
6.860230496386066e-05
6.5236134105362e-05
6.5236134105362e-05
6.018992644385435e-05
6.018992644385435e-05
6.24583481112495e-05
6.24583481112495e-05
5.826472624903545e-05
5.826472624903545e-05
6.090030001359992e-05
6.090030001359992e-05
6.013839447405189e-05
6.013839447405189e-05
5.606799095403403e-05
5.606799095403403e-05
5.493080971064046e-05
5.493080971064046e-05
5.5061598686734214e-05
5.5061598686734214e-05
5.58549290872179e-05
5.58549290872179e-05
5.351280196919106e-05
5.351280196919106e-05
5.1927690947195515e-05
5.1927690947195515e-05
5.336947288014926e-05
5.336947288014926e-05
5.300328120938502e-05
5.300328120938502e-05
5.088237958261743e-05
5.088237958261743e-05
5.4456701036542654e-05
5.4456701036542654e-05
5.088040416012518e-05
5.088040416012518e-05
4.7022869694046676e-05
4.7022869694046676e-05
4.7820820327615365e-05
4.7820820327615365e-05
4.6981829655123875e-05
4.6981829655123875e-05
5.064236756879836e-05
5.064236756879836e-05
4.7272274969145656e-05
4.7272274969145656e-05
4.5950197090860456e-05
4.5950197090860456e-05
4.4513839384308085e-05
4.4513839384308085e-05
4.405047366162762e-05
4.405047366162762e-05
4.249637640896253e-05
4.249637640896253e-05
4.212447674944997e-05
4.212447674944997e-05
3.899221701431088e-05
3.899221701431088e-05
4.2118539568036795e-05
4.2118539568036795e-05
3.678586654132232e-05
3.678586654132232e-05
3.7690737372031435e-05
3.7690737372031435e-05
3.689972436404787e-05
3.689972436404787e-05
3.6541961890179664e-05
3.6541961890179664e-05
3.5983081033919007e-05
3.5983081033919007e-05
3.6987232306273654e-05
3.6987232306273654e-05
3.224996180506423e-05
3.224996180506423e-05
3.380478665349074e-05
3.380478665349074e-05
3.197121259290725e-05
3.197121259290725e-05
3.0856364901410416e-05
3.0856364901410416e-05
3.0284974855021574e-05
3.0284974855021574e-05
2.95562858809717e-05
2.95562858809717e-05
2.7664222216117196e-05
2.7664222216117196e-05
2.7260628485237248e-05
2.7260628485237248e-05
2.6326724764658138e-05
2.6326724764658138e-05
2.566796501923818e-05
2.566796501923818e-05
2.3560658519272693e-05
2.3560658519272693e-05
2.383562059549149e-05
2.383562059549149e-05
2.4294553440995514e-05
2.4294553440995514e-05
2.337559635634534e-05
2.337559635634534e-05
2.0302120901760645e-05
2.0302120901760645e-05
1.9381282982067205e-05
1.9381282982067205e-05
1.8500477381167002e-05
1.8500477381167002e-05
1.860901465988718e-05
1.860901465988718e-05
1.697571133263409e-05
1.697571133263409e-05
1.6716898244339973e-05
1.6716898244339973e-05
1.5074090697453357e-05
1.5074090697453357e-05
1.51516769619775e-05
1.51516769619775e-05
1.4938704225642141e-05
1.4938704225642141e-05
1.4193853530741762e-05
1.4193853530741762e-05
1.30057878777734e-05
1.30057878777734e-05
1.2300762136874255e-05
1.2300762136874255e-05
1.2232766493980307e-05
1.2232766493980307e-05
1.1132485269627068e-05
1.1132485269627068e-05
1.1797516890510451e-05
1.1797516890510451e-05
1.0097320227941964e-05
1.0097320227941964e-05
9.032318303070497e-06
9.032318303070497e-06
8.440892997896299e-06
8.440892997896299e-06
7.870728040870745e-06
7.870728040870745e-06
8.876072570274118e-06
8.876072570274118e-06
7.293793714779895e-06
7.293793714779895e-06
9.673953172750771e-06
9.673953172750771e-06
8.783231351117138e-06
8.783231351117138e-06
5.747252089349786e-06
5.747252089349786e-06
6.3879683693812694e-06
6.3879683693812694e-06
5.06501328345621e-06
5.06501328345621e-06
4.384372914501e-06
4.384372914501e-06
5.318887360772351e-06
5.318887360772351e-06
3.7971390156599227e-06
3.7971390156599227e-06
3.7651550428563496e-06
3.7651550428563496e-06
3.3585677101655165e-06
3.3585677101655165e-06
3.907859991159057e-06
3.907859991159057e-06
2.701332732613082e-06
2.701332732613082e-06
4.6872496568539646e-06
4.6872496568539646e-06
2.8011131689709146e-06
2.8011131689709146e-06
2.9771097160846693e-06
2.9771097160846693e-06
2.6225777673971606e-06
2.6225777673971606e-06
2.856090986824711e-06
2.856090986824711e-06
6.286548341449816e-06
6.286548341449816e-06
2.0188774669804843e-06
2.0188774669804843e-06
2.783619493129663e-06
2.783619493129663e-06
2.3918153146951227e-06
2.3918153146951227e-06
1.404266413373989e-06
1.404266413373989e-06
1.419672230440483e-06
1.419672230440483e-06
1.4300943576017744e-06
1.4300943576017744e-06
1.5539507103312644e-06
1.5539507103312644e-06
4.2894539546978194e-06
4.2894539546978194e-06
1.177821786768618e-06
1.177821786768618e-06
1.3441509736367152e-06
1.3441509736367152e-06
2.9097711831127526e-06
2.9097711831127526e-06
8.825991812955181e-07
8.825991812955181e-07
1.4166523669700837e-06
1.4166523669700837e-06
9.188881335830956e-07
9.188881335830956e-07
2.410244178463472e-06
2.410244178463472e-06
1.06237564523326e-06
1.06237564523326e-06
3.6269486827222863e-06
3.6269486827222863e-06
1.10129110453272e-06
1.10129110453272e-06
8.10182143595739e-07
8.10182143595739e-07
6.562304406543262e-07
6.562304406543262e-07
7.636051577719627e-07
7.636051577719627e-07
8.192957920982735e-07
8.192957920982735e-07
3.140874923701631e-06
3.140874923701631e-06
8.3848624399252e-07
8.3848624399252e-07
3.3506466934341006e-06
3.3506466934341006e-06
1.2765959809257765e-06
1.2765959809257765e-06
1.6283509012282593e-06
1.6283509012282593e-06
7.97256461737561e-07
7.97256461737561e-07
7.011482807683933e-07
7.011482807683933e-07
9.719711897560046e-07
9.719711897560046e-07
8.569673468628025e-07
8.569673468628025e-07
8.753968927521782e-07
8.753968927521782e-07
1.2798939224012429e-06
1.2798939224012429e-06
4.379064932891197e-07
4.379064932891197e-07
7.213917001536174e-07
7.213917001536174e-07
4.409809832850442e-07
4.409809832850442e-07
1.5081147921591764e-06
1.5081147921591764e-06
7.142352842492983e-07
7.142352842492983e-07
4.2731477378765703e-07
4.2731477378765703e-07
1.5708315004303586e-06
1.5708315004303586e-06
7.902438596829597e-07
7.902438596829597e-07
1.041936116052966e-06
1.041936116052966e-06
9.55412815528689e-07
9.55412815528689e-07
5.780779588349105e-07
5.780779588349105e-07
7.869936666793365e-07
7.869936666793365e-07
1.4032395938556874e-06
1.4032395938556874e-06
1.2955384818269522e-06
1.2955384818269522e-06
1.509741991867486e-06
1.509741991867486e-06
2.281459046571399e-06
2.281459046571399e-06
5.194173695599602e-07
5.194173695599602e-07
8.065490533226694e-07
8.065490533226694e-07
6.170022857077129e-07
6.170022857077129e-07
3.23955327985459e-06
3.23955327985459e-06
7.12987798578979e-07
7.12987798578979e-07
8.470993293485662e-07
8.470993293485662e-07
2.78989182334044e-06
2.78989182334044e-06
8.423654094258382e-07
8.423654094258382e-07
1.7023711507135886e-06
1.7023711507135886e-06
1.560425744173699e-06
1.560425744173699e-06
6.601279096685175e-07
6.601279096685175e-07
1.1924457794521004e-06
1.1924457794521004e-06
9.359392834085156e-07
9.359392834085156e-07
8.497603971591161e-07
8.497603971591161e-07
1.5818800420674961e-06
1.5818800420674961e-06
6.561131158377975e-07
6.561131158377975e-07
1.2529052355603199e-06
1.2529052355603199e-06
4.6791444674454397e-07
4.6791444674454397e-07
3.8082302467046247e-07
3.8082302467046247e-07
5.413670578491292e-07
5.413670578491292e-07
1.3827424254486687e-06
1.3827424254486687e-06
1.2120218570998986e-06
1.2120218570998986e-06
1.0896659432546585e-06
1.0896659432546585e-06
2.1307282622728962e-06
2.1307282622728962e-06
8.150452686095377e-07
8.150452686095377e-07
8.199587568924471e-07
8.199587568924471e-07
7.8798746017128e-07
7.8798746017128e-07
5.232107014307985e-07
5.232107014307985e-07
5.454264737636549e-07
5.454264737636549e-07
6.736394766448939e-07
6.736394766448939e-07
4.2775357655955304e-07
4.2775357655955304e-07
1.1004299267369788e-06
1.1004299267369788e-06
4.962074626746471e-07
4.962074626746471e-07
6.655465654148429e-07
6.655465654148429e-07
7.243772870424436e-07
7.243772870424436e-07
8.329853358191031e-07
8.329853358191031e-07
1.0528739267101628e-06
1.0528739267101628e-06
1.896573508020083e-06
1.896573508020083e-06
1.276452849197085e-06
1.276452849197085e-06
1.6722980262784404e-06
1.6722980262784404e-06
3.7076847547723446e-07
3.7076847547723446e-07
7.197970717243152e-07
7.197970717243152e-07
3.443468870045763e-07
3.443468870045763e-07
5.965042078059923e-07
5.965042078059923e-07
5.348784952730057e-07
5.348784952730057e-07
8.334532708431652e-07
8.334532708431652e-07
9.9068267900293e-07
9.9068267900293e-07
5.324308176568593e-07
5.324308176568593e-07
5.472650173032889e-07
5.472650173032889e-07
4.763307970279129e-07
4.763307970279129e-07
6.285059725996689e-07
6.285059725996689e-07
3.8574557947868016e-06
3.8574557947868016e-06
6.428800247704203e-07
6.428800247704203e-07
9.851227105173166e-07
9.851227105173166e-07
3.496491444821004e-06
3.496491444821004e-06
7.971636932779802e-07
7.971636932779802e-07
3.646712514182582e-07
3.646712514182582e-07
1.5694488411099883e-06
1.5694488411099883e-06
2.8681706680799834e-06
2.8681706680799834e-06
7.883732564550883e-07
7.883732564550883e-07
1.7845939055405324e-06
1.7845939055405324e-06
1.8430523596180137e-06
1.8430523596180137e-06
3.443468870045763e-07
3.443468870045763e-07
3.443468870045763e-07
3.443468870045763e-07
3.443468870045763e-07
3.443468870045763e-07
3.443468870045763e-07
3.443468870045763e-07
3.443468870045763e-07
3.443468870045763e-07
3.443468870045763e-07
3.443468870045763e-07
3.443468870045763e-07
3.443468870045763e-07
3.443468870045763e-07
3.443468870045763e-07
3.443468870045763e-07
3.443468870045763e-07
3.443468870045763e-07
3.443468870045763e-07
3.443468870045763e-07
3.443468870045763e-07
3.443468870045763e-07
3.443468870045763e-07
3.443468870045763e-07
3.443468870045763e-07
3.443468870045763e-07
3.443468870045763e-07
3.443468870045763e-07
3.443468870045763e-07
3.443468870045763e-07
3.443468870045763e-07
3.443468870045763e-07
3.443468870045763e-07
3.443468870045763e-07
3.443468870045763e-07
3.443468870045763e-07
3.443468870045763e-07
3.443468870045763e-07
3.443468870045763e-07
3.443468870045763e-07
3.443468870045763e-07
3.443468870045763e-07
3.443468870045763e-07
3.443468870045763e-07
3.443468870045763e-07
3.443468870045763e-07
3.443468870045763e-07
3.443468870045763e-07
3.443468870045763e-07
