0.22423894703388214
0.7533062100410461
0.033915430307388306
0.030665338039398193
0.029610931873321533
0.03152364492416382
0.03346113860607147
0.03215444087982178
0.03164646029472351
0.03022770583629608
0.03162303566932678
0.030252963304519653
0.0317021906375885
0.030517861247062683
0.031462401151657104
0.029940113425254822
0.03172273933887482
0.029501020908355713
0.031117573380470276
0.02983739972114563
0.03252875804901123
0.030004113912582397
0.03208604454994202
0.029162585735321045
0.03328476846218109
0.029192477464675903
0.032788872718811035
0.030185669660568237
0.032552868127822876
0.028704151511192322
0.03330020606517792
0.029271379113197327
0.033716604113578796
0.02933409810066223
0.03291364014148712
0.030585840344429016
0.031068608164787292
0.03180801868438721
0.03209495544433594
0.030076608061790466
0.030087783932685852
0.02959442138671875
0.031166598200798035
0.028962254524230957
0.0281648188829422
0.03043590486049652
0.031678706407547
0.03034570813179016
0.02959442138671875
0.031207039952278137
0.032429516315460205
0.03122149407863617
0.02923598885536194
0.0306340754032135
0.030611366033554077
0.03060568869113922
0.02791537344455719
0.029879003763198853
0.02853851020336151
0.029276832938194275
0.030124112963676453
0.029421567916870117
0.02708326280117035
0.028559833765029907
0.02744254469871521
0.02760547399520874
0.02971017360687256
0.026161417365074158
0.025241687893867493
0.02743738889694214
0.02673529088497162
0.029151737689971924
0.025990352034568787
0.025416404008865356
0.023505941033363342
0.027829140424728394
0.02376735210418701
0.024684563279151917
0.02329680323600769
0.024617910385131836
0.02307748794555664
0.02386265993118286
0.02444000542163849
0.021984919905662537
0.02306610345840454
0.02364218235015869
0.02241174876689911
0.020939037203788757
0.020786821842193604
0.019281283020973206
0.020245179533958435
0.01986333727836609
0.017629876732826233
0.018093377351760864
0.018526211380958557
0.015632107853889465
0.014272540807723999
0.015626490116119385
0.016473710536956787
0.014406636357307434
0.013885453343391418
0.014546632766723633
0.01289936900138855
0.015742674469947815
0.015690162777900696
0.012717217206954956
0.012246817350387573
0.01108597218990326
0.012887954711914062
0.010551095008850098
0.011718124151229858
0.010227322578430176
0.011616230010986328
0.010471388697624207
0.011497542262077332
0.009793147444725037
0.009080752730369568
0.00887751579284668
0.007662266492843628
0.008554071187973022
0.008284375071525574
0.008461982011795044
0.0079403817653656
0.006622388958930969
0.008067458868026733
0.006729200482368469
0.006157130002975464
0.008079305291175842
0.007953956723213196
0.006972283124923706
0.00500720739364624
0.004894137382507324
0.005158573389053345
0.0069569796323776245
0.006186053156852722
0.004610374569892883
0.006294280290603638
0.004168510437011719
0.004558920860290527
0.005201026797294617
0.005819946527481079
0.0038151443004608154
0.00530126690864563
0.003876924514770508
0.005146875977516174
0.004532560706138611
0.003100082278251648
0.0038407891988754272
0.0033983439207077026
0.003275245428085327
0.004146605730056763
0.0035309791564941406
0.0031550079584121704
0.0041689276695251465
0.0031944215297698975
0.002971664071083069
0.003935307264328003
0.005609184503555298
0.002845272421836853
0.0027326345443725586
0.002727493643760681
0.002414405345916748
0.0027823597192764282
0.0029993653297424316
0.0020316392183303833
0.0028866082429885864
0.002163916826248169
0.0025122463703155518
0.002004772424697876
0.0030184537172317505
0.002333909273147583
0.002437993884086609
0.002310022711753845
0.003030151128768921
0.0024924278259277344
0.0026457756757736206
0.002690553665161133
0.0026228129863739014
0.002049773931503296
0.0018283277750015259
0.0024237483739852905
0.002727210521697998
0.0020841211080551147
0.00294630229473114
0.0015662014484405518
0.00294455885887146
0.0013507455587387085
0.003003433346748352
0.0017766207456588745
0.002579927444458008
0.0027081668376922607
0.0030917972326278687
0.002936720848083496
0.001982584595680237
0.002397313714027405
0.0033458173274993896
0.0014689117670059204
0.002610906958580017
0.0016091912984848022
0.0034290701150894165
0.0024022161960601807
0.0034333914518356323
0.002518579363822937
0.002764567732810974
0.003076300024986267
0.002273872494697571
0.0015084892511367798
0.0023105889558792114
0.0018985867500305176
0.0027418136596679688
0.0018667131662368774
0.0024829208850860596
0.0015523582696914673
0.002014443278312683
0.001756131649017334
0.0028284192085266113
0.0015110671520233154
0.0025774240493774414
0.0014408379793167114
0.0020883530378341675
0.002029508352279663
0.0017765462398529053
0.001669958233833313
0.00240519642829895
0.0017229318618774414
0.0023495107889175415
0.0015645623207092285
0.0032060444355010986
0.0023125112056732178
0.0017199069261550903
0.002673894166946411
0.0025970786809921265
0.0018033236265182495
0.0014191418886184692
0.0018029958009719849
0.002551048994064331
0.0024001896381378174
0.0024618953466415405
0.0026330500841140747
0.0033868402242660522
0.0019026249647140503
0.0015693902969360352
0.002168431878089905
0.001655682921409607
0.0017452090978622437
0.002061590552330017
0.002447187900543213
0.0016953498125076294
0.0028804242610931396
0.00228862464427948
0.0017229318618774414
0.0017229318618774414
0.0017229318618774414
0.0017229318618774414
0.0017229318618774414
0.0017229318618774414
0.0017229318618774414
0.0017229318618774414
0.0017229318618774414
0.0017229318618774414
0.0017229318618774414
0.0017229318618774414
0.0017229318618774414
0.0017229318618774414
0.0017229318618774414
0.0017229318618774414
0.0017229318618774414
