5.075673580169678
1.8747602701187134
0.19914156198501587
0.08914732187986374
0.08078116923570633
0.08498457819223404
0.09445714205503464
0.09571712464094162
0.09796015173196793
0.09233959019184113
0.09491295367479324
0.09248751401901245
0.09667611122131348
0.0927458107471466
0.09716091305017471
0.09226331859827042
0.09496240317821503
0.09316012263298035
0.09562481939792633
0.09117577224969864
0.09496210515499115
0.0946073830127716
0.09603802859783173
0.0926755964756012
0.0941585823893547
0.09591919183731079
0.09437844902276993
0.09396927803754807
0.09581524133682251
0.09328482300043106
0.0909779742360115
0.09508693963289261
0.09149482846260071
0.0967298224568367
0.09036433696746826
0.09365539252758026
0.09042347967624664
0.08802415430545807
0.09277205169200897
0.08918239176273346
0.08719607442617416
0.08480160683393478
0.08702202141284943
0.09071436524391174
0.0840417817234993
0.08171121031045914
0.089442178606987
0.08855776488780975
0.0860636830329895
0.0823979526758194
0.08712191134691238
0.09016041457653046
0.08385249227285385
0.07859756797552109
0.08167626708745956
0.08366820216178894
0.08093155175447464
0.07543585449457169
0.07800585776567459
0.07472287863492966
0.07417525351047516
0.0760643258690834
0.07524847984313965
0.0694458857178688
0.07497754693031311
0.07288527488708496
0.07203162461519241
0.07735016942024231
0.0677158311009407
0.0644817054271698
0.06978411972522736
0.06871320307254791
0.0761832520365715
0.06809926778078079
0.06559336930513382
0.06262411177158356
0.07405944168567657
0.060825787484645844
0.06361205130815506
0.06055488437414169
0.06507571041584015
0.06047126278281212
0.06395889818668365
0.06320615857839584
0.05826638638973236
0.06042488291859627
0.06312305480241776
0.05982014164328575
0.05803031846880913
0.0556555911898613
0.054013174027204514
0.0574176162481308
0.05546119064092636
0.04920608177781105
0.051800087094306946
0.053762052208185196
0.04953484609723091
0.04631674289703369
0.04993397742509842
0.05271347984671593
0.04628312215209007
0.04313741624355316
0.0461626797914505
0.038867220282554626
0.048049841076135635
0.045732706785202026
0.04056931659579277
0.03791889548301697
0.0363241508603096
0.04354671388864517
0.0361231192946434
0.0373915433883667
0.03155677393078804
0.03740094602108002
0.03274737298488617
0.03818793594837189
0.03044573776423931
0.027352431789040565
0.03173264116048813
0.02481471188366413
0.027009114623069763
0.024133937433362007
0.026888951659202576
0.024549812078475952
0.02042822726070881
0.025546101853251457
0.018341774120926857
0.01929391361773014
0.02425949089229107
0.02301347441971302
0.018762603402137756
0.016148407012224197
0.014429211616516113
0.013921549543738365
0.021339209750294685
0.015830038115382195
0.013148489408195019
0.018862713128328323
0.012224104255437851
0.012751447036862373
0.01287645474076271
0.01635240763425827
0.010937540791928768
0.013488183729350567
0.009457480162382126
0.01385551318526268
0.012781331315636635
0.009253916330635548
0.009405240416526794
0.008783997967839241
0.008355492725968361
0.01043794397264719
0.008997256867587566
0.007983967661857605
0.013905355706810951
0.007360170595347881
0.010622022673487663
0.01190227922052145
0.0222525205463171
0.008851290680468082
0.006466486491262913
0.007043046411126852
0.0079337228089571
0.008583399467170238
0.008520910516381264
0.00564544927328825
0.009472647681832314
0.0055261533707380295
0.007150332443416119
0.004458490759134293
0.005058554001152515
0.0059710112400352955
0.007105219177901745
0.009802754037082195
0.005496047902852297
0.006464018486440182
0.004741675686091185
0.01028364896774292
0.0037256118375808
0.006406425032764673
0.006039045285433531
0.004329425748437643
0.008169610984623432
0.00391124514862895
0.008861280046403408
0.005045504774898291
0.011046568863093853
0.0038813326973468065
0.008422860875725746
0.002753244945779443
0.007847650907933712
0.0110386423766613
0.003959691617637873
0.010631253011524677
0.004371551796793938
0.006659321486949921
0.005697823595255613
0.00464441254734993
0.003589531173929572
0.0026638777926564217
0.010009617544710636
0.004351308103650808
0.017401261255145073
0.011450554244220257
0.003161272732540965
0.010018075816333294
0.003575593465939164
0.004827848635613918
0.006381396669894457
0.008845800533890724
0.006102453451603651
0.005003814585506916
0.009230292402207851
0.0026925387792289257
0.009710670448839664
0.004152211360633373
0.005727373994886875
0.005144175142049789
0.004467338789254427
0.0052609615959227085
0.008581824600696564
0.00948549248278141
0.00525080319494009
0.006511078216135502
0.0030970422085374594
0.002607631729915738
0.008460641838610172
0.0038411926943808794
0.009566343389451504
0.006763237062841654
0.004967396147549152
0.011666337959468365
0.0035984173882752657
0.0063182031735777855
0.004165089223533869
0.004590294323861599
0.005034542176872492
0.01094757579267025
0.003469841554760933
0.0058069126680493355
0.011391798965632915
0.006044462323188782
0.005946438759565353
0.0032300695311278105
0.004910755902528763
0.003956212196499109
0.007127051241695881
0.011345458216965199
0.004460787866264582
0.00879091676324606
0.006728015374392271
0.002607631729915738
0.002607631729915738
0.002607631729915738
0.002607631729915738
0.002607631729915738
0.002607631729915738
0.002607631729915738
0.002607631729915738
0.002607631729915738
0.002607631729915738
0.002607631729915738
0.002607631729915738
0.002607631729915738
0.002607631729915738
0.002607631729915738
0.002607631729915738
0.002607631729915738
