0.1154651865363121
0.048580773174762726
0.004890373442322016
0.0026088932063430548
0.00282290973700583
0.002116593299433589
0.0025846976786851883
0.0021989033557474613
0.0024938767310231924
0.0021164335776120424
0.0025410621892660856
0.0020850347355008125
0.0025816631969064474
0.0020947912707924843
0.0025366353802382946
0.002097169402986765
0.0024996628053486347
0.002089399378746748
0.002591004827991128
0.0021533595863729715
0.0025564697571098804
0.0021173341665416956
0.002606051741167903
0.0021967629436403513
0.0026275101117789745
0.0021600525360554457
0.0026569166220724583
0.0022228790912777185
0.002639014972373843
0.0022513431031256914
0.002574605168774724
0.0022184557747095823
0.002543915994465351
0.0021523036994040012
0.002455573994666338
0.002152970526367426
0.0022968952544033527
0.002099607139825821
0.002097280928865075
0.001963764661923051
0.0019898004829883575
0.001998556312173605
0.0018654087325558066
0.0017328389221802354
0.001891927677206695
0.0018366280710324645
0.0016394458943977952
0.001624960103072226
0.00156077288556844
0.0015266783302649856
0.0014282766496762633
0.0013464180519804358
0.0013532262528315187
0.0013566106790676713
0.0012695173500105739
0.0011753961443901062
0.0011656221468001604
0.0011307738022878766
0.0010839503956958652
0.0010365991620346904
0.0010601836256682873
0.0009489918011240661
0.0009312984184361994
0.0009587255772203207
0.000869045325089246
0.000865170790348202
0.000890915107447654
0.0008136050309985876
0.0008825797704048455
0.0010493813315406442
0.0008321157074533403
0.0008022556430660188
0.0008429873851127923
0.0007810303359292448
0.0008452595793642104
0.0008059078245423734
0.0008481757831759751
0.0009318310767412186
0.0007725379546172917
0.000771657912991941
0.0007213247590698302
0.0007544049876742065
0.0007258246187120676
0.0006797087844461203
0.000781470094807446
0.0006676067132502794
0.0007352812099270523
0.000673757866024971
0.0006808826583437622
0.0006602273206226528
0.0006770682521164417
0.0006218407652340829
0.0006151654524728656
0.0008193381945602596
0.0006105811917223036
0.0005842114915139973
0.0006271876627579331
0.0006343339919112623
0.000583612360060215
0.0005739960470236838
0.0005580063443630934
0.0005371596780605614
0.0005549878696911037
0.0005704997456632555
0.0005673266714438796
0.00045167567441239953
0.0005092545761726797
0.0005448599113151431
0.0004908175906166434
0.0004956974880769849
0.0004528492863755673
0.00040775444358587265
0.0004483258235268295
0.0003776733356062323
0.00039285290404222906
0.0004545279371086508
0.0004048941773362458
0.00039444409776479006
0.0003597178147174418
0.00045980370487086475
0.0003556840820237994
0.00032757336157374084
0.0002975815150421113
0.0003445950278546661
0.0003445410111453384
0.0002490158367436379
0.00029662883025594056
0.0004284477618057281
0.00031174244941212237
0.0004274950479157269
0.0002675367286428809
0.00041954053449444473
0.0003306323487777263
0.0002369652211200446
0.0004334089462645352
0.0002257424930576235
0.0002686264633666724
0.00027223507640883327
0.00036842015106230974
0.000376762414816767
0.0001908468984765932
0.00023587145551573485
0.0002653556875884533
0.00018647333490662277
0.0001851611741585657
0.0003856905968859792
0.00017267528164666146
0.0002421754179522395
0.000179292619577609
0.00023066415451467037
0.00019362327293492854
0.0002118238335242495
0.00016909065016079694
0.00017987500177696347
0.00044713285751640797
0.00013972165470477194
0.00031283649150282145
0.00019371543021406978
0.0006235123728401959
0.0002536589454393834
0.00014424568507820368
0.0001305282930843532
0.00012980966130271554
0.00023802189389243722
0.00022547546541318297
0.00017241394380107522
0.00023504204000346363
0.0001377450826112181
0.00013986976409796625
0.00013452906569000334
0.0001777113793650642
0.00016846608195919544
0.00017942082195077091
0.00013102678349241614
0.00017107833991758525
0.00016867788508534431
0.0001587096048751846
0.0003330667968839407
0.00012782168050762266
0.00016831188986543566
0.00021023227600380778
0.00014487809676211327
0.0001586557918926701
0.00010603973350953311
0.00019523543596733361
0.00020583599689416587
0.00024211796699091792
0.0001237441465491429
0.00018885309691540897
0.00010465118248248473
0.00020418358326423913
0.0005220112507231534
0.00018403098511043936
0.0003207554400432855
0.0001652977371122688
0.0001625021977815777
0.0002255553990835324
0.00011381962394807488
0.00012874184176325798
9.992994455387816e-05
0.0003525285283103585
0.00014408378046937287
0.0003777311067096889
0.00018026701582130045
0.000129471329273656
0.00035309468512423337
0.0001314903056481853
0.00016092484293039888
0.0001362827606499195
0.00025176629424095154
0.00014402261876966804
0.0001232982031069696
0.00021395631483756006
0.00010117341298609972
0.00022275499941315502
0.00013144908007234335
0.00014214252587407827
0.00017015179037116468
0.0001547871361253783
0.0001299022842431441
0.00014504090358968824
0.00019361295562703162
0.0002788667334243655
0.00015858739789109677
0.0001139776359195821
0.00010024700895883143
0.00041191448690369725
0.00013236657832749188
0.000218064829823561
0.00021858626860193908
0.00023605827300343663
0.00028085196390748024
0.00012335929204709828
0.0001524353720014915
0.00021243334049358964
0.00010488295811228454
0.00016328715719282627
0.0001516828197054565
0.00012970871466677636
0.00021399479010142386
0.00030549310031346977
0.00011334819282637909
0.0002323388762306422
0.00012690179573837668
0.00020103479619137943
9.802099521039054e-05
0.00022446439834311604
0.00031583698000758886
0.00018959531735163182
0.00031316341483034194
0.00011482447007438168
0.00010024700895883143
0.00010024700895883143
0.00010024700895883143
0.00010024700895883143
0.00010024700895883143
0.00010024700895883143
0.00010024700895883143
0.00010024700895883143
0.00010024700895883143
0.00010024700895883143
0.00010024700895883143
0.00010024700895883143
0.00010024700895883143
0.00010024700895883143
0.00010024700895883143
0.00010024700895883143
0.00010024700895883143
