0.5503975749015808
0.3188402056694031
0.1796022355556488
0.1567867547273636
0.1901479959487915
0.17462581396102905
0.18997618556022644
0.1803406924009323
0.19064317643642426
0.17884162068367004
0.19411049783229828
0.18098366260528564
0.19538475573062897
0.18284672498703003
0.19822236895561218
0.18478818237781525
0.20200659334659576
0.1861734241247177
0.20316168665885925
0.18838590383529663
0.2064969837665558
0.18917903304100037
0.20826955139636993
0.19123564660549164
0.21052101254463196
0.1918276697397232
0.21142655611038208
0.1931847780942917
0.21280568838119507
0.19391803443431854
0.21366553008556366
0.19371752440929413
0.21234481036663055
0.1924755573272705
0.20945309102535248
0.19168619811534882
0.20739027857780457
0.18929453194141388
0.2021237462759018
0.18910159170627594
0.1988678127527237
0.1899324357509613
0.1954755038022995
0.18780384957790375
0.20032328367233276
0.19222404062747955
0.19700458645820618
0.19301080703735352
0.19759494066238403
0.19402649998664856
0.19854533672332764
0.19324184954166412
0.2021968811750412
0.19555063545703888
0.2000427544116974
0.19633300602436066
0.20314611494541168
0.19478608667850494
0.20277675986289978
0.19864815473556519
0.20458340644836426
0.19918271899223328
0.20678214728832245
0.20188488066196442
0.20783749222755432
0.2002028375864029
0.2096514105796814
0.2009136974811554
0.20685306191444397
0.20265378057956696
0.21228043735027313
0.20486102998256683
0.21114268898963928
0.2035718709230423
0.2144281268119812
0.2081059217453003
0.21298176050186157
0.2072524130344391
0.21307939291000366
0.20751655101776123
0.21778643131256104
0.20899786055088043
0.21870337426662445
0.20924140512943268
0.22069822251796722
0.21176570653915405
0.2209753394126892
0.21318714320659637
0.21875549852848053
0.2149864286184311
0.22223083674907684
0.21520167589187622
0.22421398758888245
0.217217355966568
0.2280038446187973
0.2214655578136444
0.23258721828460693
0.21897441148757935
0.23407070338726044
0.22233150899410248
0.2298632562160492
0.2242584079504013
0.2312421202659607
0.22596706449985504
0.23290637135505676
0.22588972747325897
0.2316589057445526
0.2260150909423828
0.23345032334327698
0.22549991309642792
0.23417560756206512
0.22796744108200073
0.2315666228532791
0.22786900401115417
0.2333322912454605
0.2257997691631317
0.23368144035339355
0.22819380462169647
0.23550178110599518
0.2305096983909607
0.2400422841310501
0.22857104241847992
0.23256196081638336
0.22699803113937378
0.2370900958776474
0.23007753491401672
0.23583200573921204
0.2344783991575241
0.23796099424362183
0.2327193021774292
0.23482057452201843
0.2306167185306549
0.23580579459667206
0.22828881442546844
0.23277521133422852
0.2271665781736374
0.23671869933605194
0.2311922162771225
0.23572343587875366
0.23396621644496918
0.2366245985031128
0.23143237829208374
0.237055242061615
0.23212353885173798
0.23641537129878998
0.2315305769443512
0.2385905534029007
0.23166799545288086
0.23689031600952148
0.2345486581325531
0.23453037440776825
0.23245956003665924
0.238451287150383
0.23491695523262024
0.23738880455493927
0.2358095496892929
0.24227899312973022
0.23528634011745453
0.24018077552318573
0.2346356064081192
0.2409433126449585
0.23486198484897614
0.2416926622390747
0.23618662357330322
0.24098238348960876
0.2368370145559311
0.24424728751182556
0.23930412530899048
0.24646955728530884
0.24010352790355682
0.24514193832874298
0.23948881030082703
0.24444112181663513
0.2391073852777481
0.2440498173236847
0.23929931223392487
0.24614252150058746
0.24043287336826324
0.24472346901893616
0.2408258467912674
0.24741265177726746
0.24638423323631287
0.250766783952713
0.24533574283123016
0.25106537342071533
0.2455279678106308
0.25012996792793274
0.24745987355709076
0.2552042305469513
0.24742746353149414
0.2570795714855194
0.2478959560394287
0.25216051936149597
0.2505081593990326
0.25529175996780396
0.24794471263885498
0.2537561357021332
0.25453981757164
0.25996270775794983
0.25413429737091064
0.25756311416625977
0.2548150420188904
0.2599579095840454
0.256025493144989
0.2577518820762634
0.251120001077652
0.25769877433776855
0.25130340456962585
0.26088979840278625
0.2541898488998413
0.2648731470108032
0.2563015818595886
0.27032914757728577
0.25972244143486023
0.2679407596588135
0.26147085428237915
0.265401691198349
0.25952693819999695
0.2628675103187561
0.2583407163619995
0.2651364803314209
0.2611619532108307
0.2685977816581726
0.2618366777896881
0.2670714557170868
0.2642163634300232
0.27037784457206726
0.2603223919868469
0.26740550994873047
0.26321175694465637
0.2669561207294464
0.26270028948783875
0.2665768563747406
0.262015700340271
0.2658575475215912
0.26470261812210083
0.2652944326400757
0.2611328363418579
0.2629704475402832
0.2601622939109802
0.26018744707107544
0.25987595319747925
0.268931120634079
0.26072701811790466
0.2694074511528015
0.26079192757606506
0.267594575881958
0.2632743716239929
0.266601026058197
0.26241305470466614
0.2672281265258789
0.2533598840236664
0.2647134065628052
0.26776525378227234
0.26590442657470703
0.2623334228992462
0.2609948515892029
0.25983545184135437
0.2607770562171936
0.2608039081096649
0.26019203662872314
0.26058638095855713
0.26067379117012024
0.2603455185890198
0.2607382535934448
0.26034727692604065
0.2598947584629059
0.26081448793411255
0.26129254698753357
0.25948119163513184
0.26114749908447266
0.26208359003067017
0.2614404261112213
0.2610241770744324
0.26321861147880554
0.2609831988811493
