0.5498767495155334
0.3187267482280731
0.14999723434448242
0.15901252627372742
0.15610018372535706
0.16278548538684845
0.1545623391866684
0.16165566444396973
0.1547800600528717
0.16203762590885162
0.15427401661872864
0.16238082945346832
0.1536490023136139
0.16250602900981903
0.15376946330070496
0.16237890720367432
0.15396617352962494
0.16176380217075348
0.1528063863515854
0.16178759932518005
0.15291865170001984
0.1608904004096985
0.15215568244457245
0.16094206273555756
0.15173575282096863
0.16007469594478607
0.15114018321037292
0.15990497171878815
0.15096068382263184
0.15943609178066254
0.15175731480121613
0.15901672840118408
0.15180765092372894
0.158330038189888
0.15271495282649994
0.15917463600635529
0.15496906638145447
0.1602270007133484
0.156804159283638
0.1614362746477127
0.16025568544864655
0.1649283766746521
0.16283784806728363
0.16437697410583496
0.1665821224451065
0.16785253584384918
0.1645245999097824
0.16830205917358398
0.16672199964523315
0.1681172251701355
0.16641202569007874
0.16731058061122894
0.16804340481758118
0.16926398873329163
0.1693028062582016
0.16856233775615692
0.17019467055797577
0.16993021965026855
0.17008569836616516
0.17173224687576294
0.17138943076133728
0.17207185924053192
0.17157718539237976
0.1722426861524582
0.17142078280448914
0.17232321202754974
0.17100010812282562
0.17195041477680206
0.17171575129032135
0.17436617612838745
0.17281584441661835
0.17272162437438965
0.17088639736175537
0.17231614887714386
0.173193097114563
0.17295637726783752
0.1708187311887741
0.17485208809375763
0.17199937999248505
0.17267189919948578
0.17335347831249237
0.172139972448349
0.1718076914548874
0.17292499542236328
0.17386816442012787
0.17295758426189423
0.17130421102046967
0.17244406044483185
0.17194055020809174
0.17320512235164642
0.1722964346408844
0.17301879823207855
0.17284318804740906
0.17476440966129303
0.17254309356212616
0.17254209518432617
0.17314989864826202
0.17329338192939758
0.17335614562034607
0.17233149707317352
0.17262627184391022
0.17316430807113647
0.17166653275489807
0.17235735058784485
0.17141231894493103
0.1724645346403122
0.1717345118522644
0.1740274727344513
0.17261147499084473
0.1721561998128891
0.17235326766967773
0.17285595834255219
0.17197835445404053
0.1733752340078354
0.17242848873138428
0.17194333672523499
0.17299231886863708
0.1724250316619873
0.17278234660625458
0.17356380820274353
0.1717221438884735
0.17250946164131165
0.17275626957416534
0.17358389496803284
0.1724836230278015
0.17292824387550354
0.17235827445983887
0.17388994991779327
0.17154909670352936
0.17139233648777008
0.1717553585767746
0.17357583343982697
0.172397643327713
0.1722264587879181
0.17094826698303223
0.1722584217786789
0.17258687317371368
0.17196902632713318
0.17286056280136108
0.1732698678970337
0.17213070392608643
0.17209754884243011
0.1712450534105301
0.1722208857536316
0.17184391617774963
0.17127028107643127
0.17170193791389465
0.1729029268026352
0.17130587995052338
0.1729404777288437
0.17164136469364166
0.17160218954086304
0.17150330543518066
0.1716858595609665
0.16996106505393982
0.17196056246757507
0.17217811942100525
0.17199638485908508
0.16968387365341187
0.1731361299753189
0.17162038385868073
0.1717269867658615
0.17145980894565582
0.17097683250904083
0.17070144414901733
0.172304168343544
0.1707858145236969
0.17144684493541718
0.1711476892232895
0.17145536839962006
0.1705712527036667
0.1711978018283844
0.17101122438907623
0.17193685472011566
0.17044943571090698
0.1710149198770523
0.1707034856081009
0.17072977125644684
0.17079637944698334
0.17139869928359985
0.17142868041992188
0.17083640396595
0.17054755985736847
0.17107048630714417
0.17025843262672424
0.17167076468467712
0.17025165259838104
0.17160774767398834
0.17014442384243011
0.17115765810012817
0.1703122854232788
0.17256581783294678
0.1698295623064041
0.16999824345111847
0.17079468071460724
0.17047490179538727
0.16953018307685852
0.17115285992622375
0.17022071778774261
0.17098909616470337
0.16937609016895294
0.17030639946460724
0.16937480866909027
0.17021727561950684
0.1698787808418274
0.16979002952575684
0.1702130287885666
0.1714407503604889
0.17015469074249268
0.17119596898555756
0.16974703967571259
0.17053437232971191
0.16989006102085114
0.17077690362930298
0.17039594054222107
0.17053742706775665
0.16951487958431244
0.17106187343597412
0.16974180936813354
0.17076456546783447
0.17008452117443085
0.17091728746891022
0.17085810005664825
0.17080608010292053
0.16972628235816956
0.17032451927661896
0.17126572132110596
0.17040546238422394
0.16903920471668243
0.16967561841011047
0.17017178237438202
0.16935865581035614
0.16937394440174103
0.17012536525726318
0.17041759192943573
0.17004837095737457
0.16947458684444427
0.17048558592796326
0.16939811408519745
0.1692688763141632
0.16853302717208862
0.16984643042087555
0.17005041241645813
0.1695987433195114
0.1699460744857788
0.1699119359254837
0.16969867050647736
0.17053702473640442
0.16977830231189728
0.1688559353351593
0.16930709779262543
0.17032451927661896
0.17032451927661896
0.17032451927661896
0.17032451927661896
0.17032451927661896
0.17032451927661896
0.17032451927661896
0.17032451927661896
0.17032451927661896
0.17032451927661896
0.17032451927661896
0.17032451927661896
0.17032451927661896
0.17032451927661896
0.17032451927661896
0.17032451927661896
0.17032451927661896
