-0.025127828121185303
-0.006796061992645264
-0.0016453266143798828
-0.0011637210845947266
-0.00185471773147583
-0.001438736915588379
-0.0017871260643005371
-0.0015358924865722656
-0.0017780065536499023
-0.0014941692352294922
-0.0018596053123474121
-0.001532912254333496
-0.001886606216430664
-0.0015684962272644043
-0.001959383487701416
-0.0016106367111206055
-0.002067387104034424
-0.0016453862190246582
-0.0021129250526428223
-0.0017035603523254395
-0.00222700834274292
-0.0017300248146057129
-0.0023032426834106445
-0.0017879605293273926
-0.0023990869522094727
-0.001814424991607666
-0.0024576783180236816
-0.0018622875213623047
-0.0025395750999450684
-0.0018969178199768066
-0.002600550651550293
-0.0019085407257080078
-0.0025881528854370117
-0.0018951892852783203
-0.0025163888931274414
-0.0018919110298156738
-0.002464473247528076
-0.0018532276153564453
-0.0023226141929626465
-0.0018796920776367188
-0.0022516250610351562
-0.001943826675415039
-0.0021918416023254395
-0.0019410252571105957
-0.0024034976959228516
-0.0021244287490844727
-0.002359449863433838
-0.002193152904510498
-0.0024170875549316406
-0.0022594332695007324
-0.0025057196617126465
-0.002282083034515381
-0.0027002692222595215
-0.0024018287658691406
-0.0026649832725524902
-0.002469658851623535
-0.00280839204788208
-0.0024544596672058105
-0.0028304457664489746
-0.0026096105575561523
-0.0029622316360473633
-0.002680361270904541
-0.0031659603118896484
-0.002854466438293457
-0.0032715201377868652
-0.002878129482269287
-0.003399372100830078
-0.00292360782623291
-0.0033372044563293457
-0.003041982650756836
-0.0036677122116088867
-0.0032347440719604492
-0.003732144832611084
-0.0032178759574890137
-0.003861844539642334
-0.0034224390983581543
-0.0038635730743408203
-0.003482222557067871
-0.003921568393707275
-0.0035545825958251953
-0.00424039363861084
-0.003673732280731201
-0.004291415214538574
-0.003749847412109375
-0.004435896873474121
-0.0038986802101135254
-0.004461944103240967
-0.003984808921813965
-0.004352569580078125
-0.0040885210037231445
-0.004508852958679199
-0.0041443705558776855
-0.004562020301818848
-0.004224300384521484
-0.0046173930168151855
-0.0043555498123168945
-0.004607975482940674
-0.004185378551483154
-0.004371762275695801
-0.00412064790725708
-0.004055500030517578
-0.004126906394958496
-0.004201769828796387
-0.004097342491149902
-0.004041850566864014
-0.003979027271270752
-0.0039095282554626465
-0.003932058811187744
-0.003960371017456055
-0.0038357973098754883
-0.0038160085678100586
-0.0038408637046813965
-0.004000365734100342
-0.003968596458435059
-0.003928840160369873
-0.0038118362426757812
-0.003665626049041748
-0.0036484599113464355
-0.0034385323524475098
-0.003631591796875
-0.0034290552139282227
-0.0035300850868225098
-0.0036920905113220215
-0.003663957118988037
-0.0035805106163024902
-0.0034607648849487305
-0.0029674172401428223
-0.0030728578567504883
-0.0030161142349243164
-0.0030140280723571777
-0.0035910606384277344
-0.003629624843597412
-0.003775298595428467
-0.0037682056427001953
-0.0037389397621154785
-0.0037934184074401855
-0.0037788748741149902
-0.0037340521812438965
-0.0038316845893859863
-0.003853738307952881
-0.0037773847579956055
-0.003736436367034912
-0.0037520527839660645
-0.0036936402320861816
-0.0035319924354553223
-0.0035089850425720215
-0.0032849907875061035
-0.003147721290588379
-0.003346681594848633
-0.0032467246055603027
-0.0033360719680786133
-0.003464996814727783
-0.003417074680328369
-0.00343400239944458
-0.0032905936241149902
-0.0032479166984558105
-0.00314408540725708
-0.0031245946884155273
-0.0030356645584106445
-0.003030121326446533
-0.002934873104095459
-0.0029822587966918945
-0.002585113048553467
-0.0027638673782348633
-0.002338409423828125
-0.0023965835571289062
-0.001939237117767334
-0.0019896626472473145
-0.0012477636337280273
-0.0016823410987854004
-0.001626133918762207
-0.0017625689506530762
-0.0019954442977905273
-0.0022065043449401855
-0.0018047690391540527
-0.0019465088844299316
-0.0014883875846862793
-0.0015985369682312012
-0.0013932585716247559
-0.0013682246208190918
-0.0008983016014099121
-0.000911712646484375
-0.00046324729919433594
-0.0004100203514099121
0.00033205747604370117
-0.0005503296852111816
0.0004863142967224121
-5.358457565307617e-05
0.001451730728149414
0.0006595253944396973
0.0019245743751525879
0.0010332465171813965
0.0019636154174804688
0.001629650592803955
0.0017685890197753906
0.0013349056243896484
0.002285897731781006
0.0023459792137145996
0.003639817237854004
0.0028351545333862305
0.003079235553741455
0.002402782440185547
0.004074037075042725
0.0036559700965881348
0.004479765892028809
0.0035483241081237793
0.003906548023223877
0.0027965903282165527
0.004951357841491699
0.003749668598175049
0.007287859916687012
0.005482017993927002
0.007403016090393066
0.005780279636383057
0.008381545543670654
0.00755840539932251
0.008629858493804932
0.0077710747718811035
0.008207738399505615
0.007509708404541016
0.00857996940612793
0.008200645446777344
0.009124577045440674
0.007897257804870605
0.010248243808746338
0.009766817092895508
0.00972604751586914
0.008907675743103027
0.008494436740875244
0.008283913135528564
0.00856471061706543
0.008153378963470459
0.00799328088760376
0.007054150104522705
0.007026255130767822
0.006916701793670654
0.006596744060516357
0.006007492542266846
0.00579226016998291
0.005439460277557373
0.005687534809112549
0.005447983741760254
0.006765902042388916
0.005123496055603027
0.00726240873336792
0.005999565124511719
0.006978273391723633
0.006332814693450928
0.007318735122680664
0.0064544677734375
0.006908833980560303
0.008153378963470459
0.008153378963470459
0.008153378963470459
0.008153378963470459
0.008153378963470459
0.008153378963470459
0.008153378963470459
0.008153378963470459
0.008153378963470459
0.008153378963470459
0.008153378963470459
0.008153378963470459
0.008153378963470459
0.008153378963470459
0.008153378963470459
0.008153378963470459
0.008153378963470459
0.008153378963470459
0.008153378963470459
0.008153378963470459
0.008153378963470459
0.008153378963470459
0.008153378963470459
0.008153378963470459
0.008153378963470459
