0.24471789598464966
0.14776739478111267
0.08300250768661499
0.07335113734006882
0.08717700093984604
0.07996833324432373
0.08523929864168167
0.08084935694932938
0.0847138985991478
0.0794505923986435
0.08524668961763382
0.07949797064065933
0.0848248153924942
0.07938731461763382
0.08485931158065796
0.0792146548628807
0.08523742109537125
0.07885860651731491
0.08450671285390854
0.0788680762052536
0.08470869809389114
0.07844327390193939
0.08431307971477509
0.07854155451059341
0.08422834426164627
0.07816901803016663
0.08364855498075485
0.078163743019104
0.08326087146997452
0.07803833484649658
0.0829022005200386
0.07782194018363953
0.08217549324035645
0.07746297121047974
0.08124979585409164
0.07756715267896652
0.08101033419370651
0.07735447585582733
0.07974107563495636
0.07785729318857193
0.07896540313959122
0.07858774811029434
0.07793138921260834
0.07748212665319443
0.0789913609623909
0.07818562537431717
0.07729179412126541
0.07785633206367493
0.07721846550703049
0.07764510810375214
0.07691968977451324
0.07664757966995239
0.0773293748497963
0.07700604945421219
0.07658012956380844
0.07711312174797058
0.0775202214717865
0.07613135874271393
0.07728873193264008
0.07740581780672073
0.07725929468870163
0.07723922282457352
0.07709886133670807
0.07768595218658447
0.0772898718714714
0.07640359550714493
0.07763548940420151
0.07674667239189148
0.0764189288020134
0.07687711715698242
0.07766798883676529
0.0770140141248703
0.07660385221242905
0.07647988945245743
0.07781454175710678
0.0779033675789833
0.07682878524065018
0.07717345654964447
0.0767994225025177
0.07674453407526016
0.07742086797952652
0.07704020291566849
0.07771924138069153
0.0767279863357544
0.07735298573970795
0.0770355835556984
0.07723210752010345
0.07729554921388626
0.07672515511512756
0.07751693576574326
0.0774257481098175
0.07679568976163864
0.0768730491399765
0.07688204199075699
0.07709676772356033
0.07777399569749832
0.07747159153223038
0.07688494771718979
0.07733610272407532
0.0769851878285408
0.07643809169530869
0.07754506170749664
0.07743681967258453
0.07761252671480179
0.07706386595964432
0.07730415463447571
0.0772310122847557
0.07745178043842316
0.07746405899524689
0.07675296813249588
0.07724718749523163
0.077385812997818
0.0775657668709755
0.07769579440355301
0.07720582187175751
0.07662060111761093
0.07688114047050476
0.0771092027425766
0.07683821022510529
0.07737133651971817
0.07745577394962311
0.07737301290035248
0.07690966129302979
0.07705982774496078
0.0773150622844696
0.0773458182811737
0.07660031318664551
0.0775763988494873
0.07787042111158371
0.07711657136678696
0.07743940502405167
0.07748746871948242
0.07765582948923111
0.07736245542764664
0.07672073692083359
0.07696927338838577
0.07744520902633667
0.07771626859903336
0.07761576026678085
0.07796872407197952
0.07756907492876053
0.07785504311323166
0.07781456410884857
0.07757203280925751
0.07725385576486588
0.07737158238887787
0.07735469937324524
0.0765271857380867
0.0775778591632843
0.07736878097057343
0.07656202465295792
0.0773492157459259
0.07746216654777527
0.07727749645709991
0.07661411166191101
0.07731185853481293
0.07774634659290314
0.07728682458400726
0.07736292481422424
0.07724284380674362
0.07734756916761398
0.07730256021022797
0.07691963762044907
0.07713570445775986
0.07670065760612488
0.07660580426454544
0.07722673565149307
0.07700476795434952
0.07711692154407501
0.07720634341239929
0.07759745419025421
0.07726726680994034
0.07796591520309448
0.07755979895591736
0.07740845531225204
0.07740935683250427
0.07727187126874924
0.07715775817632675
0.07738219946622849
0.07714046537876129
0.07741302251815796
0.07784189283847809
0.07759543508291245
0.07743429392576218
0.07692306488752365
0.0779450312256813
0.07678353041410446
0.07775970548391342
0.07657899707555771
0.07737790793180466
0.0771612673997879
0.07727482914924622
0.07639538496732712
0.07737158983945847
0.07746785134077072
0.07684212177991867
0.07686898112297058
0.07808572798967361
0.07779509574174881
0.07745542377233505
0.07706467807292938
0.07785332202911377
0.07737729698419571
0.07784851640462875
0.07712356746196747
0.07693029195070267
0.07721999287605286
0.07757841795682907
0.07728350162506104
0.07752656191587448
0.07695001363754272
0.07686759531497955
0.07781674712896347
0.07764241844415665
0.0772518515586853
0.07711518555879593
0.07727301120758057
0.07717891037464142
0.07750409096479416
0.07725973427295685
0.0776190385222435
0.07703576236963272
0.07744432240724564
0.07748271524906158
0.07689081132411957
0.0768604651093483
0.07761149853467941
0.07694689929485321
0.07775022834539413
0.07747704535722733
0.07742021977901459
0.07730734348297119
0.07747449725866318
0.07764829695224762
0.07758329808712006
0.0778660848736763
0.07733652740716934
0.07730812579393387
0.07722287625074387
0.07743408530950546
0.07671951502561569
0.07758226990699768
0.07764385640621185
0.0780596062541008
0.07740309089422226
0.07736819982528687
0.07778246700763702
0.07784508913755417
0.0774848610162735
0.0780513733625412
0.07810410857200623
0.07730734348297119
0.07730734348297119
0.07730734348297119
0.07730734348297119
0.07730734348297119
0.07730734348297119
0.07730734348297119
0.07730734348297119
0.07730734348297119
0.07730734348297119
0.07730734348297119
0.07730734348297119
0.07730734348297119
0.07730734348297119
0.07730734348297119
0.07730734348297119
0.07730734348297119
0.07730734348297119
0.07730734348297119
0.07730734348297119
0.07730734348297119
0.07730734348297119
0.07730734348297119
0.07730734348297119
0.07730734348297119
