0.10987777262926102
0.04105718061327934
0.011752483434975147
0.013129130005836487
0.013292653486132622
0.014330803416669369
0.013597261160612106
0.014648745767772198
0.013752910308539867
0.014849139377474785
0.013808123767375946
0.015055200085043907
0.013841827400028706
0.015230453573167324
0.01402099709957838
0.01541882660239935
0.014226606115698814
0.015512029640376568
0.014225954189896584
0.01571992225944996
0.014433177188038826
0.015791362151503563
0.01450465526431799
0.016054760664701462
0.01467644888907671
0.016138747334480286
0.014808165840804577
0.016351299360394478
0.015001434832811356
0.01653829589486122
0.015357150696218014
0.016686078161001205
0.015535603277385235
0.0167017113417387
0.01579871214926243
0.016859006136655807
0.016110878437757492
0.016681049019098282
0.01605280302464962
0.01623951829969883
0.016073260456323624
0.016226161271333694
0.015969352796673775
0.01572306826710701
0.016295481473207474
0.016143718734383583
0.015764087438583374
0.016178255900740623
0.016071507707238197
0.016139455139636993
0.016076115891337395
0.016049819067120552
0.016364770010113716
0.016433190554380417
0.016579490154981613
0.01638256385922432
0.016899287700653076
0.016744645312428474
0.016990642994642258
0.017111586406826973
0.01724686101078987
0.017325446009635925
0.01737045869231224
0.01744307205080986
0.01741994172334671
0.01748918741941452
0.017389699816703796
0.017505554482340813
0.01755145750939846
0.017964864149689674
0.017835848033428192
0.01769835501909256
0.017456917092204094
0.017593173310160637
0.017927339300513268
0.017648909240961075
0.017410021275281906
0.018167778849601746
0.01771322265267372
0.017681093886494637
0.01797446794807911
0.017574211582541466
0.017599813640117645
0.017726723104715347
0.01791670359671116
0.01766805164515972
0.01746981404721737
0.017536213621497154
0.017621958628296852
0.01775537058711052
0.017673319205641747
0.017663849517703056
0.01778770238161087
0.017994474619627
0.017773721367120743
0.017622053623199463
0.01784052699804306
0.01773727871477604
0.017820920795202255
0.01752670668065548
0.017720771953463554
0.017717840149998665
0.017541605979204178
0.01754198595881462
0.01758675090968609
0.017651161178946495
0.017591049894690514
0.017876101657748222
0.017720770090818405
0.017525512725114822
0.017663033679127693
0.01770964451134205
0.01762520894408226
0.017838651314377785
0.01767239347100258
0.01749848574399948
0.01789131946861744
0.01761574111878872
0.01777430810034275
0.017839286476373672
0.0176070649176836
0.017674583941698074
0.0178558137267828
0.01786722242832184
0.017839226871728897
0.017693184316158295
0.017760423943400383
0.017951300367712975
0.017633644863963127
0.01743694394826889
0.017612572759389877
0.017918068915605545
0.01779363490641117
0.017669757828116417
0.01743566058576107
0.01760038360953331
0.017821187153458595
0.01761367917060852
0.01786908693611622
0.01779700629413128
0.017702125012874603
0.017648210749030113
0.017601720988750458
0.017605386674404144
0.017713986337184906
0.017479680478572845
0.017635280266404152
0.017781103029847145
0.017658429220318794
0.017773572355508804
0.017701633274555206
0.017561526969075203
0.01776503026485443
0.01753072440624237
0.01740899309515953
0.01761617884039879
0.017823440954089165
0.017631951719522476
0.017390750348567963
0.017832757905125618
0.017772777006030083
0.0176375862210989
0.017708227038383484
0.017474576830863953
0.017544833943247795
0.01766071282327175
0.017601005733013153
0.017611157149076462
0.017672304064035416
0.0175506379455328
0.0175736453384161
0.017521768808364868
0.01763581484556198
0.017667487263679504
0.017624353989958763
0.017545465379953384
0.01756685972213745
0.01745174266397953
0.017686182633042336
0.017575841397047043
0.01782172918319702
0.017588647082448006
0.017634915187954903
0.017623605206608772
0.017585953697562218
0.017746377736330032
0.017524676397442818
0.017642104998230934
0.017578735947608948
0.0175704974681139
0.017585277557373047
0.01797535829246044
0.01753183640539646
0.017456403002142906
0.017763571813702583
0.017541149631142616
0.017539869993925095
0.017633210867643356
0.017690446227788925
0.01760188862681389
0.017453085631132126
0.017543217167258263
0.017506621778011322
0.01754288375377655
0.01765274442732334
0.017475422471761703
0.017645999789237976
0.01772613823413849
0.017679957672953606
0.01775095984339714
0.017603615298867226
0.017621492967009544
0.017674429342150688
0.017633380368351936
0.0177895650267601
0.01759532280266285
0.017644761130213737
0.017677797004580498
0.017650192603468895
0.017691299319267273
0.01773124374449253
0.01770949363708496
0.01784694567322731
0.017710376530885696
0.017677700147032738
0.017628241330385208
0.017947819083929062
0.01767711155116558
0.017644397914409637
0.01748727820813656
0.017815111204981804
0.017470866441726685
0.01763300411403179
0.017609845846891403
0.017795907333493233
0.017565656453371048
0.017662106081843376
0.017644384875893593
0.01759553700685501
0.017447972670197487
0.017421262338757515
0.01755729503929615
0.017759928479790688
0.01754445768892765
0.01780718006193638
0.01762543059885502
0.017779067158699036
0.017731385305523872
0.017760813236236572
0.01739467680454254
0.017656434327363968
0.005236943252384663
0.0026460157241672277
0.0025192322209477425
0.0024947922211140394
0.00247764540836215
0.0024592860136181116
0.002437600865960121
0.00241249892860651
0.002399024087935686
0.0023806514218449593
0.0023279485758394003
0.0023168495390564203
0.002310899319127202
0.0023004591930657625
0.002294206293299794
0.0022890204563736916
0.0022900905460119247
