0.3127,221.1798,0.3002
0.0258,10.3695,0.0166
0.0256,10.1580,0.0164
0.0256,10.1580,0.0164
0.0209,1.1987,0.0063
0.0146,0.9493,0.0053
0.0146,0.8935,0.0053
0.0149,0.8627,0.0053
0.0147,0.9029,0.0052
0.0144,0.8771,0.0051
0.0136,0.7826,0.0050
0.0136,0.8209,0.0049
0.0135,0.8173,0.0049
0.0135,0.8173,0.0049
0.0132,0.8136,0.0047
0.0124,0.7685,0.0045
0.0113,0.6397,0.0043
0.0115,0.6662,0.0042
0.0108,0.6144,0.0041
0.0103,0.6176,0.0040
0.0099,0.5919,0.0039
0.0099,0.5844,0.0038
0.0099,0.5838,0.0038
0.0099,0.5838,0.0038
0.0097,0.5794,0.0038
0.0094,0.5715,0.0037
0.0093,0.5530,0.0037
0.0096,0.5617,0.0037
0.0096,0.5744,0.0037
0.0090,0.5261,0.0036
0.0094,0.5845,0.0037
0.0087,0.5269,0.0036
0.0087,0.5280,0.0036
0.0087,0.5280,0.0036
0.0096,0.5757,0.0037
0.0090,0.5480,0.0036
0.0095,0.6041,0.0037
0.0086,0.5539,0.0036
0.0088,0.5613,0.0036
0.0088,0.5590,0.0036
0.0094,0.5713,0.0037
0.0092,0.6020,0.0036
0.0092,0.6015,0.0036
0.0092,0.6015,0.0036
0.0084,0.5118,0.0035
0.0082,0.5382,0.0035
0.0079,0.5099,0.0035
0.0078,0.5241,0.0035
0.0070,0.4994,0.0034
0.0069,0.4534,0.0034
0.0072,0.5114,0.0034
0.0060,0.4225,0.0033
0.0060,0.4226,0.0033
0.0060,0.4226,0.0033
0.0066,0.3600,0.0033
0.0064,0.4391,0.0033
0.0055,0.3676,0.0032
0.0059,0.4293,0.0033
0.0050,0.4155,0.0032
0.0049,0.4247,0.0032
0.0053,0.3175,0.0032
0.0048,0.3443,0.0032
0.0048,0.3446,0.0032
0.0048,0.3446,0.0032
0.0047,0.4126,0.0031
0.0046,0.3822,0.0031
0.0045,0.3904,0.0031
0.0045,0.3945,0.0031
0.0047,0.4588,0.0031
0.0044,0.3377,0.0031
0.0045,0.4156,0.0031
0.0043,0.3681,0.0030
0.0043,0.3683,0.0030
0.0043,0.3683,0.0030
0.0046,0.4417,0.0031
0.0045,0.4456,0.0030
0.0047,0.3550,0.0030
0.0047,0.4891,0.0030
0.0041,0.4242,0.0029
0.0041,0.3996,0.0028
0.0039,0.3799,0.0027
0.0038,0.4175,0.0026
0.0038,0.4177,0.0026
0.0038,0.4177,0.0026
0.0038,0.4301,0.0026
0.0034,0.3801,0.0025
0.0036,0.3357,0.0025
0.0034,0.4733,0.0025
0.0035,0.4045,0.0025
0.0035,0.3857,0.0025
0.0033,0.3522,0.0025
0.0033,0.3488,0.0025
0.0033,0.3492,0.0025
0.0033,0.3492,0.0025
0.0031,0.3975,0.0024
0.0031,0.3136,0.0025
0.0033,0.3696,0.0025
0.0032,0.3538,0.0025
0.0030,0.3505,0.0024
0.0032,0.3169,0.0025
0.0029,0.3388,0.0024
0.0029,0.3395,0.0024
0.0029,0.3401,0.0024
0.0029,0.3401,0.0024
0.0030,0.3433,0.0024
0.0039,0.3551,0.0026
0.0029,0.3653,0.0024
0.0030,0.4001,0.0024
0.0034,0.3434,0.0025
0.0039,0.3915,0.0025
0.0033,0.3435,0.0025
0.0034,0.3461,0.0025
0.0034,0.3465,0.0025
0.0034,0.3465,0.0025
0.0035,0.3422,0.0025
0.0033,0.3144,0.0025
0.0028,0.3690,0.0024
0.0030,0.4445,0.0024
0.0029,0.3220,0.0024
0.0035,0.4166,0.0025
0.0031,0.4028,0.0025
0.0027,0.3577,0.0024
0.0027,0.3580,0.0024
0.0027,0.3580,0.0024
0.0028,0.3724,0.0024
0.0030,0.3718,0.0024
0.0027,0.3378,0.0024
0.0028,0.3747,0.0024
0.0029,0.4579,0.0024
0.0030,0.3251,0.0024
0.0029,0.3454,0.0024
0.0033,0.4146,0.0025
0.0033,0.4148,0.0025
0.0033,0.4148,0.0025
0.0032,0.3440,0.0025
0.0030,0.3798,0.0024
0.0027,0.3873,0.0024
0.0026,0.3960,0.0024
0.0027,0.3956,0.0024
0.0027,0.3812,0.0024
0.0026,0.3471,0.0024
0.0027,0.3511,0.0024
0.0027,0.3513,0.0024
0.0027,0.3513,0.0024
0.0029,0.3544,0.0024
0.0026,0.3275,0.0024
0.0026,0.3312,0.0024
0.0025,0.3771,0.0023
0.0025,0.3998,0.0023
0.0025,0.4330,0.0024
0.0025,0.3587,0.0023
0.0029,0.3693,0.0024
0.0029,0.3693,0.0024
0.0029,0.3693,0.0024
0.0027,0.5077,0.0024
0.0029,0.4192,0.0023
0.0026,0.5503,0.0023
0.0026,0.3309,0.0023
0.0027,0.3604,0.0023
0.0024,0.3905,0.0023
0.0025,0.4616,0.0023
0.0026,0.4872,0.0023
0.0026,0.4873,0.0023
0.0026,0.4873,0.0023
0.0025,0.4432,0.0022
0.0025,0.4690,0.0021
0.0025,0.4820,0.0020
0.0049,0.6775,0.0021
0.0033,0.6140,0.0017
0.0046,0.4882,0.0017
0.0033,0.4857,0.0014
0.0027,0.4067,0.0012
0.0027,0.4033,0.0012
0.0027,0.4033,0.0012
0.0027,0.4159,0.0012
0.0036,0.4372,0.0018
0.0028,0.3434,0.0013
0.0020,0.3363,0.0011
0.0025,0.3576,0.0011
0.0020,0.3279,0.0011
0.0024,0.3516,0.0011
0.0019,0.3197,0.0010
0.0019,0.3238,0.0010
0.0019,0.3238,0.0010
0.0025,0.3395,0.0011
0.0033,0.3535,0.0015
0.0025,0.3137,0.0010
0.0037,0.3485,0.0019
0.0039,0.3437,0.0020
0.0044,0.3410,0.0022
0.0046,0.3374,0.0021
0.0046,0.3388,0.0022
0.0046,0.3402,0.0022
0.0046,0.3402,0.0022
0.0046,0.3422,0.0022
0.0047,0.3402,0.0022
0.0043,0.3312,0.0021
0.0041,0.3229,0.0019
0.0040,0.3226,0.0019
0.0043,0.3254,0.0020
0.0044,0.3294,0.0022
0.0043,0.3307,0.0022
0.0043,0.3311,0.0022
0.0043,0.3311,0.0022
0.0031,0.3264,0.0018
0.0026,0.3073,0.0009
0.0025,0.2825,0.0010
0.0019,0.2935,0.0008
0.0017,0.2851,0.0007
0.0020,0.2786,0.0009
0.0016,0.2833,0.0008
0.0017,0.2748,0.0007
0.0017,0.2749,0.0007
0.0017,0.2749,0.0007
0.0017,0.2808,0.0008
0.0024,0.2586,0.0010
0.0031,0.2884,0.0009
0.0038,0.2813,0.0013
0.0023,0.2704,0.0008
0.0024,0.2567,0.0008
0.0038,0.2560,0.0010
0.0025,0.2670,0.0008
0.0025,0.2671,0.0008
0.0025,0.2671,0.0008
0.0017,0.2565,0.0008
0.0023,0.2322,0.0009
0.0015,0.2588,0.0008
0.0024,0.2302,0.0010
0.0015,0.2541,0.0007
0.0022,0.2314,0.0011
0.0022,0.2638,0.0008
0.0019,0.2314,0.0009
0.0019,0.2315,0.0009
0.0019,0.2315,0.0009
0.0016,0.2571,0.0007
0.0022,0.2271,0.0010
0.0014,0.2473,0.0006
0.0017,0.2614,0.0010
0.0015,0.2367,0.0006
0.0020,0.2595,0.0009
0.0020,0.2222,0.0008
0.0017,0.2237,0.0008
0.0017,0.2237,0.0008
0.0017,0.2237,0.0008
0.0016,0.2295,0.0006
0.0019,0.2281,0.0006
0.0014,0.2296,0.0006
0.0035,0.2110,0.0014
0.0017,0.2514,0.0009
0.0019,0.2136,0.0007
0.0014,0.2189,0.0006
0.0015,0.2393,0.0007
0.0015,0.2393,0.0007
0.0015,0.2393,0.0007
0.0017,0.2125,0.0008
0.0022,0.2092,0.0008
0.0026,0.2260,0.0015
0.0033,0.2811,0.0016
0.0016,0.2144,0.0008
0.0022,0.2633,0.0013
0.0016,0.2130,0.0007
0.0031,0.2084,0.0012
0.0031,0.2083,0.0012
0.0031,0.2083,0.0012
0.0016,0.2113,0.0007
0.0016,0.2419,0.0009
0.0017,0.2186,0.0007
0.0015,0.2093,0.0006
0.0016,0.2339,0.0008
0.0017,0.2080,0.0007
0.0016,0.2089,0.0007
0.0020,0.2495,0.0011
0.0020,0.2495,0.0011
0.0020,0.2495,0.0011
0.0015,0.2147,0.0007
0.0018,0.2498,0.0012
0.0018,0.2350,0.0009
0.0022,0.2026,0.0006
0.0017,0.2196,0.0008
0.0019,0.2292,0.0007
0.0015,0.2112,0.0007
0.0018,0.2216,0.0006
0.0018,0.2216,0.0006
0.0018,0.2216,0.0006
0.0013,0.2129,0.0005
0.0016,0.2161,0.0007
0.0073,0.6891,0.0053
0.0116,1.0975,0.0078
0.0121,1.1543,0.0081
0.0122,1.1614,0.0082
0.0122,1.1619,0.0082
0.0122,1.1619,0.0082
0.0122,1.1613,0.0082
0.0122,1.1613,0.0082
0.0122,1.1613,0.0082
0.0122,1.1613,0.0082
0.0122,1.1613,0.0082
0.0122,1.1613,0.0082
0.0122,1.1613,0.0082
0.0122,1.1613,0.0082
0.0122,1.1613,0.0082
0.0013,0.2141,0.0005
