0.5840566158294678
0.24396544694900513
0.24396544694900513
0.12715080380439758
0.12921051681041718
0.13047631084918976
0.13139225542545319
0.13367101550102234
0.13223843276500702
0.12748074531555176
0.1231241449713707
0.12634922564029694
0.12634922564029694
0.1270952820777893
0.12675243616104126
0.1267571598291397
0.12738639116287231
0.1274414360523224
0.12815025448799133
0.12518808245658875
0.1245049387216568
0.12521173059940338
0.12521173059940338
0.1312745064496994
0.1259891539812088
0.12742678821086884
0.1269351691007614
0.12662413716316223
0.12498512119054794
0.12751875817775726
0.12814314663410187
0.12720313668251038
0.12720313668251038
0.12854500114917755
0.12786522507667542
0.12684108316898346
0.12902995944023132
0.12653875350952148
0.12644663453102112
0.1265069991350174
0.12713491916656494
0.12706363201141357
0.12706363201141357
0.12475007772445679
0.1272609382867813
0.12877291440963745
0.1271774172782898
0.12692421674728394
0.1301017850637436
0.1251528263092041
0.1283361315727234
0.12568363547325134
0.12568363547325134
0.1264810562133789
0.12570515275001526
0.12783336639404297
0.12708905339241028
0.12644128501415253
0.12665268778800964
0.12715387344360352
0.12597516179084778
0.12661771476268768
0.12661771476268768
0.1260858178138733
0.1272556632757187
0.12921249866485596
0.12746424973011017
0.12529955804347992
0.12764224410057068
0.1284177303314209
0.1253432333469391
0.12651047110557556
0.12651047110557556
0.1252429187297821
0.12767229974269867
0.12687556445598602
0.12539246678352356
0.12515731155872345
0.12568716704845428
0.12627242505550385
0.12630291283130646
0.12888213992118835
0.12888213992118835
0.12545771896839142
0.12612590193748474
0.12662528455257416
0.13037487864494324
0.126353919506073
0.12597931921482086
0.1251685917377472
0.12463147938251495
0.12607522308826447
0.12607522308826447
0.12980009615421295
0.12545359134674072
0.12668099999427795
0.12135224044322968
0.1301690936088562
0.12589696049690247
0.1306438446044922
0.12272174656391144
0.11458525061607361
0.11458525061607361
0.13465425372123718
0.12128523737192154
0.13363876938819885
0.12202979624271393
0.13279783725738525
0.12004616856575012
0.13304060697555542
0.1212155744433403
0.13238941133022308
0.13238941133022308
0.12135950475931168
0.13140837848186493
0.12248384952545166
0.12511248886585236
0.12186913937330246
0.1278214305639267
0.12536385655403137
0.12306027114391327
0.1279505342245102
0.1279505342245102
0.12446232885122299
0.12335129082202911
0.13326796889305115
0.13434766232967377
0.1283758282661438
0.1250787228345871
0.12735123932361603
0.12891635298728943
0.12412139028310776
0.12412139028310776
0.1288057416677475
0.12961885333061218
0.12768496572971344
0.1270013153553009
0.12660807371139526
0.1287660300731659
0.11956692487001419
0.120045967400074
0.12656530737876892
0.12656530737876892
0.1251162588596344
0.12391101568937302
0.12850648164749146
0.12739410996437073
0.12094027549028397
0.12112239003181458
0.1331530064344406
0.12601888179779053
0.12309388816356659
0.12309388816356659
0.12975098192691803
0.12206368893384933
0.1276896595954895
0.12401824444532394
0.12620052695274353
0.13023869693279266
0.12422677874565125
0.1229843869805336
0.11243489384651184
0.11243489384651184
0.1280319094657898
0.13203826546669006
0.12045162916183472
0.12740366160869598
0.12500648200511932
0.12344343960285187
0.12422075122594833
0.12568619847297668
0.12642857432365417
0.12642857432365417
0.12381923198699951
0.1250878870487213
0.1293620467185974
0.1266774982213974
0.12383679300546646
0.12668448686599731
0.12578223645687103
0.1282563954591751
0.1274544894695282
0.1274544894695282
0.12738336622714996
0.12819403409957886
0.12221380323171616
0.12150981277227402
0.12029826641082764
0.12286505848169327
0.1266920119524002
0.12463990598917007
0.12471061199903488
0.12471061199903488
0.120512455701828
0.12855811417102814
0.12100066989660263
0.12619926035404205
0.12312961369752884
0.13013716042041779
0.12179940938949585
0.12644323706626892
0.12624497711658478
0.12624497711658478
0.12485022842884064
0.12706802785396576
0.12113963812589645
0.12587928771972656
0.12467632442712784
0.1292855590581894
0.1254342794418335
0.12430641800165176
0.12183785438537598
0.12183785438537598
0.12695597112178802
0.12363240867853165
0.1284978985786438
0.12451385706663132
0.12678411602973938
0.12524786591529846
0.12604911625385284
0.12464941293001175
0.12481632083654404
0.12481632083654404
0.12491799145936966
0.12404002249240875
0.13232290744781494
0.1211388036608696
0.12104681879281998
0.1308743953704834
0.12419109046459198
0.12348375469446182
0.1252223551273346
0.1252223551273346
0.1202234998345375
0.11165878176689148
0.12042737752199173
0.11994360387325287
0.1272457242012024
0.1190374493598938
0.12277106195688248
0.12032978236675262
0.12419010698795319
0.12419010698795319
0.13043886423110962
0.12501654028892517
0.12609940767288208
0.12195762991905212
0.12419765442609787
0.1254538744688034
0.12439533323049545
0.12461377680301666
0.12524786591529846
0.12524786591529846
0.12524786591529846
0.12524786591529846
0.12524786591529846
0.12524786591529846
0.12524786591529846
0.12524786591529846
0.12524786591529846
0.12524786591529846
0.12524786591529846
0.12524786591529846
0.12524786591529846
0.12524786591529846
0.12524786591529846
0.12524786591529846
0.12524786591529846
0.12524786591529846
0.12524786591529846
0.12524786591529846
0.12524786591529846
0.12524786591529846
0.12524786591529846
0.12524786591529846
0.12524786591529846
