0.015335625037550926
0.015165990218520164
0.03390306234359741
0.033755552023649216
0.028027355670928955
0.023001279681921005
0.022621124982833862
0.022126363590359688
0.02156461402773857
0.02153715118765831
0.021502943709492683
0.020489245653152466
0.02048679068684578
0.01691540516912937
0.016810860484838486
0.016717620193958282
0.016630869358778
0.01642226241528988
0.01619269885122776
0.015959439799189568
0.015957193449139595
0.0026459326036274433
0.002596553647890687
0.002561126835644245
0.0026035273913294077
0.0026060650125145912
0.002582182642072439
0.0026151761412620544
0.0026047686114907265
0.0025330698117613792
0.00256953458301723
0.0029542187694460154
0.002960679354146123
0.0029283356852829456
0.0029681846499443054
0.00292324461042881
0.0029175407253205776
0.0029635431710630655
0.0030646505765616894
0.0029372768476605415
0.0029604812152683735
0.005431964993476868
0.005496899131685495
0.005461942404508591
0.005353112239390612
0.005372314248234034
0.00544807780534029
0.005379589274525642
0.005414117127656937
0.005408381577581167
0.0054726493544876575
0.007436784449964762
0.0074325501918792725
0.010941272601485252
0.00729606207460165
0.007318170741200447
0.00735487649217248
0.007319889962673187
0.007287674117833376
0.007349458057433367
0.007341877557337284
0.005414037499576807
0.005429876036942005
0.005423495080322027
0.007361640688031912
0.0073854634538292885
0.00735298590734601
0.007326294202357531
0.00535491481423378
0.007334704510867596
0.007361295633018017
0.007355635520070791
0.007378606591373682
0.007335755042731762
0.007221038918942213
0.007192075718194246
0.007242241408675909
0.0071683176793158054
0.007170385215431452
0.007166201248764992
0.0071928719989955425
0.007211457006633282
0.009752470999956131
0.00720757432281971
0.007112502586096525
0.007151152938604355
0.007055636961013079
0.006958404555916786
0.0070292893797159195
0.004502092953771353
0.00428554555401206
0.004254108294844627
0.004208123777061701
0.001973196165636182
0.0016830674139782786
0.0013358764117583632
0.0006973081035539508
0.00041994714410975575
0.0003447489580139518
0.00038690405199304223
0.000907120993360877
0.0009078136645257473
0.00040395589894615114
0.0005261723417788744
0.0003932528488803655
0.0004231230414006859
0.0003488535003270954
0.00044147425796836615
0.0002897193771786988
0.00037116638850420713
0.00029206968611106277
0.00027921589207835495
0.00030367079307325184
0.0002745075908023864
0.0002518812834750861
0.00015285670815501362
0.0001504859101260081
0.00011219336738577113
0.00013376907736528665
0.0001121268214774318
0.00012246455298736691
0.00012567726662382483
0.0001020855488604866
8.235313725890592e-05
0.0001468578411731869
0.00011796117178164423
7.594424823764712e-05
0.0001447317044949159
7.074745371937752e-05
6.865926116006449e-05
0.00010124458640348166
0.00010141073289560154
9.290347952628508e-05
8.515223453287035e-05
4.934961543767713e-05
4.651214476325549e-05
4.16674702137243e-05
5.439366213977337e-05
0.00010194108472205698
8.969964255811647e-05
4.488039485295303e-05
4.5124390453565866e-05
5.516188684850931e-05
3.581699638743885e-05
4.457893373910338e-05
3.5695538826985285e-05
0.0001575766655150801
0.00019076983153354377
6.540226604556665e-05
3.5609187762020156e-05
0.00010745014878921211
0.00010757799464045092
5.2114839490968734e-05
3.949124948121607e-05
3.339918839628808e-05
5.833698742208071e-05
6.735907663824037e-05
8.078611426753923e-05
6.692147144349292e-05
4.460046693566255e-05
0.0002440380776533857
0.000238060558331199
4.575820275931619e-05
4.2659004975575954e-05
4.612770499079488e-05
3.491606912575662e-05
2.9633856684085913e-05
3.776342418859713e-05
5.827842323924415e-05
4.5490865886677057e-05
3.9701586501905695e-05
3.964427378377877e-05
6.176070019137114e-05
3.290602035121992e-05
4.6336928789969534e-05
2.6817726393346675e-05
4.7856996388873085e-05
2.6974423235515133e-05
2.8740745619870722e-05
4.135702329222113e-05
3.6323392123449594e-05
3.673329410958104e-05
4.0891805838327855e-05
4.612033808371052e-05
7.100943912519142e-05
0.00014829219435341656
9.909867367241532e-05
3.457492493907921e-05
2.8149868740001693e-05
4.02188379666768e-05
2.714679612836335e-05
2.7309857614454813e-05
0.0001192545096273534
0.00011670163075905293
0.00013036384189035743
0.00013432865671347827
5.098061228636652e-05
3.65459818567615e-05
7.228507456602529e-05
2.8148382625658996e-05
2.572579796833452e-05
2.571842196630314e-05
2.4434611987089738e-05
2.519639383535832e-05
4.209220060147345e-05
2.8105854653404094e-05
2.4778499209787697e-05
4.3959764298051596e-05
2.7286880140309222e-05
9.366453014081344e-05
0.00016021450574044138
0.00016019539907574654
4.064434688189067e-05
3.930939783458598e-05
6.110598769737408e-05
3.5427543480182067e-05
2.341423896723427e-05
2.2492866264656186e-05
2.395171941316221e-05
4.588704541674815e-05
2.3907641661935486e-05
2.3920198145788163e-05
2.7625574148260057e-05
2.3366697860183194e-05
0.00010296847176505253
8.405031258007511e-05
6.657962512690574e-05
3.427213596296497e-05
3.983138958574273e-05
9.432767546968535e-05
2.3437643903889693e-05
2.3443866666639224e-05
0.0001296446134801954
0.00018188264220952988
9.277691424358636e-05
0.00011558787082321942
5.058231181465089e-05
4.566792631521821e-05
5.748333205701783e-05
5.466160291689448e-05
5.9407415392342955e-05
5.950853301328607e-05
3.482755710138008e-05
5.580636934610084e-05
2.7938398488913663e-05
6.858200504211709e-05
2.537244654376991e-05
4.118865399505012e-05
5.319070987752639e-05
3.194826058461331e-05
2.2492866264656186e-05
2.2492866264656186e-05
2.2492866264656186e-05
2.2492866264656186e-05
2.2492866264656186e-05
2.2492866264656186e-05
2.2492866264656186e-05
2.2492866264656186e-05
2.2492866264656186e-05
2.2492866264656186e-05
2.2492866264656186e-05
2.2492866264656186e-05
2.2492866264656186e-05
2.2492866264656186e-05
2.2492866264656186e-05
2.2492866264656186e-05
2.2492866264656186e-05
2.2492866264656186e-05
2.2492866264656186e-05
2.2492866264656186e-05
2.2492866264656186e-05
2.2492866264656186e-05
2.2492866264656186e-05
2.2492866264656186e-05
2.2492866264656186e-05
