0.21468982100486755
0.21417859196662903
0.8124066591262817
0.8124066591262817
0.7759219408035278
0.7416163086891174
0.7416163086891174
0.7416163086891174
0.7416163086891174
0.7416163086891174
0.7416163086891174
0.6820788383483887
0.6820788383483887
0.6672981977462769
0.6672981977462769
0.6672981977462769
0.6672981977462769
0.6672981977462769
0.6672981977462769
0.6672981977462769
0.6672981977462769
0.22683782875537872
0.22643202543258667
0.22643202543258667
0.22725586593151093
0.22683782875537872
0.22643202543258667
0.22643202543258667
0.22725586593151093
0.2260376662015915
0.22643202543258667
0.2545813322067261
0.2545813322067261
0.2545813322067261
0.2545813322067261
0.2545813322067261
0.2545813322067261
0.2545813322067261
0.2545813322067261
0.2545813322067261
0.2545813322067261
0.5908935070037842
0.5908935070037842
0.5908935070037842
0.5908935070037842
0.5908935070037842
0.5908935070037842
0.5908935070037842
0.5908935070037842
0.5908935070037842
0.5908935070037842
0.5908935070037842
0.5908935070037842
0.6925417184829712
0.5908935070037842
0.5908935070037842
0.5908935070037842
0.5908935070037842
0.5908935070037842
0.5908935070037842
0.5908935070037842
0.5908935070037842
0.5908935070037842
0.5908935070037842
0.5908935070037842
0.5908935070037842
0.5908935070037842
0.5908935070037842
0.5908935070037842
0.5908935070037842
0.5908935070037842
0.5908935070037842
0.5908935070037842
0.5908935070037842
0.5908935070037842
0.5908935070037842
0.5908935070037842
0.5908935070037842
0.5908935070037842
0.5908935070037842
0.5908935070037842
0.5908935070037842
0.61183762550354
0.5908935070037842
0.5908935070037842
0.5908935070037842
0.5908935070037842
0.5908935070037842
0.5908935070037842
0.5586302280426025
0.5586302280426025
0.5586302280426025
0.5586302280426025
0.23980344831943512
0.22033178806304932
0.1983565092086792
0.14710476994514465
0.09990182518959045
0.09132319688796997
0.10272267460823059
0.1309051215648651
0.1311749517917633
0.0502966046333313
0.10783877968788147
0.049575403332710266
0.0960860550403595
0.04431381821632385
0.09366527199745178
0.03876282274723053
0.08564072847366333
0.038159675896167755
0.038063645362854004
0.07771441340446472
0.0375090092420578
0.07145753502845764
0.05348721146583557
0.050359249114990234
0.03514622896909714
0.049068570137023926
0.04346081614494324
0.03121936321258545
0.031224027276039124
0.039629191160202026
0.032815851271152496
0.02715287357568741
0.04162803292274475
0.028682082891464233
0.04501351714134216
0.02932477742433548
0.02903749793767929
0.03799605369567871
0.037939488887786865
0.02764243632555008
0.027674362063407898
0.027624383568763733
0.02633880078792572
0.026403285562992096
0.025246985256671906
0.02840772271156311
0.02913881093263626
0.027239516377449036
0.02725248783826828
0.027518175542354584
0.025669343769550323
0.023689262568950653
0.023731514811515808
0.04370337724685669
0.051534056663513184
0.02614663541316986
0.025567911565303802
0.03666350245475769
0.036700159311294556
0.02276565134525299
0.02515105903148651
0.023205414414405823
0.026528283953666687
0.028611749410629272
0.023057013750076294
0.029476016759872437
0.025606893002986908
0.043096452951431274
0.042444199323654175
0.024577267467975616
0.021566078066825867
0.02404504269361496
0.02112797647714615
0.022526346147060394
0.02387116104364395
0.026388108730316162
0.020947501063346863
0.021357566118240356
0.021356001496315002
0.02716958522796631
0.023492224514484406
0.02036353200674057
0.022178538143634796
0.024059921503067017
0.021385744214057922
0.02115686982870102
0.023518525063991547
0.02087359130382538
0.020879045128822327
0.020207278430461884
0.0200473815202713
0.0243779718875885
0.0342785120010376
0.03403225541114807
0.02349446713924408
0.022371143102645874
0.02377980202436447
0.022269710898399353
0.022299066185951233
0.03655517101287842
0.0278283953666687
0.040432751178741455
0.030077069997787476
0.02602747082710266
0.02173418551683426
0.027944087982177734
0.023289524018764496
0.021957747638225555
0.02195964753627777
0.021449051797389984
0.02143416553735733
0.02298147976398468
0.02071026712656021
0.02163715660572052
0.01893952488899231
0.022391021251678467
0.03548339009284973
0.04488074779510498
0.044903457164764404
0.02054329216480255
0.02318125218153
0.02019321918487549
0.02290412038564682
0.020656317472457886
0.02111659198999405
0.02165333181619644
0.023492485284805298
0.02187536656856537
0.02187497168779373
0.021927572786808014
0.02125655859708786
0.03981375694274902
0.03577190637588501
0.019475556910037994
0.02147413045167923
0.02346283197402954
0.0335976779460907
0.02127111703157425
0.02127978950738907
0.03695565462112427
0.02612067013978958
0.030521154403686523
0.041386038064956665
0.022616416215896606
0.024713553488254547
0.02889654040336609
0.028627872467041016
0.02471616119146347
0.02475304901599884
0.020991183817386627
0.025886178016662598
0.022490546107292175
0.02795720100402832
0.022355183959007263
0.023768723011016846
0.025304436683654785
0.022811435163021088
0.02111659198999405
0.02111659198999405
0.02111659198999405
0.02111659198999405
0.02111659198999405
0.02111659198999405
0.02111659198999405
0.02111659198999405
0.02111659198999405
0.02111659198999405
0.02111659198999405
0.02111659198999405
0.02111659198999405
0.02111659198999405
0.02111659198999405
0.02111659198999405
0.02111659198999405
0.02111659198999405
0.02111659198999405
0.02111659198999405
0.02111659198999405
0.02111659198999405
0.02111659198999405
0.02111659198999405
0.02111659198999405
