0.3046221435070038
0.06626714766025543
0.06607349961996078
0.013423839583992958
0.013060512952506542
0.012393149547278881
0.011808415874838829
0.010950633324682713
0.009336492046713829
0.006702363025397062
0.005081110168248415
0.004654409363865852
0.00464344397187233
0.004470763728022575
0.004323728382587433
0.00423968443647027
0.004137658979743719
0.0040025729686021805
0.003967388533055782
0.0038765252102166414
0.0034867441281676292
0.0033022358547896147
0.003305187914520502
0.0035421166103333235
0.002687796950340271
0.002679079072549939
0.002693532733246684
0.0026198753621429205
0.003146140370517969
0.002646378008648753
0.002646762179210782
0.002611833158880472
0.0026123032439500093
0.0027268794365227222
0.0026162348221987486
0.0025866134092211723
0.0027390597388148308
0.0025477930903434753
0.0025592257734388113
0.00259406678378582
0.002588961971923709
0.0025657592341303825
0.0025656407233327627
0.0026535638608038425
0.002579833148047328
0.002776083769276738
0.0025519400369375944
0.002635881770402193
0.0029061464592814445
0.0025635510683059692
0.0025888909585773945
0.0025630812160670757
0.0025637485086917877
0.0025296895764768124
0.0025708612520247698
0.0025958784390240908
0.002616956364363432
0.002499277936294675
0.0024749753065407276
0.0025014185812324286
0.002477837959304452
0.0025040635373443365
0.0025052090641111135
0.0024624881334602833
0.002533586462959647
0.0028519004117697477
0.0025406170170754194
0.0024484640453010798
0.002515592146664858
0.0025554969906806946
0.0024695186875760555
0.0024763429537415504
0.00247522396966815
0.0024447699543088675
0.0024683510418981314
0.0024368020240217447
0.0024385482538491488
0.0023826363030821085
0.0024112288374453783
0.0023592934012413025
0.0024063647724688053
0.00253850594162941
0.0025399071164429188
0.002368022920563817
0.0023491382598876953
0.002404696075245738
0.0029725898057222366
0.0023092052433639765
0.002331479685381055
0.002487030578777194
0.002308428520336747
0.0023315276484936476
0.002331225899979472
0.0024874114897102118
0.002170937368646264
0.0023079419042915106
0.0024018262047320604
0.002737839240580797
0.003858436830341816
0.00390106369741261
0.0022441227920353413
0.005762211978435516
0.005758143495768309
0.006433576811105013
0.0033358505461364985
0.006094835698604584
0.0029398705810308456
0.005639517214149237
0.0034596454352140427
0.005222255364060402
0.003048971761018038
0.005158041138201952
0.005145552102476358
0.0027694462332874537
0.004840705078095198
0.0022967972327023745
0.0016735821263864636
0.002207850804552436
0.002367977052927017
0.0014808147680014372
0.0015889115165919065
0.0025867687072604895
0.0025860636960715055
0.0013595586642622948
0.001544907339848578
0.004179393872618675
0.0030878011602908373
0.002603300381451845
0.001984346192330122
0.001672469894401729
0.0019221637630835176
0.0016207706648856401
0.001619381713680923
0.0023819482885301113
0.0022691397462040186
0.0014524428406730294
0.0015120023163035512
0.0013234586222097278
0.001822326215915382
0.002347116358578205
0.002649824135005474
0.001371893216855824
0.0013720449060201645
0.0012346412986516953
0.0011522662825882435
0.001835313276387751
0.00148675125092268
0.0026554116047918797
0.002691073575988412
0.003352995030581951
0.0010650812182575464
0.001976377796381712
0.0019751829095184803
0.002172646578401327
0.001546786050312221
0.0014606248587369919
0.0016383160836994648
0.0014486951986327767
0.002594573423266411
0.0014323032228276134
0.0014541918644681573
0.004718441516160965
0.004708782769739628
0.0020884175319224596
0.002212724182754755
0.001790533890016377
0.0015786683652549982
0.0010257662506774068
0.0012836757814511657
0.001419456209987402
0.0013921060599386692
0.0014655647100880742
0.0014645725023001432
0.001520470599643886
0.0010595011990517378
0.002168862149119377
0.0011841474333778024
0.0013951740693300962
0.0011932507622987032
0.0012742234393954277
0.0015626592794433236
0.0016791971866041422
0.0016822339966893196
0.0016703828005120158
0.0020503581035882235
0.0017464037518948317
0.002539512235671282
0.0024258403573185205
0.0014922181144356728
0.001317470334470272
0.0011574025265872478
0.0009625781094655395
0.0009630148415453732
0.0026196681428700686
0.002951055532321334
0.002486342331394553
0.0029257871210575104
0.001325746183283627
0.0022112526930868626
0.0021291617304086685
0.0010216105729341507
0.0011125243036076427
0.0011128145270049572
0.0009624455124139786
0.0012609916739165783
0.0019344050670042634
0.001084708608686924
0.0008984751766547561
0.00224877567961812
0.0009246746194548905
0.0016615302301943302
0.0024885793682187796
0.0024871889036148787
0.0014533399371430278
0.0013034224975854158
0.002224427880719304
0.0010704194428399205
0.0011003732215613127
0.0008704679785296321
0.000916931196115911
0.0012415196979418397
0.000899283739272505
0.0008994318777695298
0.0009654707973822951
0.0009421062422916293
0.0030080657452344894
0.002874672180041671
0.0032200554851442575
0.0018300337251275778
0.001074091182090342
0.0019274672958999872
0.0009002004517242312
0.0008996879332698882
0.0028807527851313353
0.005898359697312117
0.0035409103147685528
0.002010489348322153
0.0030278386548161507
0.00231765815988183
0.0015691977459937334
0.001988958567380905
0.0020355512388050556
0.002035343088209629
0.0018370244652032852
0.0014428255381062627
0.0012141646584495902
0.0019481206545606256
0.0010009825928136706
0.0010281933937221766
0.0013534851605072618
0.0009326100698672235
0.0008704679785296321
0.0008704679785296321
0.0008704679785296321
0.0008704679785296321
0.0008704679785296321
0.0008704679785296321
0.0008704679785296321
0.0008704679785296321
0.0008704679785296321
0.0008704679785296321
0.0008704679785296321
0.0008704679785296321
0.0008704679785296321
0.0008704679785296321
0.0008704679785296321
0.0008704679785296321
0.0008704679785296321
0.0008704679785296321
0.0008704679785296321
0.0008704679785296321
0.0008704679785296321
0.0008704679785296321
0.0008704679785296321
0.0008704679785296321
0.0008704679785296321
