0.3281628489494324
0.04570970684289932
0.04506364092230797
0.0050840857438743114
0.005029239691793919
0.004859512206166983
0.004723601508885622
0.0045234281569719315
0.004134532995522022
0.003444381756708026
0.0031788728665560484
0.003133708145469427
0.0031331367790699005
0.0031192228198051453
0.003097943961620331
0.003085375763475895
0.0030627246014773846
0.0030335127376019955
0.002981154015287757
0.0028658912051469088
0.002607873873785138
0.002519265515729785
0.0025194594636559486
0.002489834325388074
0.00242588366381824
0.002417926676571369
0.0024301258381456137
0.0024148488882929087
0.0025010784156620502
0.002413239097222686
0.002412008587270975
0.002409320790320635
0.0024102693423628807
0.0024142947513610125
0.002412819769233465
0.002410458168014884
0.002411087742075324
0.0024063996970653534
0.002405394334346056
0.0024136824067682028
0.002408423228189349
0.002404657192528248
0.002404798287898302
0.002417883602902293
0.0024037875700742006
0.002422200283035636
0.002401642967015505
0.002418878488242626
0.002411006949841976
0.002404408296570182
0.0024024813901633024
0.0024048304185271263
0.002405090257525444
0.002402113052085042
0.002409363863989711
0.002398247364908457
0.0024037521798163652
0.002396062482148409
0.0023924303241074085
0.0023955528158694506
0.0023921350948512554
0.0023985481821000576
0.0023989728651940823
0.0023896335624158382
0.002390820300206542
0.002410583896562457
0.00239376537501812
0.0023859573993831873
0.002386623527854681
0.0023861355148255825
0.0023910936433821917
0.0023878568317741156
0.0023877471685409546
0.0023862742818892
0.002379785757511854
0.0023770236875861883
0.0023856491316109896
0.0023722932673990726
0.002372229937463999
0.002368638524785638
0.0023668843787163496
0.0023671770468354225
0.0023674461990594864
0.002365476218983531
0.0023577867541462183
0.0023562186397612095
0.0023797270841896534
0.0023446267005056143
0.0023408029228448868
0.0023662392050027847
0.002329121343791485
0.0023205254692584276
0.0023206460755318403
0.0023015469778329134
0.0022718727122992277
0.0022560260258615017
0.002187493722885847
0.002027397509664297
0.0021169979590922594
0.0018297693459317088
0.0016240893164649606
0.0025593223981559277
0.002559868386015296
0.0025273445062339306
0.0019630417227745056
0.0025150885339826345
0.001781671424396336
0.002330321818590164
0.001858865492977202
0.0020556729286909103
0.0017068797023966908
0.0020847180858254433
0.002070461632683873
0.0015768788289278746
0.002062456449493766
0.0014233049005270004
0.001052233506925404
0.0010739004937931895
0.001090795500203967
0.0010000080801546574
0.0008961149142123759
0.0012380436528474092
0.001238930388353765
0.000829042459372431
0.0007215451332740486
0.0014597371919080615
0.001020117779262364
0.0008877001819200814
0.0011249015806242824
0.000826045754365623
0.0008151811780408025
0.00090539496159181
0.0009046881459653378
0.0010957708582282066
0.0010328312637284398
0.0006411627982743084
0.0006511580431833863
0.0005846203421242535
0.0007888516993261874
0.0012092557735741138
0.0009344505961053073
0.0005849453737027943
0.0005869573797099292
0.0006781404372304678
0.0005107158794999123
0.0007051733555272222
0.0005832884344272316
0.0012976332800462842
0.0013958727940917015
0.0008687913650646806
0.0005093981744721532
0.0010681882267817855
0.0010686024324968457
0.0008085753652267158
0.0005659829475916922
0.0005615018308162689
0.0007340816082432866
0.0008023141417652369
0.0010944416280835867
0.0007967315032146871
0.0006135238218121231
0.0020718092564493418
0.002038109116256237
0.0006796459201723337
0.0007190213655121624
0.0006670719012618065
0.0006264760158956051
0.0004965966218151152
0.0005717811873182654
0.0007583211991004646
0.000757846690248698
0.0006861840956844389
0.0006857168045826256
0.0007821655599400401
0.0005215408746153116
0.0007813326665200293
0.0004786394420079887
0.0006789466715417802
0.0004999769735150039
0.0005371297593228519
0.0006366564775817096
0.0006543067283928394
0.0006598588079214096
0.0007211957708932459
0.0007855911972001195
0.0010313038947060704
0.0016082217916846275
0.0010410553077235818
0.0005496963858604431
0.0005000936216674745
0.0006076961872167885
0.0004718299023807049
0.0004739772994071245
0.0011593366507440805
0.0013900260673835874
0.0011893148766830564
0.0015042065642774105
0.0006970984395593405
0.0006491143722087145
0.0008749373955652118
0.0004739908908959478
0.0004726627084892243
0.00047242906293831766
0.00045565218897536397
0.00047794278361834586
0.0006448599160648882
0.0005381349474191666
0.0004498167254496366
0.0007779939915053546
0.0004743680765386671
0.0010100106010213494
0.0013323011808097363
0.0013318393612280488
0.00071788887726143
0.0006128015811555088
0.0009592699934728444
0.0005726988893002272
0.0004679237899836153
0.0004323453176766634
0.00044588916352950037
0.0006806663586758077
0.0004412963753566146
0.00044170551700517535
0.0004918043268844485
0.0004470836138352752
0.0011027057189494371
0.0010123761603608727
0.0009867324260994792
0.0006293957703746855
0.0006170206470414996
0.0010256958194077015
0.0004560029483400285
0.00045594607945531607
0.001220518141053617
0.001520441030152142
0.0011002941755577922
0.0010756562696769834
0.0007907401886768639
0.0006789493490941823
0.000756319728679955
0.0007582651451230049
0.0007896701572462916
0.0007901592762209475
0.000638687692116946
0.0007491117576137185
0.0005130025674588978
0.0008479640819132328
0.00045647728256881237
0.0006468762294389307
0.000754622626118362
0.0005365624092519283
0.0004323453176766634
0.0004323453176766634
0.0004323453176766634
0.0004323453176766634
0.0004323453176766634
0.0004323453176766634
0.0004323453176766634
0.0004323453176766634
0.0004323453176766634
0.0004323453176766634
0.0004323453176766634
0.0004323453176766634
0.0004323453176766634
0.0004323453176766634
0.0004323453176766634
0.0004323453176766634
0.0004323453176766634
0.0004323453176766634
0.0004323453176766634
0.0004323453176766634
0.0004323453176766634
0.0004323453176766634
0.0004323453176766634
0.0004323453176766634
0.0004323453176766634
