257.1504211425781
34.380828857421875
33.81593322753906
0.5951144099235535
0.6049937009811401
0.6135207414627075
0.6461908221244812
0.607252836227417
0.5238438844680786
0.45897695422172546
0.3404083549976349
0.3496845066547394
0.35388073325157166
0.3189071714878082
0.36862027645111084
0.3944014608860016
0.3895413279533386
0.3593948483467102
0.3838178813457489
0.3836996853351593
0.394298791885376
0.37543895840644836
0.37683871388435364
0.37188947200775146
0.3963650166988373
0.36136412620544434
0.3621525168418884
0.36949342489242554
0.37772950530052185
0.35268038511276245
0.4017738401889801
0.37018123269081116
0.37126436829566956
0.3616674840450287
0.3877027928829193
0.3617013096809387
0.38259804248809814
0.3900107443332672
0.36085543036460876
0.3353670835494995
0.36780598759651184
0.35868892073631287
0.35920992493629456
0.3442830741405487
0.34957757592201233
0.4128534197807312
0.39176589250564575
0.34651342034339905
0.3782348930835724
0.3602713644504547
0.3590828776359558
0.33842530846595764
0.338966965675354
0.33869728446006775
0.33262479305267334
0.38302674889564514
0.36816927790641785
0.346810907125473
0.36482948064804077
0.3804503381252289
0.3539440333843231
0.3565947115421295
0.35690879821777344
0.36062803864479065
0.3577990233898163
0.33874401450157166
0.34144163131713867
0.35393795371055603
0.3453502058982849
0.3718278408050537
0.35948458313941956
0.34197282791137695
0.3421955704689026
0.3392288386821747
0.3441134989261627
0.3898424506187439
0.41065600514411926
0.3680570125579834
0.4076824188232422
0.3992633819580078
0.390846312046051
0.3637513220310211
0.3639657199382782
0.3465847671031952
0.3511386513710022
0.3722618818283081
0.3462405204772949
0.37361404299736023
0.38530826568603516
0.35054248571395874
0.400301456451416
0.4161367416381836
0.41623353958129883
0.37544015049934387
0.38786694407463074
0.3907019793987274
0.3948303759098053
0.49152231216430664
0.5372844338417053
0.4056408703327179
0.3482881784439087
0.3593223989009857
0.3589644134044647
0.46965116262435913
0.3389583230018616
0.4475649893283844
0.33681562542915344
0.3954835534095764
0.33887624740600586
0.35870808362960815
0.33618688583374023
0.35212793946266174
0.34188756346702576
0.3255484700202942
0.3311551809310913
0.32044875621795654
0.3148952126502991
0.3156704604625702
0.28708428144454956
0.3058442771434784
0.30300262570381165
0.27535751461982727
0.2852382957935333
0.3051312565803528
0.30148980021476746
0.2586066424846649
0.29427921772003174
0.26393988728523254
0.30492493510246277
0.2659979462623596
0.2627551853656769
0.2936646044254303
0.2943975329399109
0.24833479523658752
0.24548059701919556
0.24814273416996002
0.235853374004364
0.23499217629432678
0.22139127552509308
0.23613034188747406
0.27128320932388306
0.24262233078479767
0.243076890707016
0.2484138011932373
0.22976790368556976
0.21184538304805756
0.2127879410982132
0.2750004231929779
0.28910112380981445
0.23992788791656494
0.22932665050029755
0.25201931595802307
0.25226616859436035
0.21090449392795563
0.22950893640518188
0.21145394444465637
0.24051955342292786
0.24301888048648834
0.21739010512828827
0.2431655079126358
0.2325642704963684
0.3211607038974762
0.3168562352657318
0.2225124090909958
0.2139444202184677
0.22202548384666443
0.21274782717227936
0.2178366482257843
0.2201673537492752
0.228410542011261
0.2220923900604248
0.21458712220191956
0.21362550556659698
0.23229040205478668
0.21525231003761292
0.21351106464862823
0.20775803923606873
0.22165460884571075
0.20938506722450256
0.20857438445091248
0.20994500815868378
0.20862868428230286
0.20874834060668945
0.21649228036403656
0.21384625136852264
0.2448577731847763
0.272906094789505
0.24387049674987793
0.21888653934001923
0.2034187912940979
0.2153952419757843
0.20864300429821014
0.20924963057041168
0.2429770976305008
0.2467379868030548
0.25548458099365234
0.24233543872833252
0.22376884520053864
0.20271234214305878
0.23311245441436768
0.20944668352603912
0.20520342886447906
0.2048487663269043
0.20865195989608765
0.20393607020378113
0.2198793888092041
0.21263085305690765
0.2088046818971634
0.2201637476682663
0.20636384189128876
0.22854788601398468
0.24896961450576782
0.24943354725837708
0.21271313726902008
0.21084026992321014
0.23587146401405334
0.20755009353160858
0.20661839842796326
0.20596088469028473
0.2005455046892166
0.2090218961238861
0.20033933222293854
0.2001204639673233
0.20179487764835358
0.2054092437028885
0.21928972005844116
0.21711799502372742
0.19998154044151306
0.20079129934310913
0.20737440884113312
0.22664672136306763
0.20283137261867523
0.20277039706707
0.24305927753448486
0.26953741908073425
0.23012658953666687
0.2694934010505676
0.2152201384305954
0.22878527641296387
0.22394944727420807
0.216505765914917
0.2255011796951294
0.22562769055366516
0.209158793091774
0.2208191156387329
0.20069913566112518
0.22945931553840637
0.20427961647510529
0.20055004954338074
0.2070561647415161
0.201854407787323
0.20596088469028473
0.20596088469028473
0.20596088469028473
0.20596088469028473
0.20596088469028473
0.20596088469028473
0.20596088469028473
0.20596088469028473
0.20596088469028473
0.20596088469028473
0.20596088469028473
0.20596088469028473
0.20596088469028473
0.20596088469028473
0.20596088469028473
0.20596088469028473
0.20596088469028473
0.20596088469028473
0.20596088469028473
0.20596088469028473
0.20596088469028473
0.20596088469028473
0.20596088469028473
0.20596088469028473
0.20596088469028473
