1.2958892583847046
0.46876299381256104
0.46876299381256104
0.23748153448104858
0.24043746292591095
0.2414059042930603
0.24065342545509338
0.2405514419078827
0.23119446635246277
0.21549184620380402
0.20754362642765045
0.21201811730861664
0.21201811730861664
0.2122228443622589
0.21125400066375732
0.21041812002658844
0.21138104796409607
0.21089822053909302
0.21153894066810608
0.207178995013237
0.20618116855621338
0.20761622488498688
0.20761622488498688
0.21757560968399048
0.2094479650259018
0.21189843118190765
0.21115601062774658
0.21064995229244232
0.20793896913528442
0.21216943860054016
0.21299807727336884
0.21163375675678253
0.21163375675678253
0.21358507871627808
0.2125030905008316
0.21110928058624268
0.2144135683774948
0.21063072979450226
0.21066564321517944
0.21063663065433502
0.21176683902740479
0.21159455180168152
0.21159455180168152
0.2081080824136734
0.21187540888786316
0.21431419253349304
0.21190431714057922
0.2114834487438202
0.21642515063285828
0.20884424448013306
0.2135632336139679
0.20983213186264038
0.20983213186264038
0.2109547108411789
0.20990915596485138
0.2131240963935852
0.21217894554138184
0.21108302474021912
0.21129678189754486
0.2122306525707245
0.21061424911022186
0.21134653687477112
0.21134653687477112
0.21082720160484314
0.21261471509933472
0.21546882390975952
0.21297025680541992
0.20988768339157104
0.21325959265232086
0.21427711844444275
0.20999138057231903
0.21162906289100647
0.21162906289100647
0.20989178121089935
0.21316026151180267
0.21238140761852264
0.21034252643585205
0.2098650336265564
0.21116650104522705
0.21147514879703522
0.2119540572166443
0.2151179313659668
0.2151179313659668
0.21078544855117798
0.21158656477928162
0.2125745713710785
0.21792297065258026
0.21193689107894897
0.21180592477321625
0.20978713035583496
0.20955832302570343
0.21198676526546478
0.21198676526546478
0.2164757251739502
0.21110226213932037
0.21223247051239014
0.20611222088336945
0.2174379676580429
0.21333906054496765
0.21938514709472656
0.2074357122182846
0.1950617879629135
0.1950617879629135
0.22528496384620667
0.20477506518363953
0.22360068559646606
0.20577330887317657
0.2227516770362854
0.2033786177635193
0.2231093794107437
0.20472842454910278
0.22226355969905853
0.22226355969905853
0.20525173842906952
0.22088994085788727
0.2069447785615921
0.210576593875885
0.2061537504196167
0.21553538739681244
0.21098974347114563
0.20817606151103973
0.21541064977645874
0.21541064977645874
0.21004557609558105
0.2082144021987915
0.22355730831623077
0.22429947555065155
0.218109130859375
0.21312446892261505
0.21464039385318756
0.21623043715953827
0.2092401534318924
0.2092401534318924
0.21667683124542236
0.21728190779685974
0.2146407812833786
0.21385252475738525
0.21314261853694916
0.21621505916118622
0.20339958369731903
0.20368780195713043
0.21364007890224457
0.21364007890224457
0.21120496094226837
0.20969583094120026
0.21584197878837585
0.2142995148897171
0.20480917394161224
0.20496143400669098
0.2229377180337906
0.21205267310142517
0.2079862803220749
0.2079862803220749
0.21761634945869446
0.20722797513008118
0.21491724252700806
0.20922552049160004
0.2118424028158188
0.21862158179283142
0.2096073180437088
0.20812615752220154
0.19354726374149323
0.19354726374149323
0.21691302955150604
0.2201172113418579
0.20528340339660645
0.21482452750205994
0.21058054268360138
0.2087658792734146
0.20966915786266327
0.21218568086624146
0.21313445270061493
0.21313445270061493
0.20901764929294586
0.2111125886440277
0.21709506213665009
0.2133614420890808
0.20935821533203125
0.21348002552986145
0.21255308389663696
0.2159457802772522
0.2148301601409912
0.2148301601409912
0.2146599441766739
0.21623599529266357
0.20787522196769714
0.20747296512126923
0.20452523231506348
0.2081819474697113
0.21397055685520172
0.21042084693908691
0.2108249068260193
0.2108249068260193
0.20443131029605865
0.21701939404010773
0.20508797466754913
0.21420012414455414
0.20888745784759521
0.21851779520511627
0.2059708684682846
0.21306325495243073
0.21296299993991852
0.21296299993991852
0.21138618886470795
0.21426710486412048
0.2058275192975998
0.21263587474822998
0.21050845086574554
0.21756303310394287
0.21172180771827698
0.20996184647083282
0.2062370330095291
0.2062370330095291
0.21405883133411407
0.20930081605911255
0.21659037470817566
0.210506871342659
0.2137303650379181
0.2116953432559967
0.21247124671936035
0.2106035351753235
0.2112119197845459
0.2112119197845459
0.21105505526065826
0.21011918783187866
0.22368468344211578
0.21255765855312347
0.21211795508861542
0.2167489379644394
0.21026821434497833
0.20863184332847595
0.2117878794670105
0.2117878794670105
0.20394587516784668
0.19150224328041077
0.20649494230747223
0.20289494097232819
0.22169390320777893
0.2024173140525818
0.20995521545410156
0.20562508702278137
0.20892544090747833
0.20892544090747833
0.21876686811447144
0.2102305293083191
0.21309435367584229
0.20652703940868378
0.20993471145629883
0.2116222381591797
0.2099122405052185
0.21064551174640656
0.2116953432559967
0.2116953432559967
0.2116953432559967
0.2116953432559967
0.2116953432559967
0.2116953432559967
0.2116953432559967
0.2116953432559967
0.2116953432559967
0.2116953432559967
0.2116953432559967
0.2116953432559967
0.2116953432559967
0.2116953432559967
0.2116953432559967
0.2116953432559967
0.2116953432559967
0.2116953432559967
0.2116953432559967
0.2116953432559967
0.2116953432559967
0.2116953432559967
0.2116953432559967
0.2116953432559967
0.2116953432559967
