1.295625925064087
0.4687217175960541
0.4687217175960541
0.23747111856937408
0.24042122066020966
0.2413874715566635
0.24063172936439514
0.24052588641643524
0.23116327822208405
0.21544672548770905
0.2075045108795166
0.21198411285877228
0.21198411285877228
0.2121930867433548
0.21122612059116364
0.21038907766342163
0.21135403215885162
0.21087117493152618
0.21151134371757507
0.20715409517288208
0.20615826547145844
0.2075938731431961
0.2075938731431961
0.21755599975585938
0.20942911505699158
0.21188068389892578
0.21113750338554382
0.21063187718391418
0.20791898667812347
0.21215206384658813
0.21297991275787354
0.21161562204360962
0.21161562204360962
0.21356752514839172
0.21248480677604675
0.21109256148338318
0.21439562737941742
0.21061336994171143
0.21064864099025726
0.21061931550502777
0.21174994111061096
0.21157680451869965
0.21157680451869965
0.20809082686901093
0.21185792982578278
0.21429765224456787
0.21188704669475555
0.21146699786186218
0.2164074331521988
0.2088264375925064
0.21354477107524872
0.20981465280056
0.20981465280056
0.21093720197677612
0.20989184081554413
0.2131069302558899
0.21216309070587158
0.21106559038162231
0.21127933263778687
0.21221336722373962
0.21059751510620117
0.21132822334766388
0.21132822334766388
0.2108100950717926
0.21259784698486328
0.21545179188251495
0.21295283734798431
0.20987124741077423
0.21324199438095093
0.21425940096378326
0.20997372269630432
0.21161215007305145
0.21161215007305145
0.2098740041255951
0.2131420224905014
0.2123638242483139
0.21032488346099854
0.2098473757505417
0.21115009486675262
0.2114577293395996
0.2119373381137848
0.21509934961795807
0.21509934961795807
0.21076811850070953
0.2115689367055893
0.21255820989608765
0.21790564060211182
0.21191951632499695
0.21178902685642242
0.2097676694393158
0.20954033732414246
0.2119700163602829
0.2119700163602829
0.21645644307136536
0.21108444035053253
0.21221193671226501
0.20609650015830994
0.21741484105587006
0.2133188396692276
0.2193603366613388
0.2074112445116043
0.19503793120384216
0.19503793120384216
0.2252560555934906
0.2047484666109085
0.22356902062892914
0.20574559271335602
0.22271886467933655
0.20335069298744202
0.22307518124580383
0.2046995759010315
0.22222839295864105
0.22222839295864105
0.20522253215312958
0.2208530306816101
0.20691481232643127
0.21054407954216003
0.20612114667892456
0.21549728512763977
0.2109563797712326
0.2081431895494461
0.21537037193775177
0.21537037193775177
0.21001163125038147
0.20817850530147552
0.22351416945457458
0.22426384687423706
0.21807214617729187
0.21308965981006622
0.21459996700286865
0.21619059145450592
0.20920565724372864
0.20920565724372864
0.21663452684879303
0.21723893284797668
0.21460114419460297
0.21381284296512604
0.21310387551784515
0.2161722183227539
0.2033543437719345
0.20365160703659058
0.21360452473163605
0.21360452473163605
0.21116869151592255
0.20965835452079773
0.21580103039741516
0.214259535074234
0.20477734506130219
0.20493072271347046
0.2229001224040985
0.2120138704776764
0.20795264840126038
0.20795264840126038
0.21757397055625916
0.20718936622142792
0.2148773968219757
0.20918749272823334
0.21180522441864014
0.21857662498950958
0.20957188308238983
0.2080887109041214
0.1934964507818222
0.1934964507818222
0.21687819063663483
0.22007280588150024
0.20524786412715912
0.21478384733200073
0.2105400264263153
0.2087273895740509
0.20963267982006073
0.21214306354522705
0.21309351921081543
0.21309351921081543
0.20898161828517914
0.2110736221075058
0.21705316007137299
0.21332183480262756
0.20932061970233917
0.2134394496679306
0.2125129997730255
0.21590928733348846
0.21478968858718872
0.21478968858718872
0.2146185040473938
0.2161945402622223
0.20783020555973053
0.20742444694042206
0.20449234545230865
0.20814256370067596
0.21393248438835144
0.21038340032100677
0.21078646183013916
0.21078646183013916
0.20439855754375458
0.21697312593460083
0.20505580306053162
0.2141544371843338
0.20885254442691803
0.21847723424434662
0.2059352546930313
0.2130240648984909
0.21292346715927124
0.21292346715927124
0.21134628355503082
0.21422766149044037
0.20578931272029877
0.2125949263572693
0.21046943962574005
0.21752163767814636
0.2116832286119461
0.2099285125732422
0.2062058448791504
0.2062058448791504
0.2140168994665146
0.20926347374916077
0.21654707193374634
0.21046938002109528
0.2136898934841156
0.2116556316614151
0.21243193745613098
0.21056658029556274
0.21117353439331055
0.21117353439331055
0.21101640164852142
0.21007885038852692
0.223652645945549
0.2125307321548462
0.2120831459760666
0.2167080044746399
0.21023161709308624
0.2085980325937271
0.21174758672714233
0.21174758672714233
0.20391301810741425
0.19146648049354553
0.20646034181118011
0.2028668224811554
0.2216607630252838
0.20237931609153748
0.20992040634155273
0.2055911272764206
0.20888660848140717
0.20888660848140717
0.2187248170375824
0.21019363403320312
0.21305491030216217
0.206491619348526
0.20989538729190826
0.21158598363399506
0.20987625420093536
0.210608571767807
0.21127942204475403
0.21117641031742096
0.21109236776828766
0.2111787497997284
0.21115681529045105
0.21117134392261505
0.211152121424675
0.21115712821483612
0.2111617773771286
0.21117334067821503
0.21116246283054352
0.2111479640007019
0.21115468442440033
0.21114519238471985
0.2111559957265854
0.2111414521932602
0.2111763060092926
0.2111644297838211
0.2110777199268341
0.21013371646404266
0.21122798323631287
0.21119241416454315
0.2111680656671524
0.2111770659685135
0.21118232607841492
