0.6150477528572083
0.2463386505842209
0.2463386505842209
0.12753766775131226
0.12963534891605377
0.13092713057994843
0.13185912370681763
0.13420478999614716
0.13285644352436066
0.12834979593753815
0.12388017773628235
0.12707607448101044
0.12707607448101044
0.12778262794017792
0.12740084528923035
0.12738089263439178
0.1279875785112381
0.1280393898487091
0.12869131565093994
0.1256348341703415
0.1249181479215622
0.12565049529075623
0.12565049529075623
0.13185366988182068
0.1265385001897812
0.12799213826656342
0.1274971216917038
0.12720142304897308
0.12553240358829498
0.12810802459716797
0.1287573277950287
0.12780211865901947
0.12780211865901947
0.12915998697280884
0.12847106158733368
0.12744271755218506
0.12965704500675201
0.1271466463804245
0.12704457342624664
0.1271013468503952
0.12774762511253357
0.12766562402248383
0.12766562402248383
0.12532049417495728
0.12786419689655304
0.12941840291023254
0.12779401242733002
0.12754011154174805
0.1307462751865387
0.12574559450149536
0.12895023822784424
0.12627477943897247
0.12627477943897247
0.12707629799842834
0.12628056108951569
0.12846270203590393
0.1277104914188385
0.12703819572925568
0.12726086378097534
0.12777940928936005
0.12656831741333008
0.1272149682044983
0.1272149682044983
0.12669163942337036
0.12787383794784546
0.12984909117221832
0.12808285653591156
0.1258973330259323
0.12826012074947357
0.1290556788444519
0.1259363293647766
0.12712587416172028
0.12712587416172028
0.12583325803279877
0.12829095125198364
0.12751057744026184
0.1260039359331131
0.1257704347372055
0.12631456553936005
0.1268976926803589
0.1269274801015854
0.1295255869626999
0.1295255869626999
0.12605972588062286
0.12674593925476074
0.12726278603076935
0.1310446709394455
0.1269826591014862
0.12661974132061005
0.1257786899805069
0.12527339160442352
0.1267467439174652
0.1267467439174652
0.13049480319023132
0.12611885368824005
0.12736913561820984
0.12200270593166351
0.13096213340759277
0.1267062872648239
0.1314767748117447
0.12339907139539719
0.11511404067277908
0.11511404067277908
0.13552382588386536
0.12188557535409927
0.13451699912548065
0.12264226377010345
0.13364733755588531
0.12063540518283844
0.13389195501804352
0.12181445211172104
0.13324134051799774
0.13324134051799774
0.12197067588567734
0.13226544857025146
0.1231086328625679
0.1257850080728531
0.12251342833042145
0.12861637771129608
0.12603169679641724
0.12371178716421127
0.12875697016716003
0.12875697016716003
0.1251341551542282
0.12403014302253723
0.134139746427536
0.13510183990001678
0.1291191428899765
0.12575528025627136
0.12810540199279785
0.12967415153980255
0.12479571998119354
0.12479571998119354
0.1296021193265915
0.13040974736213684
0.12843330204486847
0.1277482509613037
0.12734371423721313
0.12954622507095337
0.1203104555606842
0.12069708108901978
0.1272803395986557
0.1272803395986557
0.12580987811088562
0.124626025557518
0.1292864978313446
0.1281568557024002
0.12153474986553192
0.12171118706464767
0.1339472532272339
0.12675927579402924
0.1237349808216095
0.1237349808216095
0.13055942952632904
0.12277717143297195
0.12845301628112793
0.12472256273031235
0.1269073188304901
0.13107648491859436
0.12491291016340256
0.12369212508201599
0.11322137713432312
0.11322137713432312
0.1287655383348465
0.13286063075065613
0.12112496793270111
0.12817393243312836
0.1257466971874237
0.12416008114814758
0.12490788847208023
0.12647345662117004
0.12719908356666565
0.12719908356666565
0.1245056688785553
0.12582458555698395
0.13016127049922943
0.12743262946605682
0.12453874945640564
0.12744459509849548
0.1265375018119812
0.1289868801832199
0.12822455167770386
0.12822455167770386
0.12816555798053741
0.1289852112531662
0.12300356477499008
0.12233244627714157
0.12092790752649307
0.12359464168548584
0.12743660807609558
0.12534408271312714
0.1254402995109558
0.1254402995109558
0.12112540751695633
0.12940295040607452
0.12161840498447418
0.12702292203903198
0.12380630522966385
0.13092045485973358
0.12245272845029831
0.1271880567073822
0.12699797749519348
0.12699797749519348
0.12559570372104645
0.12782588601112366
0.12183327972888947
0.1266336739063263
0.12540890276432037
0.13007047772407532
0.1261603981256485
0.12494812160730362
0.12244314700365067
0.12244314700365067
0.12772583961486816
0.1243240013718605
0.12930451333522797
0.12521231174468994
0.12753789126873016
0.125987246632576
0.12678521871566772
0.12533274292945862
0.12554174661636353
0.12554174661636353
0.12563163042068481
0.12476920336484909
0.13302354514598846
0.12175317108631134
0.12176328897476196
0.13163290917873383
0.1248682513833046
0.12411315739154816
0.1259535402059555
0.1259535402059555
0.12081887573003769
0.11225558817386627
0.12104707956314087
0.12052241712808609
0.12795932590961456
0.11969650536775589
0.12342178076505661
0.12096448242664337
0.12487604469060898
0.12487604469060898
0.13121715188026428
0.12568339705467224
0.12683096528053284
0.12259932607412338
0.1249147281050682
0.12612497806549072
0.12505482137203217
0.1252959668636322
0.125987246632576
0.125987246632576
0.125987246632576
0.125987246632576
0.125987246632576
0.125987246632576
0.125987246632576
0.125987246632576
0.125987246632576
0.125987246632576
0.125987246632576
0.125987246632576
0.125987246632576
0.125987246632576
0.125987246632576
0.125987246632576
0.125987246632576
0.125987246632576
0.125987246632576
0.125987246632576
0.125987246632576
0.125987246632576
0.125987246632576
0.125987246632576
0.125987246632576
