-0.030991077423095703
-0.002373218536376953
-0.002373218536376953
-0.00038695335388183594
-0.0004248619079589844
-0.0004508495330810547
-0.0004668235778808594
-0.0005338191986083984
-0.00061798095703125
-0.0008690357208251953
-0.0007560253143310547
-0.0007269382476806641
-0.0007269382476806641
-0.0006873607635498047
-0.00064849853515625
-0.0006237030029296875
-0.0006012916564941406
-0.0005979537963867188
-0.0005409717559814453
-0.0004467964172363281
-0.0004131793975830078
-0.000438690185546875
-0.000438690185546875
-0.0005791187286376953
-0.00054931640625
-0.0005652904510498047
-0.0005619525909423828
-0.0005772113800048828
-0.0005471706390380859
-0.0005893707275390625
-0.000614166259765625
-0.000598907470703125
-0.000598907470703125
-0.0006148815155029297
-0.0006058216094970703
-0.0006015300750732422
-0.0006270408630371094
-0.0006079673767089844
-0.0005979537963867188
-0.0005943775177001953
-0.0006127357482910156
-0.0006020069122314453
-0.0006020069122314453
-0.0005705356597900391
-0.0006031990051269531
-0.0006453990936279297
-0.0006165504455566406
-0.0006158351898193359
-0.0006444454193115234
-0.0005927085876464844
-0.000614166259765625
-0.0005910396575927734
-0.0005910396575927734
-0.0005953311920166016
-0.0005753040313720703
-0.000629425048828125
-0.0006215572357177734
-0.0005970001220703125
-0.0006082057952880859
-0.0006256103515625
-0.0005931854248046875
-0.0005972385406494141
-0.0005972385406494141
-0.0006058216094970703
-0.0006182193756103516
-0.0006365776062011719
-0.0006186962127685547
-0.0005977153778076172
-0.00061798095703125
-0.0006380081176757812
-0.0005931854248046875
-0.0006153583526611328
-0.0006153583526611328
-0.0005903244018554688
-0.0006186962127685547
-0.0006349086761474609
-0.0006115436553955078
-0.0006132125854492188
-0.0006272792816162109
-0.0006253719329833984
-0.0006246566772460938
-0.0006434917449951172
-0.0006434917449951172
-0.0006020069122314453
-0.0006201267242431641
-0.0006375312805175781
-0.0006697177886962891
-0.0006287097930908203
-0.0006403923034667969
-0.0006101131439208984
-0.0006418228149414062
-0.0006716251373291016
-0.0006716251373291016
-0.0006947517395019531
-0.0006651878356933594
-0.0006880760192871094
-0.0006504058837890625
-0.0007929801940917969
-0.0008094310760498047
-0.0008330345153808594
-0.0006773471832275391
-0.0005288124084472656
-0.0005288124084472656
-0.0008695125579833984
-0.0006003379821777344
-0.0008783340454101562
-0.0006124973297119141
-0.0008494853973388672
-0.0005891323089599609
-0.0008513927459716797
-0.000598907470703125
-0.0008518695831298828
-0.0008518695831298828
-0.0006110668182373047
-0.0008571147918701172
-0.0006248950958251953
-0.0006725788116455078
-0.0006442070007324219
-0.0007948875427246094
-0.0006678104400634766
-0.0006515979766845703
-0.0008063316345214844
-0.0008063316345214844
-0.0006718635559082031
-0.0006787776947021484
-0.0008718967437744141
-0.0007541179656982422
-0.0007433891296386719
-0.0006766319274902344
-0.0007541179656982422
-0.0007576942443847656
-0.0006742477416992188
-0.0006742477416992188
-0.0007963180541992188
-0.0007908344268798828
-0.0007483959197998047
-0.0007469654083251953
-0.0007355213165283203
-0.0007801055908203125
-0.0007436275482177734
-0.0006511211395263672
-0.0007150173187255859
-0.0007150173187255859
-0.0006935596466064453
-0.0007150173187255859
-0.0007801055908203125
-0.0007627010345458984
-0.0005943775177001953
-0.0005888938903808594
-0.0007941722869873047
-0.0007402896881103516
-0.0006411075592041016
-0.0006411075592041016
-0.0008084774017333984
-0.0007135868072509766
-0.0007634162902832031
-0.0007042884826660156
-0.0007069110870361328
-0.0008378028869628906
-0.0006861686706542969
-0.0007076263427734375
-0.0007865428924560547
-0.0007865428924560547
-0.0007336139678955078
-0.0008223056793212891
-0.0006732940673828125
-0.0007703304290771484
-0.0007402896881103516
-0.0007166862487792969
-0.0006871223449707031
-0.0007872581481933594
-0.00077056884765625
-0.00077056884765625
-0.0006864070892333984
-0.0007367134094238281
-0.0007991790771484375
-0.0007550716400146484
-0.000701904296875
-0.0007600784301757812
-0.00075531005859375
-0.0007305145263671875
-0.0007700920104980469
-0.0007700920104980469
-0.0007822513580322266
-0.0007910728454589844
-0.0007898807525634766
-0.0008225440979003906
-0.0006296634674072266
-0.0007295608520507812
-0.0007445812225341797
-0.0007042884826660156
-0.0007297992706298828
-0.0007297992706298828
-0.0006129741668701172
-0.0008447170257568359
-0.0006177425384521484
-0.0008237361907958984
-0.0006766319274902344
-0.0007832050323486328
-0.0006532669067382812
-0.0007448196411132812
-0.0007529258728027344
-0.0007529258728027344
-0.0007455348968505859
-0.0007579326629638672
-0.0006935596466064453
-0.0007543563842773438
-0.0007326602935791016
-0.0007848739624023438
-0.0007262229919433594
-0.0006415843963623047
-0.0006053447723388672
-0.0006053447723388672
-0.0007698535919189453
-0.0006916522979736328
-0.0008065700531005859
-0.0006985664367675781
-0.0007538795471191406
-0.0007393360137939453
-0.0007359981536865234
-0.0006833076477050781
-0.0007255077362060547
-0.0007255077362060547
-0.0007135868072509766
-0.0007290840148925781
-0.0007007122039794922
-0.0006144046783447266
-0.0007164478302001953
-0.0007584095001220703
-0.0006771087646484375
-0.000629425048828125
-0.0007312297821044922
-0.0007312297821044922
-0.0005953311920166016
-0.0005967617034912109
-0.0006196498870849609
-0.0005788803100585938
-0.0007135868072509766
-0.0006589889526367188
-0.0006506443023681641
-0.0006346702575683594
-0.0006859302520751953
-0.0006859302520751953
-0.0007781982421875
-0.0006668567657470703
-0.0007314682006835938
-0.0006415843963623047
-0.0007171630859375
-0.0006711483001708984
-0.0006594657897949219
-0.0006821155548095703
-0.0007393360137939453
-0.0007393360137939453
-0.0007393360137939453
-0.0007393360137939453
-0.0007393360137939453
-0.0007393360137939453
-0.0007393360137939453
-0.0007393360137939453
-0.0007393360137939453
-0.0007393360137939453
-0.0007393360137939453
-0.0007393360137939453
-0.0007393360137939453
-0.0007393360137939453
-0.0007393360137939453
-0.0007393360137939453
-0.0007393360137939453
-0.0007393360137939453
-0.0007393360137939453
-0.0007393360137939453
-0.0007393360137939453
-0.0007393360137939453
-0.0007393360137939453
-0.0007393360137939453
-0.0007393360137939453
