0.6020379066467285
0.1205480620265007
0.1205480620265007
0.03652427718043327
0.03681290149688721
0.038695115596055984
0.04073392599821091
0.044948410242795944
0.05174563452601433
0.06386344879865646
0.06575413048267365
0.06721968948841095
0.06721968948841095
0.06798829138278961
0.06721218675374985
0.06646557152271271
0.06714868545532227
0.0681164413690567
0.06718556582927704
0.06473410129547119
0.06471049785614014
0.06337102502584457
0.06337102502584457
0.07043563574552536
0.06546895205974579
0.06648716330528259
0.06538935750722885
0.06564225256443024
0.06254406273365021
0.0668826550245285
0.06695891916751862
0.06592253595590591
0.06592253595590591
0.06747598201036453
0.06608595699071884
0.06626876443624496
0.06771451979875565
0.0655432939529419
0.06578324735164642
0.06612155586481094
0.06644853949546814
0.06574957072734833
0.06574957072734833
0.06409025192260742
0.06626055389642715
0.06790107488632202
0.0661669373512268
0.0667397752404213
0.06825333088636398
0.06422214210033417
0.06618832796812057
0.06484733521938324
0.06484733521938324
0.06558213382959366
0.0646953210234642
0.06668159365653992
0.06651335954666138
0.0653260126709938
0.06559919565916061
0.06613940745592117
0.06520701199769974
0.06503013521432877
0.06503013521432877
0.06536369770765305
0.06652402877807617
0.06828171014785767
0.06664500385522842
0.06486400216817856
0.06661605834960938
0.06705044955015182
0.06433970481157303
0.06637195497751236
0.06637195497751236
0.06471772491931915
0.06644517928361893
0.06619378924369812
0.06422112882137299
0.06476972252130508
0.06526277959346771
0.06505866348743439
0.06546071171760559
0.06710001826286316
0.06710001826286316
0.06482172012329102
0.06545541435480118
0.06617995351552963
0.06909064948558807
0.06513985246419907
0.06534647941589355
0.06347529590129852
0.06388679146766663
0.06563346087932587
0.06563346087932587
0.06769764423370361
0.06483111530542374
0.06454966217279434
0.06193925812840462
0.06765986979007721
0.06757103651762009
0.07039262354373932
0.06183534115552902
0.05348987504839897
0.05348987504839897
0.07523214817047119
0.05915910378098488
0.0746167004108429
0.0599614717066288
0.07347278296947479
0.058306265622377396
0.07322351634502411
0.059176474809646606
0.07286253571510315
0.07286253571510315
0.05956665799021721
0.0723041370511055
0.06063288077712059
0.06297677755355835
0.060548413544893265
0.0678032711148262
0.06327155977487564
0.06196034699678421
0.06811856478452682
0.06811856478452682
0.0630933940410614
0.06243479624390602
0.07267318665981293
0.07020115852355957
0.06790156662464142
0.06252802163362503
0.06668540835380554
0.06763767451047897
0.06225156784057617
0.06225156784057617
0.06838290393352509
0.06861680001020432
0.06649549305438995
0.06636165082454681
0.06573803722858429
0.06770114600658417
0.06158680468797684
0.05900401994585991
0.06538977473974228
0.06538977473974228
0.06354542821645737
0.06360001862049103
0.0675554871559143
0.06626320630311966
0.0595107302069664
0.05971556529402733
0.07067666202783585
0.06480373442173004
0.06142786517739296
0.06142786517739296
0.06846193224191666
0.061549875885248184
0.06631359457969666
0.06224433332681656
0.06348424404859543
0.06945062428712845
0.06259839236736298
0.06192166358232498
0.0567810982465744
0.0567810982465744
0.06629452109336853
0.06890501081943512
0.06063500791788101
0.06652718782424927
0.06374763697385788
0.06253436952829361
0.06241521239280701
0.06571634113788605
0.06591248512268066
0.06591248512268066
0.06225374713540077
0.06371298432350159
0.06825912743806839
0.06543345004320145
0.06256776303052902
0.06552979350090027
0.06541911512613297
0.06627120822668076
0.06681656837463379
0.06681656837463379
0.06685992330312729
0.06765276938676834
0.06326131522655487
0.06430559605360031
0.05950053036212921
0.061878472566604614
0.06567981839179993
0.06318222731351852
0.06379994004964828
0.06379994004964828
0.05953340232372284
0.0691242516040802
0.05978112295269966
0.06750641763210297
0.06220437213778496
0.06819525361061096
0.0605228990316391
0.0647500604391098
0.06513746827840805
0.06513746827840805
0.06397037953138351
0.06585816293954849
0.06056741997599602
0.06508931517601013
0.06387072801589966
0.06819423288106918
0.06412749737501144
0.06234973296523094
0.06035657227039337
0.06035657227039337
0.06613744795322418
0.06234775111079216
0.06816451251506805
0.0631878599524498
0.06560297310352325
0.06410536915063858
0.06478292495012283
0.06310535967350006
0.06400406360626221
0.06400406360626221
0.06358037143945694
0.06335964798927307
0.06894954293966293
0.05936291813850403
0.06366638094186783
0.06794358044862747
0.06325754523277283
0.061618562787771225
0.06448613852262497
0.06448613852262497
0.05924932658672333
0.052432190626859665
0.05718054622411728
0.061822809278964996
0.0661250501871109
0.059748321771621704
0.06126939132809639
0.06013520807027817
0.06176140159368515
0.06176140159368515
0.06809434294700623
0.06279171258211136
0.06524180620908737
0.060868408530950546
0.0631558895111084
0.0638328269124031
0.06268756836652756
0.06354673951864243
0.01324427779763937
0.006613997742533684
0.004779723472893238
0.003296706359833479
0.0028183816466480494
0.0025834189727902412
0.0023629905190318823
0.0027293351013213396
0.0024002823047339916
0.0022558835335075855
0.0021541807800531387
0.0021782845724374056
0.0021304155234247446
0.002165339421480894
0.0021409899927675724
0.002115848707035184
0.0021471837535500526
0.002089250134304166
0.003315509529784322
0.14047501981258392
0.004642185755074024
0.002587295137345791
0.002347427187487483
0.0023270556703209877
0.002303880639374256
