15.930612564086914
3.5372328758239746
1.2556002140045166
0.29235583543777466
0.293956995010376
0.30897605419158936
0.3188810348510742
0.33858853578567505
0.3768573999404907
0.49627602100372314
0.5624293088912964
0.5916963815689087
0.2854388654232025
0.28600484132766724
0.28310316801071167
0.27621322870254517
0.27869006991386414
0.2794119119644165
0.28071555495262146
0.2783430516719818
0.2933083176612854
0.2907816171646118
0.2269449532032013
0.2570534944534302
0.24250173568725586
0.2443031221628189
0.23782923817634583
0.24241158366203308
0.22722670435905457
0.24635808169841766
0.24652786552906036
0.24332910776138306
0.220420241355896
0.22529807686805725
0.2186557650566101
0.22234413027763367
0.22315239906311035
0.22023813426494598
0.21922165155410767
0.21929964423179626
0.22272014617919922
0.2173861563205719
0.1686384677886963
0.1650940328836441
0.16960284113883972
0.17656287550926208
0.17036420106887817
0.17334723472595215
0.17372514307498932
0.16555091738700867
0.1674312800168991
0.16683246195316315
0.1023792028427124
0.10236592590808868
0.10133422166109085
0.10488307476043701
0.1054076999425888
0.10277101397514343
0.1028527021408081
0.10463062673807144
0.1026577427983284
0.10135374218225479
0.07022173702716827
0.07175268232822418
0.07262001931667328
0.07421558350324631
0.07274775207042694
0.0714835524559021
0.07226112484931946
0.07313084602355957
0.0701008290052414
0.07253323495388031
0.06823273003101349
0.06644032895565033
0.06774917989969254
0.06865224987268448
0.06714734435081482
0.06751987338066101
0.06851150840520859
0.06817564368247986
0.06804390251636505
0.06834641844034195
0.06066600978374481
0.059307511895895004
0.060097046196460724
0.06096279248595238
0.06272603571414948
0.06010457128286362
0.06030472368001938
0.057863760739564896
0.059780918061733246
0.061545856297016144
0.05848397687077522
0.058547019958496094
0.05709676817059517
0.05722339078783989
0.057720862329006195
0.06641613692045212
0.07914260029792786
0.08043742179870605
0.06798788905143738
0.05463070422410965
0.048226628452539444
0.0975392609834671
0.05630471929907799
0.10251954197883606
0.059283386915922165
0.1037084236741066
0.05854065716266632
0.10375653207302094
0.06117527559399605
0.10749460011720657
0.08957449346780777
0.0661141574382782
0.09114566445350647
0.06783217936754227
0.07280948758125305
0.07208313047885895
0.08674756437540054
0.07454146444797516
0.07592572271823883
0.09150731563568115
0.08504263311624527
0.07425175607204437
0.07868243753910065
0.09236107766628265
0.07902548462152481
0.08917004615068436
0.07543066889047623
0.089583620429039
0.09076914191246033
0.07859985530376434
0.07579651474952698
0.09413725137710571
0.09507167339324951
0.08957364410161972
0.09249678254127502
0.0927479937672615
0.09864216297864914
0.10533149540424347
0.08425955474376678
0.0905839204788208
0.08822739124298096
0.08693796396255493
0.09288553893566132
0.09933041036128998
0.0988306924700737
0.07761521637439728
0.07208836078643799
0.09293127059936523
0.09524492919445038
0.08858701586723328
0.08545251190662384
0.10142607986927032
0.09380558133125305
0.1001138761639595
0.08913584798574448
0.08682116121053696
0.10686979442834854
0.086271733045578
0.09144271910190582
0.11814787983894348
0.10799449682235718
0.08963803946971893
0.10312405228614807
0.09146510809659958
0.10378777980804443
0.10065290331840515
0.09398553520441055
0.08946624398231506
0.10321454703807831
0.10238952934741974
0.09541893750429153
0.08261686563491821
0.08932605385780334
0.09816782176494598
0.0945233702659607
0.08715642988681793
0.09767666459083557
0.09778949618339539
0.08727970719337463
0.0972113236784935
0.09387762099504471
0.09587362408638
0.09581731259822845
0.09818173944950104
0.10193946212530136
0.07772653549909592
0.08694751560688019
0.08812570571899414
0.08425254374742508
0.089486263692379
0.08751721680164337
0.06922633945941925
0.09798727929592133
0.06381735950708389
0.09422294795513153
0.0773075520992279
0.08973135054111481
0.07806985825300217
0.08425718545913696
0.08853643387556076
0.0878569632768631
0.09039662778377533
0.09028957784175873
0.08469323068857193
0.09372445940971375
0.08951576799154282
0.09888064116239548
0.08600182831287384
0.07264019548892975
0.06339128315448761
0.06195095181465149
0.0919499471783638
0.08244410157203674
0.09977265447378159
0.08360055088996887
0.09442678093910217
0.0919729471206665
0.08836641907691956
0.08189842104911804
0.08741117268800735
0.09887465089559555
0.09778228402137756
0.1027778759598732
0.08312374353408813
0.08684705197811127
0.0972871333360672
0.10061704367399216
0.0934392511844635
0.09071464091539383
0.10318174958229065
0.0903521478176117
0.06811792403459549
0.07477618753910065
0.07529541850090027
0.059057362377643585
0.07942837476730347
0.07846599817276001
0.0734160766005516
0.07468542456626892
0.07904600352048874
0.07773308455944061
0.09080055356025696
0.07634681463241577
0.08470144867897034
0.07469739019870758
0.08527101576328278
0.08308205008506775
0.08209291100502014
0.08186051994562149
0.0919729471206665
0.0919729471206665
0.0919729471206665
0.0919729471206665
0.0919729471206665
0.0919729471206665
0.0919729471206665
0.0919729471206665
0.0919729471206665
0.0919729471206665
0.0919729471206665
0.0919729471206665
0.0919729471206665
0.0919729471206665
0.0919729471206665
0.0919729471206665
0.0919729471206665
0.0919729471206665
0.0919729471206665
0.0919729471206665
0.0919729471206665
0.0919729471206665
0.0919729471206665
0.0919729471206665
0.0919729471206665
