0.6117405891418457
0.12101106345653534
0.12101106345653534
0.03655257448554039
0.038301900029182434
0.04017404466867447
0.04247639328241348
0.04743150621652603
0.05463111028075218
0.06725263595581055
0.06770426034927368
0.06900189071893692
0.06900189071893692
0.06939974427223206
0.06837844103574753
0.06786420196294785
0.06818388402462006
0.0690872073173523
0.06814054399728775
0.06511257588863373
0.06493347138166428
0.0640643909573555
0.0640643909573555
0.07082788646221161
0.0659671500325203
0.06688975542783737
0.06597324460744858
0.06616001576185226
0.06339099258184433
0.06724733114242554
0.06761620938777924
0.06648258864879608
0.06648258864879608
0.0679703950881958
0.06674126535654068
0.06665166467428207
0.06827566027641296
0.06604627519845963
0.06615061312913895
0.06647748500108719
0.06685340404510498
0.06625839322805405
0.06625839322805405
0.06441950052976608
0.06672462821006775
0.06829923391342163
0.0665980875492096
0.06701166182756424
0.0688493400812149
0.06472540646791458
0.06686543673276901
0.06520086526870728
0.06520086526870728
0.06599830090999603
0.06503777205944061
0.06715273857116699
0.0667683482170105
0.06575684994459152
0.06609638780355453
0.06663652509450912
0.06549174338579178
0.06559834629297256
0.06559834629297256
0.06575489044189453
0.06690489500761032
0.06873925030231476
0.06709898263216019
0.06515903025865555
0.0671098455786705
0.06765004992485046
0.06482033431529999
0.06674450635910034
0.06674450635910034
0.06520268321037292
0.06709332019090652
0.06676759570837021
0.06481209397315979
0.06529685109853745
0.06571827828884125
0.06568640470504761
0.06597478687763214
0.0678824856877327
0.0678824856877327
0.06528610736131668
0.06599750369787216
0.06665629148483276
0.0697561725974083
0.06579993665218353
0.0659540444612503
0.0643998384475708
0.06474816054105759
0.06640422344207764
0.06640422344207764
0.06880909949541092
0.06568637490272522
0.06588684767484665
0.062458377331495285
0.06973505765199661
0.0691184550523758
0.07243794202804565
0.06345374137163162
0.05465182662010193
0.05465182662010193
0.07768215239048004
0.06070185825228691
0.07735108584165573
0.06162753701210022
0.07620428502559662
0.05979962646961212
0.07582753896713257
0.06079340726137161
0.0754699856042862
0.0754699856042862
0.06119505316019058
0.07495684176683426
0.0622577890753746
0.06498342007398605
0.062359631061553955
0.07017356902360916
0.06517732888460159
0.06370048969984055
0.07057788223028183
0.07057788223028183
0.0649658590555191
0.06453343480825424
0.0752774178981781
0.07227415591478348
0.06961307674646378
0.06425944715738297
0.06915627419948578
0.07003065943717957
0.06414460390806198
0.06414460390806198
0.07086887210607529
0.07121667265892029
0.06884273141622543
0.06858386844396591
0.06782720983028412
0.07017116993665695
0.0639437809586525
0.06086801737546921
0.06713536381721497
0.06713536381721497
0.06531256437301636
0.06544944643974304
0.06978006660938263
0.06844137609004974
0.06099824607372284
0.06111918389797211
0.07289937883615494
0.06700992584228516
0.06307768076658249
0.06307768076658249
0.07094556838274002
0.06348350644111633
0.06860863417387009
0.06426122039556503
0.06561058759689331
0.07212423533201218
0.06443890929222107
0.06385873258113861
0.05937918648123741
0.05937918648123741
0.06808902323246002
0.07179798930883408
0.0621185228228569
0.06872321665287018
0.06599557399749756
0.06448616832494736
0.06429453194141388
0.06804484128952026
0.06818817555904388
0.06818817555904388
0.06412992626428604
0.0658041313290596
0.07064266502857208
0.06751067191362381
0.06444110721349716
0.06773211807012558
0.06752186268568039
0.06813938170671463
0.06907525658607483
0.06907525658607483
0.06918026506900787
0.06992485374212265
0.0656314268708229
0.06676875054836273
0.061105769127607346
0.06397520750761032
0.06762254238128662
0.06515059620141983
0.06576675176620483
0.06576675176620483
0.06116681173443794
0.07167065888643265
0.0614720843732357
0.0699511468410492
0.06400228291749954
0.07053973525762558
0.06247861683368683
0.06694675981998444
0.06724956631660461
0.06724956631660461
0.06608182936906815
0.06791303306818008
0.06253334134817123
0.06733841449022293
0.06590331345796585
0.07054271548986435
0.06614621728658676
0.06415816396474838
0.06191132590174675
0.06191132590174675
0.06863190978765488
0.06434822827577591
0.07061232626438141
0.0651913732290268
0.06779357045888901
0.06618625670671463
0.06689088046550751
0.0650826096534729
0.0659690797328949
0.0659690797328949
0.06561058014631271
0.06549196690320969
0.07038209587335587
0.059097085148096085
0.06470368802547455
0.07060590386390686
0.06513480097055435
0.06341136246919632
0.06667208671569824
0.06667208671569824
0.060941603034734726
0.05428169667720795
0.05850808322429657
0.06328622996807098
0.06709647178649902
0.06173500046133995
0.06285056471824646
0.06158078461885452
0.06414355337619781
0.06414355337619781
0.07072483003139496
0.06497146934270859
0.06736578047275543
0.06277807056903839
0.06533705443143845
0.06576468050479889
0.06459580361843109
0.06547253578901291
0.06618625670671463
0.06618625670671463
0.06618625670671463
0.06618625670671463
0.06618625670671463
0.06618625670671463
0.06618625670671463
0.06618625670671463
0.06618625670671463
0.06618625670671463
0.06618625670671463
0.06618625670671463
0.06618625670671463
0.06618625670671463
0.06618625670671463
0.06618625670671463
0.06618625670671463
0.06618625670671463
0.06618625670671463
0.06618625670671463
0.06618625670671463
0.06618625670671463
0.06618625670671463
0.06618625670671463
0.06618625670671463
