14767.8750
13234.4648
9844.5078
8888.5566
8697.2324
8829.8711
8807.7559
8463.0625
9309.3291
8316.7568
8789.6777
9180.2910
9048.7500
8450.1211
9084.4238
9126.1953
8795.1660
8902.5215
9341.6680
8755.3633
8622.9473
8357.1758
8336.0352
8900.6299
9783.7422
8999.1973
8480.9492
9228.6309
8659.3320
9106.3027
9230.5537
8906.7930
8896.3896
9398.9580
9031.1406
9143.6123
8441.8711
8598.3691
9040.2666
9595.2588
8911.8633
9819.0156
9822.6943
8713.5703
8504.8604
9147.1387
9316.6504
8862.7607
8828.1973
8506.0312
9249.7031
9085.5264
9041.0020
9041.4072
9086.1289
9040.5576
9040.6309
9085.8105
