0.6042,0.2543
0.6042,0.2543
0.6042,0.2543
0.6042,0.2543
0.6043,0.2543
0.6044,0.2544
0.6044,0.2544
0.6045,0.2544
0.6046,0.2544
0.6046,0.2544
0.6047,0.2544
0.6048,0.2544
0.6048,0.2545
0.6049,0.2545
0.6050,0.2545
0.6050,0.2545
0.6051,0.2545
0.6052,0.2545
0.6052,0.2545
0.6053,0.2545
0.6054,0.2546
0.6054,0.2546
0.6055,0.2546
0.6055,0.2546
0.6055,0.2546
0.6055,0.2546
0.6055,0.2546
0.6055,0.2546
0.6055,0.2546
0.6055,0.2546
0.6055,0.2546
0.6055,0.2546
0.6055,0.2546
0.6055,0.2546
0.6055,0.2546
0.6055,0.2546
0.6055,0.2546
0.6055,0.2546
0.6055,0.2546
0.6055,0.2546
0.6055,0.2546
0.6055,0.2546
0.6055,0.2546
0.6055,0.2546
0.6055,0.2546
0.6055,0.2546
0.6055,0.2546
0.6055,0.2546
0.6055,0.2546
0.6055,0.2546
0.6055,0.2546
0.6055,0.2546
0.6055,0.2546
0.6055,0.2546
0.6055,0.2546
0.6055,0.2546
0.6055,0.2546
0.6055,0.2546
0.6055,0.2546
0.6055,0.2546
0.6055,0.2546
0.6055,0.2546
0.6055,0.2546
0.6055,0.2546
0.6055,0.2546
0.6055,0.2546
0.6055,0.2546
0.6055,0.2546
0.6055,0.2546
0.6056,0.2546
0.6056,0.2546
0.6057,0.2546
0.6057,0.2546
0.6058,0.2546
0.6058,0.2547
0.6059,0.2547
0.6059,0.2547
0.6059,0.2547
0.6060,0.2547
0.6060,0.2547
0.6060,0.2547
0.6061,0.2547
0.6061,0.2547
0.6061,0.2547
0.6061,0.2548
0.6061,0.2548
0.6062,0.2548
0.6062,0.2548
0.6062,0.2548
0.6062,0.2548
0.6062,0.2548
0.6062,0.2548
0.6062,0.2548
0.6062,0.2548
0.6062,0.2548
0.6063,0.2549
0.6063,0.2549
0.6063,0.2549
0.6063,0.2549
0.6063,0.2549
0.6063,0.2549
0.6063,0.2549
0.6063,0.2549
0.6064,0.2550
0.6064,0.2550
0.6064,0.2550
0.6064,0.2550
0.6064,0.2550
0.6064,0.2550
0.6065,0.2550
0.6065,0.2550
0.6065,0.2550
0.6065,0.2550
0.6065,0.2550
0.6066,0.2551
0.6066,0.2551
0.6067,0.2551
0.6068,0.2551
0.6069,0.2551
0.6069,0.2551
0.6070,0.2551
0.6071,0.2551
0.6072,0.2551
0.6072,0.2551
0.6073,0.2551
0.6074,0.2551
0.6075,0.2551
0.6076,0.2551
0.6077,0.2550
0.6077,0.2550
0.6078,0.2550
0.6079,0.2550
0.6080,0.2550
0.6080,0.2550
0.6080,0.2550
0.6081,0.2550
0.6082,0.2550
0.6083,0.2550
0.6083,0.2550
0.6084,0.2550
0.6085,0.2550
0.6086,0.2550
0.6086,0.2550
0.6087,0.2551
0.6088,0.2551
0.6088,0.2551
0.6089,0.2551
0.6090,0.2551
0.6091,0.2551
0.6092,0.2551
0.6092,0.2552
0.6093,0.2552
0.6094,0.2552
0.6095,0.2552
0.6097,0.2552
0.6097,0.2552
0.6097,0.2552
0.6098,0.2553
0.6099,0.2553
0.6100,0.2553
0.6101,0.2553
0.6103,0.2553
0.6104,0.2553
0.6105,0.2553
0.6107,0.2553
0.6108,0.2553
0.6109,0.2553
0.6111,0.2553
0.6112,0.2553
0.6113,0.2553
0.6115,0.2553
0.6116,0.2553
0.6118,0.2553
0.6119,0.2553
0.6120,0.2553
0.6122,0.2553
0.6123,0.2553
0.6123,0.2553
0.6123,0.2553
0.6124,0.2553
0.6126,0.2553
0.6127,0.2553
0.6128,0.2553
0.6129,0.2553
0.6130,0.2554
0.6131,0.2554
0.6132,0.2554
0.6133,0.2554
0.6134,0.2554
0.6135,0.2554
0.6135,0.2555
0.6136,0.2555
0.6137,0.2555
0.6138,0.2555
0.6139,0.2556
0.6140,0.2556
0.6141,0.2556
0.6142,0.2556
0.6143,0.2557
0.6143,0.2557
0.6143,0.2557
0.6144,0.2557
0.6145,0.2557
0.6146,0.2557
0.6147,0.2557
0.6148,0.2557
0.6149,0.2557
0.6151,0.2557
0.6152,0.2557
0.6153,0.2557
0.6154,0.2557
0.6155,0.2557
0.6156,0.2557
0.6157,0.2557
0.6158,0.2557
0.6159,0.2557
0.6161,0.2557
0.6162,0.2557
0.6163,0.2557
0.6164,0.2557
0.6165,0.2557
0.6165,0.2557
0.6165,0.2557
0.6166,0.2557
0.6168,0.2557
0.6169,0.2557
0.6170,0.2557
0.6171,0.2557
0.6171,0.2557
0.6172,0.2557
0.6173,0.2557
0.6174,0.2558
0.6175,0.2558
0.6176,0.2558
0.6177,0.2558
0.6178,0.2558
0.6179,0.2558
0.6180,0.2559
0.6181,0.2559
0.6182,0.2559
0.6183,0.2559
0.6184,0.2560
0.6185,0.2560
0.6185,0.2560
0.6185,0.2560
0.6185,0.2560
0.6185,0.2560
0.6185,0.2560
0.6185,0.2560
0.6185,0.2560
0.6185,0.2560
0.6185,0.2560
0.6185,0.2560
0.6185,0.2560
0.6185,0.2560
0.6185,0.2560
0.6185,0.2560
0.6185,0.2560
0.6185,0.2560
0.6185,0.2560
0.6185,0.2560
0.6185,0.2560
0.6185,0.2560
0.6185,0.2560
0.6185,0.2560
0.6185,0.2560
0.6185,0.2560
0.6185,0.2560
0.6185,0.2560
0.6185,0.2560
0.6185,0.2560
0.6185,0.2560
0.6185,0.2560
0.6185,0.2560
0.6185,0.2560
0.6185,0.2560
0.6185,0.2560
0.6185,0.2560
0.6185,0.2560
0.6185,0.2560
0.6185,0.2560
0.6185,0.2560
0.6185,0.2560
0.6185,0.2560
0.6185,0.2560
0.6185,0.2560
0.6185,0.2560
0.6185,0.2560
0.6185,0.2560
0.6186,0.2560
0.6187,0.2560
0.6188,0.2560
0.6189,0.2560
0.6189,0.2560
0.6190,0.2560
0.6191,0.2560
0.6192,0.2560
0.6193,0.2560
0.6194,0.2560
0.6195,0.2560
0.6196,0.2560
0.6197,0.2560
0.6198,0.2560
0.6199,0.2560
0.6200,0.2560
0.6201,0.2560
0.6202,0.2560
0.6203,0.2560
0.6204,0.2560
0.6204,0.2560
0.6204,0.2560
0.6205,0.2560
0.6206,0.2560
0.6207,0.2560
0.6208,0.2560
0.6209,0.2560
0.6210,0.2560
0.6211,0.2560
0.6211,0.2560
0.6212,0.2560
0.6213,0.2560
0.6214,0.2561
0.6214,0.2561
0.6215,0.2561
0.6216,0.2561
0.6216,0.2561
0.6217,0.2561
0.6218,0.2562
0.6218,0.2562
0.6219,0.2562
0.6220,0.2562
0.6220,0.2562
0.6220,0.2562
0.6221,0.2562
0.6222,0.2563
0.6223,0.2563
0.6224,0.2563
0.6225,0.2563
0.6226,0.2563
0.6227,0.2563
0.6228,0.2563
0.6229,0.2563
0.6230,0.2563
0.6231,0.2563
0.6232,0.2563
0.6233,0.2563
0.6235,0.2563
0.6236,0.2563
0.6237,0.2563
0.6238,0.2563
0.6239,0.2563
0.6241,0.2563
0.6242,0.2563
0.6242,0.2563
0.6242,0.2563
0.6243,0.2563
0.6244,0.2563
0.6246,0.2563
0.6247,0.2563
0.6248,0.2564
0.6249,0.2564
0.6250,0.2564
0.6251,0.2564
0.6252,0.2564
0.6253,0.2564
0.6253,0.2565
0.6254,0.2565
0.6256,0.2565
0.6257,0.2565
0.6258,0.2565
0.6259,0.2566
0.6260,0.2566
0.6260,0.2566
0.6261,0.2566
0.6262,0.2566
0.6262,0.2566
0.6262,0.2566
0.6263,0.2566
0.6264,0.2566
0.6265,0.2566
0.6265,0.2566
0.6266,0.2566
0.6267,0.2566
0.6268,0.2566
0.6269,0.2566
0.6269,0.2566
0.6270,0.2566
0.6271,0.2566
0.6272,0.2566
0.6272,0.2566
0.6273,0.2566
0.6274,0.2566
0.6275,0.2566
0.6276,0.2566
0.6277,0.2566
0.6277,0.2566
0.6278,0.2566
0.6278,0.2566
0.6278,0.2566
0.6279,0.2566
0.6279,0.2566
0.6280,0.2566
0.6280,0.2566
0.6281,0.2566
0.6281,0.2566
0.6282,0.2567
0.6282,0.2567
0.6283,0.2567
0.6284,0.2567
0.6284,0.2567
0.6285,0.2567
0.6285,0.2568
0.6286,0.2568
0.6287,0.2568
0.6287,0.2568
0.6288,0.2568
0.6289,0.2569
0.6290,0.2569
0.6290,0.2569
0.6290,0.2569
0.6290,0.2569
0.6291,0.2569
0.6292,0.2569
0.6293,0.2569
0.6293,0.2569
0.6294,0.2569
0.6295,0.2569
0.6295,0.2569
0.6296,0.2569
0.6297,0.2569
0.6298,0.2569
0.6298,0.2569
0.6299,0.2568
0.6300,0.2568
0.6301,0.2568
0.6302,0.2568
0.6303,0.2568
0.6303,0.2568
0.6304,0.2568
0.6305,0.2568
0.6305,0.2568
0.6305,0.2568
0.6305,0.2568
0.6306,0.2569
0.6306,0.2569
0.6307,0.2569
0.6308,0.2569
0.6308,0.2569
0.6309,0.2569
0.6309,0.2569
0.6310,0.2570
0.6311,0.2570
0.6311,0.2570
0.6312,0.2570
0.6313,0.2570
0.6314,0.2571
0.6315,0.2571
0.6316,0.2571
0.6316,0.2571
0.6317,0.2571
0.6318,0.2571
0.6318,0.2571
0.6319,0.2571
0.6319,0.2571
0.6319,0.2571
0.6319,0.2571
0.6319,0.2571
0.6319,0.2571
0.6319,0.2571
0.6319,0.2571
0.6319,0.2571
0.6319,0.2571
0.6319,0.2571
0.6319,0.2571
0.6319,0.2571
0.6319,0.2571
0.6319,0.2571
0.6319,0.2571
0.6319,0.2571
0.6319,0.2571
0.6319,0.2571
0.6319,0.2571
0.6319,0.2571
0.6319,0.2571
0.6319,0.2571
0.6319,0.2571
0.6319,0.2571
0.6319,0.2571
0.6319,0.2571
0.6319,0.2571
0.6319,0.2571
0.6319,0.2571
0.6319,0.2571
0.6319,0.2571
0.6319,0.2571
0.6319,0.2571
0.6319,0.2571
0.6319,0.2571
0.6319,0.2571
0.6319,0.2571
0.6319,0.2571
0.6319,0.2571
0.6319,0.2571
0.6319,0.2571
0.6319,0.2571
0.6319,0.2571
0.6319,0.2571
0.6319,0.2571
0.6319,0.2571
0.6320,0.2571
0.6320,0.2571
0.6321,0.2571
0.6322,0.2571
0.6323,0.2571
0.6323,0.2571
0.6324,0.2571
0.6325,0.2571
0.6326,0.2571
0.6326,0.2571
0.6327,0.2571
0.6328,0.2571
0.6329,0.2571
0.6329,0.2571
0.6330,0.2571
0.6330,0.2571
0.6331,0.2571
0.6331,0.2571
0.6331,0.2571
0.6332,0.2571
0.6332,0.2571
0.6332,0.2571
0.6332,0.2571
0.6332,0.2571
0.6332,0.2571
0.6333,0.2571
0.6333,0.2571
0.6333,0.2572
0.6334,0.2572
0.6334,0.2572
0.6335,0.2572
0.6335,0.2572
0.6336,0.2573
0.6336,0.2573
0.6337,0.2573
0.6337,0.2573
0.6338,0.2573
0.6339,0.2573
0.6339,0.2573
0.6340,0.2573
0.6341,0.2573
0.6341,0.2573
0.6341,0.2573
0.6341,0.2573
0.6342,0.2573
0.6342,0.2573
0.6343,0.2573
0.6344,0.2573
0.6344,0.2573
0.6345,0.2573
0.6346,0.2573
0.6346,0.2573
0.6347,0.2573
0.6348,0.2573
0.6349,0.2573
0.6350,0.2573
0.6351,0.2573
0.6351,0.2573
0.6352,0.2573
0.6352,0.2573
0.6353,0.2573
0.6353,0.2573
0.6354,0.2573
0.6354,0.2574
0.6354,0.2574
0.6354,0.2574
0.6355,0.2574
0.6355,0.2574
0.6355,0.2574
0.6356,0.2574
0.6356,0.2574
0.6357,0.2575
0.6357,0.2575
0.6358,0.2575
0.6359,0.2575
0.6360,0.2575
0.6360,0.2576
0.6361,0.2576
0.6362,0.2576
0.6363,0.2576
0.6363,0.2576
0.6364,0.2576
0.6365,0.2576
0.6365,0.2576
0.6366,0.2576
0.6366,0.2576
0.6366,0.2576
0.6366,0.2576
0.6367,0.2576
0.6368,0.2576
0.6368,0.2576
0.6369,0.2576
0.6370,0.2576
0.6370,0.2576
0.6371,0.2576
0.6372,0.2576
0.6373,0.2576
0.6374,0.2576
0.6375,0.2576
0.6375,0.2576
0.6376,0.2576
0.6377,0.2576
0.6377,0.2576
0.6378,0.2576
0.6379,0.2577
0.6379,0.2577
0.6380,0.2577
0.6381,0.2577
0.6381,0.2577
0.6381,0.2577
0.6382,0.2577
0.6383,0.2577
0.6384,0.2577
0.6384,0.2578
0.6385,0.2578
0.6386,0.2578
0.6387,0.2578
0.6387,0.2578
0.6388,0.2579
0.6389,0.2579
0.6390,0.2579
0.6391,0.2579
0.6392,0.2579
0.6392,0.2579
0.6393,0.2579
0.6394,0.2580
0.6395,0.2580
0.6396,0.2580
0.6397,0.2580
0.6398,0.2580
0.6398,0.2580
0.6398,0.2580
0.6398,0.2580
0.6399,0.2580
0.6400,0.2580
0.6401,0.2580
0.6402,0.2580
0.6403,0.2580
0.6404,0.2580
0.6405,0.2580
0.6406,0.2580
0.6407,0.2580
0.6408,0.2580
0.6409,0.2580
0.6410,0.2580
0.6411,0.2580
0.6412,0.2580
0.6413,0.2580
0.6414,0.2580
0.6416,0.2581
0.6417,0.2581
0.6418,0.2581
0.6418,0.2581
0.6418,0.2581
0.6420,0.2581
0.6421,0.2581
0.6422,0.2582
0.6423,0.2582
0.6424,0.2582
0.6425,0.2582
0.6426,0.2582
0.6427,0.2583
0.6428,0.2583
0.6429,0.2583
0.6430,0.2583
0.6431,0.2583
0.6432,0.2584
0.6433,0.2584
0.6434,0.2584
0.6434,0.2584
0.6435,0.2584
0.6436,0.2584
0.6437,0.2584
0.6437,0.2584
0.6437,0.2584
0.6437,0.2584
0.6437,0.2584
0.6437,0.2584
0.6437,0.2584
0.6437,0.2584
0.6437,0.2584
0.6437,0.2584
0.6437,0.2584
0.6437,0.2584
0.6437,0.2584
0.6437,0.2584
0.6437,0.2584
0.6437,0.2584
0.6437,0.2584
0.6437,0.2584
0.6437,0.2584
0.6437,0.2584
0.6437,0.2584
0.6437,0.2584
0.6437,0.2584
0.6437,0.2584
0.6437,0.2584
0.6437,0.2584
0.6437,0.2584
0.6437,0.2584
0.6437,0.2584
0.6437,0.2584
0.6437,0.2584
0.6437,0.2584
0.6437,0.2584
0.6437,0.2584
0.6437,0.2584
0.6437,0.2584
0.6437,0.2584
0.6437,0.2584
0.6437,0.2584
0.6437,0.2584
0.6437,0.2584
0.6437,0.2584
0.6437,0.2584
0.6437,0.2584
0.6437,0.2584
0.6437,0.2584
0.6437,0.2584
0.6437,0.2584
0.6438,0.2584
0.6439,0.2584
0.6439,0.2584
0.6440,0.2584
0.6441,0.2584
0.6442,0.2584
0.6442,0.2584
0.6443,0.2584
0.6444,0.2584
0.6445,0.2584
0.6445,0.2584
0.6446,0.2584
0.6447,0.2584
0.6447,0.2584
0.6448,0.2584
0.6449,0.2584
0.6449,0.2584
0.6450,0.2584
0.6451,0.2584
0.6451,0.2585
0.6451,0.2585
0.6451,0.2585
0.6452,0.2585
0.6453,0.2585
0.6453,0.2585
0.6454,0.2585
0.6454,0.2585
0.6455,0.2585
0.6455,0.2585
0.6456,0.2585
0.6456,0.2586
0.6457,0.2586
0.6457,0.2586
0.6458,0.2586
0.6459,0.2586
0.6459,0.2587
0.6460,0.2587
0.6460,0.2587
0.6461,0.2587
0.6462,0.2587
0.6462,0.2587
0.6463,0.2587
0.6463,0.2587
0.6463,0.2587
0.6463,0.2587
0.6463,0.2587
0.6464,0.2587
0.6464,0.2587
0.6465,0.2587
0.6465,0.2587
0.6466,0.2587
0.6467,0.2587
0.6467,0.2587
0.6468,0.2587
0.6468,0.2587
0.6468,0.2587
0.6469,0.2587
0.6469,0.2587
0.6469,0.2587
0.6469,0.2587
0.6470,0.2587
0.6470,0.2588
0.6470,0.2588
0.6470,0.2588
0.6470,0.2588
0.6470,0.2588
0.6471,0.2588
0.6471,0.2588
0.6472,0.2588
0.6472,0.2588
0.6473,0.2588
0.6475,0.2588
0.6476,0.2589
0.6477,0.2589
0.6478,0.2589
0.6480,0.2589
0.6481,0.2589
0.6482,0.2589
0.6483,0.2589
0.6484,0.2589
0.6486,0.2589
0.6487,0.2590
0.6488,0.2590
0.6490,0.2590
0.6491,0.2590
0.6492,0.2590
0.6492,0.2590
0.6492,0.2590
0.6494,0.2591
0.6495,0.2591
0.6496,0.2591
0.6497,0.2591
0.6497,0.2592
0.6498,0.2592
0.6499,0.2592
0.6500,0.2592
0.6500,0.2592
0.6501,0.2593
0.6502,0.2593
0.6502,0.2593
0.6503,0.2593
0.6504,0.2593
0.6504,0.2593
0.6505,0.2594
0.6505,0.2594
0.6506,0.2594
0.6507,0.2594
0.6507,0.2594
0.6507,0.2594
0.6507,0.2594
0.6508,0.2594
0.6509,0.2594
0.6509,0.2594
0.6510,0.2594
0.6511,0.2594
0.6512,0.2594
0.6513,0.2594
0.6514,0.2594
0.6514,0.2594
0.6515,0.2594
0.6516,0.2594
0.6517,0.2594
0.6518,0.2594
0.6519,0.2595
0.6520,0.2595
0.6521,0.2595
0.6522,0.2595
0.6523,0.2595
0.6523,0.2595
0.6524,0.2595
0.6524,0.2595
0.6524,0.2595
0.6525,0.2595
0.6526,0.2596
0.6526,0.2596
0.6527,0.2596
0.6528,0.2596
0.6528,0.2596
0.6529,0.2596
0.6529,0.2596
0.6530,0.2597
0.6531,0.2597
0.6531,0.2597
0.6532,0.2597
0.6532,0.2597
0.6533,0.2597
0.6533,0.2597
0.6534,0.2598
0.6535,0.2598
0.6536,0.2598
0.6536,0.2598
0.6537,0.2598
0.6537,0.2598
0.6537,0.2598
0.6538,0.2598
0.6539,0.2598
0.6539,0.2599
0.6540,0.2599
0.6541,0.2599
0.6542,0.2599
0.6542,0.2599
0.6543,0.2599
0.6543,0.2599
0.6544,0.2599
0.6545,0.2599
0.6545,0.2599
0.6546,0.2599
0.6547,0.2599
0.6547,0.2600
0.6548,0.2600
0.6549,0.2600
0.6550,0.2600
0.6551,0.2600
0.6551,0.2600
0.6551,0.2600
0.6551,0.2600
0.6551,0.2600
0.6551,0.2600
0.6551,0.2600
0.6551,0.2600
0.6551,0.2600
0.6551,0.2600
0.6551,0.2600
0.6551,0.2600
0.6551,0.2600
0.6551,0.2600
0.6551,0.2600
0.6551,0.2600
0.6551,0.2600
0.6551,0.2600
0.6551,0.2600
0.6551,0.2600
0.6551,0.2600
0.6551,0.2600
0.6551,0.2600
0.6551,0.2600
0.6551,0.2600
0.6551,0.2600
0.6551,0.2600
0.6551,0.2600
0.6551,0.2600
0.6551,0.2600
0.6551,0.2600
0.6551,0.2600
0.6551,0.2600
0.6551,0.2600
0.6551,0.2600
0.6551,0.2600
0.6551,0.2600
0.6551,0.2600
0.6551,0.2600
0.6551,0.2600
0.6551,0.2600
0.6551,0.2600
0.6551,0.2600
0.6551,0.2600
0.6551,0.2600
0.6551,0.2600
0.6551,0.2600
0.6551,0.2600
0.6552,0.2600
0.6553,0.2600
0.6553,0.2600
0.6554,0.2601
0.6554,0.2601
0.6555,0.2601
0.6556,0.2601
0.6556,0.2601
0.6557,0.2601
0.6557,0.2602
0.6558,0.2602
0.6558,0.2602
0.6559,0.2602
0.6559,0.2602
0.6560,0.2602
0.6560,0.2602
0.6561,0.2602
0.6561,0.2603
0.6562,0.2603
0.6562,0.2603
0.6562,0.2603
0.6562,0.2603
0.6563,0.2603
0.6563,0.2603
0.6564,0.2603
0.6564,0.2603
0.6565,0.2603
0.6566,0.2603
0.6566,0.2603
0.6567,0.2603
0.6567,0.2603
0.6568,0.2603
0.6569,0.2603
0.6569,0.2603
0.6570,0.2603
0.6570,0.2604
0.6571,0.2604
0.6571,0.2604
0.6572,0.2604
0.6573,0.2605
0.6573,0.2605
0.6574,0.2605
0.6574,0.2605
0.6574,0.2605
0.6574,0.2605
0.6575,0.2606
0.6575,0.2606
0.6576,0.2606
0.6576,0.2606
0.6576,0.2607
0.6577,0.2607
0.6577,0.2607
0.6577,0.2607
0.6578,0.2607
0.6578,0.2608
0.6578,0.2608
0.6578,0.2608
0.6579,0.2608
0.6579,0.2608
0.6579,0.2608
0.6580,0.2608
0.6580,0.2608
0.6580,0.2608
0.6580,0.2608
0.6580,0.2608
0.6580,0.2608
0.6581,0.2608
0.6581,0.2608
0.6581,0.2608
0.6581,0.2608
0.6582,0.2608
0.6582,0.2608
0.6582,0.2608
0.6582,0.2608
0.6583,0.2608
0.6583,0.2608
0.6583,0.2608
0.6583,0.2608
0.6584,0.2608
0.6584,0.2608
0.6584,0.2608
0.6584,0.2608
0.6584,0.2609
0.6585,0.2609
0.6585,0.2609
0.6585,0.2609
0.6585,0.2609
0.6585,0.2609
0.6586,0.2609
0.6586,0.2609
0.6586,0.2609
0.6587,0.2610
0.6587,0.2610
0.6587,0.2610
0.6588,0.2610
0.6588,0.2610
0.6588,0.2610
0.6589,0.2611
0.6589,0.2611
0.6589,0.2611
0.6590,0.2611
0.6590,0.2611
0.6591,0.2611
0.6591,0.2611
0.6592,0.2611
0.6592,0.2611
0.6593,0.2611
0.6593,0.2612
0.6593,0.2612
0.6593,0.2612
0.6594,0.2612
0.6594,0.2612
0.6595,0.2612
0.6595,0.2612
0.6596,0.2612
0.6596,0.2612
0.6597,0.2612
0.6598,0.2612
0.6598,0.2612
0.6599,0.2613
0.6599,0.2613
0.6600,0.2613
0.6600,0.2613
0.6601,0.2613
0.6601,0.2613
0.6602,0.2613
0.6602,0.2613
0.6603,0.2613
0.6604,0.2613
0.6604,0.2613
0.6604,0.2613
0.6604,0.2613
0.6605,0.2613
0.6606,0.2613
0.6606,0.2613
0.6607,0.2613
0.6607,0.2613
0.6607,0.2613
0.6608,0.2614
0.6608,0.2614
0.6608,0.2614
0.6609,0.2614
0.6609,0.2614
0.6609,0.2614
0.6609,0.2615
0.6610,0.2615
0.6610,0.2615
0.6610,0.2615
0.6610,0.2615
0.6610,0.2615
0.6610,0.2615
0.6611,0.2616
0.6611,0.2616
0.6611,0.2616
0.6611,0.2616
0.6611,0.2616
0.6611,0.2616
0.6611,0.2616
0.6612,0.2616
0.6612,0.2616
0.6612,0.2616
0.6612,0.2616
0.6612,0.2616
0.6612,0.2616
0.6613,0.2616
0.6613,0.2616
0.6613,0.2616
0.6613,0.2616
0.6613,0.2616
0.6613,0.2616
0.6613,0.2616
0.6614,0.2616
0.6614,0.2616
0.6614,0.2616
0.6614,0.2616
0.6614,0.2616
0.6614,0.2616
0.6614,0.2616
0.6614,0.2616
0.6614,0.2616
0.6614,0.2616
0.6614,0.2616
0.6614,0.2616
0.6614,0.2616
0.6614,0.2616
0.6614,0.2616
0.6614,0.2616
0.6614,0.2616
0.6614,0.2616
0.6614,0.2616
0.6614,0.2616
0.6614,0.2616
0.6614,0.2616
0.6614,0.2616
0.6614,0.2616
0.6614,0.2616
0.6614,0.2616
0.6614,0.2616
0.6614,0.2616
0.6614,0.2616
0.6614,0.2616
0.6614,0.2616
0.6614,0.2616
0.6614,0.2616
0.6614,0.2616
0.6614,0.2616
0.6614,0.2616
0.6614,0.2616
0.6614,0.2616
0.6614,0.2616
0.6614,0.2616
0.6614,0.2616
0.6614,0.2616
0.6614,0.2616
0.6614,0.2616
0.6614,0.2616
0.6614,0.2616
0.6614,0.2616
0.6614,0.2616
0.6614,0.2616
0.6614,0.2616
0.6614,0.2616
0.6614,0.2616
0.6614,0.2616
0.6615,0.2616
0.6615,0.2616
0.6615,0.2616
0.6615,0.2616
0.6616,0.2616
0.6616,0.2616
0.6616,0.2616
0.6616,0.2616
0.6617,0.2616
0.6617,0.2616
0.6617,0.2616
0.6617,0.2616
0.6618,0.2616
0.6618,0.2616
0.6618,0.2617
0.6619,0.2617
0.6619,0.2617
0.6619,0.2617
0.6619,0.2617
0.6619,0.2617
0.6620,0.2617
0.6620,0.2617
0.6620,0.2617
0.6620,0.2618
0.6621,0.2618
0.6621,0.2618
0.6621,0.2618
0.6621,0.2618
0.6621,0.2618
0.6621,0.2619
0.6621,0.2619
0.6622,0.2619
0.6622,0.2619
0.6622,0.2619
0.6622,0.2619
0.6622,0.2620
0.6622,0.2620
0.6622,0.2620
0.6622,0.2620
0.6622,0.2620
0.6622,0.2620
0.6623,0.2620
0.6623,0.2620
0.6623,0.2620
0.6623,0.2620
0.6623,0.2620
0.6623,0.2620
0.6623,0.2620
0.6624,0.2620
0.6624,0.2620
0.6624,0.2620
0.6624,0.2619
0.6624,0.2619
0.6625,0.2619
0.6625,0.2619
0.6625,0.2619
0.6625,0.2619
0.6625,0.2619
0.6625,0.2619
0.6625,0.2619
0.6625,0.2619
0.6625,0.2619
0.6625,0.2620
0.6625,0.2620
0.6626,0.2620
0.6626,0.2620
0.6626,0.2620
0.6626,0.2620
0.6627,0.2620
0.6627,0.2620
0.6627,0.2620
0.6628,0.2620
0.6628,0.2620
0.6628,0.2620
0.6629,0.2620
0.6629,0.2620
0.6630,0.2620
0.6631,0.2620
0.6631,0.2620
0.6632,0.2620
0.6632,0.2620
0.6633,0.2620
0.6633,0.2620
0.6633,0.2620
0.6633,0.2620
0.6634,0.2621
0.6634,0.2621
0.6635,0.2621
0.6635,0.2621
0.6635,0.2621
0.6636,0.2621
0.6636,0.2622
0.6636,0.2622
0.6636,0.2622
0.6636,0.2622
0.6637,0.2622
0.6637,0.2622
0.6637,0.2623
0.6637,0.2623
0.6637,0.2623
0.6638,0.2623
0.6638,0.2623
0.6638,0.2623
0.6638,0.2623
0.6638,0.2623
0.6638,0.2623
0.6638,0.2623
0.6638,0.2623
0.6639,0.2623
0.6639,0.2623
0.6639,0.2623
0.6639,0.2623
0.6639,0.2623
0.6640,0.2623
0.6640,0.2623
0.6640,0.2623
0.6640,0.2622
0.6640,0.2622
0.6641,0.2622
0.6641,0.2623
0.6641,0.2623
0.6641,0.2623
0.6641,0.2623
0.6641,0.2623
0.6641,0.2623
0.6642,0.2623
0.6642,0.2623
0.6642,0.2623
0.6642,0.2623
0.6643,0.2623
0.6643,0.2624
0.6644,0.2624
0.6644,0.2624
0.6645,0.2624
0.6646,0.2624
0.6647,0.2625
0.6648,0.2625
0.6649,0.2625
0.6650,0.2625
0.6651,0.2626
0.6652,0.2626
0.6653,0.2626
0.6655,0.2627
0.6656,0.2627
0.6657,0.2628
0.6658,0.2628
0.6660,0.2628
0.6661,0.2628
0.6661,0.2628
0.6661,0.2628
0.6662,0.2629
0.6663,0.2629
0.6664,0.2629
0.6665,0.2630
0.6666,0.2630
0.6667,0.2630
0.6668,0.2631
0.6669,0.2631
0.6670,0.2631
0.6671,0.2631
0.6672,0.2632
0.6673,0.2632
0.6675,0.2632
0.6676,0.2632
0.6677,0.2633
0.6678,0.2633
0.6679,0.2633
0.6681,0.2634
0.6682,0.2634
0.6683,0.2634
0.6683,0.2634
0.6683,0.2634
0.6683,0.2634
0.6683,0.2634
0.6683,0.2634
0.6683,0.2634
0.6683,0.2634
0.6683,0.2634
0.6683,0.2634
0.6683,0.2634
0.6683,0.2634
0.6683,0.2634
0.6683,0.2634
0.6683,0.2634
0.6683,0.2634
0.6683,0.2634
0.6683,0.2634
0.6683,0.2634
0.6683,0.2634
0.6683,0.2634
0.6683,0.2634
0.6683,0.2634
0.6683,0.2634
0.6683,0.2634
0.6683,0.2634
0.6683,0.2634
0.6683,0.2634
0.6683,0.2634
0.6683,0.2634
0.6683,0.2634
0.6683,0.2634
0.6683,0.2634
0.6683,0.2634
0.6683,0.2634
0.6683,0.2634
0.6683,0.2634
0.6683,0.2634
0.6683,0.2634
0.6683,0.2634
0.6683,0.2634
0.6683,0.2634
0.6683,0.2634
0.6683,0.2634
0.6683,0.2634
0.6683,0.2634
0.6683,0.2634
0.6684,0.2635
0.6686,0.2635
0.6687,0.2635
0.6689,0.2635
0.6690,0.2636
0.6692,0.2636
0.6693,0.2637
0.6695,0.2637
0.6697,0.2637
0.6698,0.2637
0.6699,0.2638
0.6701,0.2638
0.6702,0.2638
0.6703,0.2638
0.6705,0.2639
0.6706,0.2639
0.6708,0.2639
0.6709,0.2640
0.6710,0.2640
0.6712,0.2640
0.6712,0.2640
0.6712,0.2640
0.6713,0.2640
0.6714,0.2641
0.6716,0.2641
0.6717,0.2641
0.6719,0.2641
0.6720,0.2642
0.6721,0.2642
0.6723,0.2642
0.6724,0.2642
0.6725,0.2642
0.6727,0.2643
0.6728,0.2643
0.6729,0.2643
0.6731,0.2643
0.6732,0.2643
0.6734,0.2644
0.6735,0.2644
0.6736,0.2644
0.6738,0.2644
0.6739,0.2644
0.6739,0.2644
0.6739,0.2644
0.6741,0.2645
0.6742,0.2645
0.6744,0.2645
0.6745,0.2645
0.6747,0.2645
0.6748,0.2645
0.6749,0.2646
0.6751,0.2646
0.6752,0.2646
0.6754,0.2646
0.6755,0.2646
0.6757,0.2646
0.6758,0.2647
0.6760,0.2647
0.6762,0.2647
0.6763,0.2647
0.6765,0.2647
0.6766,0.2647
0.6768,0.2647
0.6769,0.2647
0.6769,0.2647
0.6769,0.2647
0.6771,0.2648
0.6772,0.2648
0.6774,0.2648
0.6775,0.2648
0.6776,0.2648
0.6778,0.2648
0.6779,0.2648
0.6781,0.2648
0.6782,0.2648
0.6784,0.2648
0.6785,0.2648
0.6786,0.2649
0.6788,0.2649
0.6789,0.2649
0.6791,0.2649
0.6793,0.2649
0.6794,0.2649
0.6796,0.2649
0.6797,0.2649
0.6799,0.2649
0.6799,0.2649
0.6799,0.2649
0.6800,0.2649
0.6802,0.2649
0.6803,0.2649
0.6804,0.2649
0.6805,0.2649
0.6806,0.2649
0.6808,0.2649
0.6809,0.2649
0.6810,0.2649
0.6811,0.2649
0.6812,0.2650
0.6813,0.2650
0.6814,0.2650
0.6815,0.2650
0.6817,0.2650
0.6818,0.2650
0.6819,0.2650
0.6820,0.2650
0.6821,0.2650
0.6822,0.2650
0.6822,0.2650
0.6822,0.2650
0.6823,0.2650
0.6824,0.2650
0.6825,0.2650
0.6825,0.2650
0.6826,0.2650
0.6827,0.2650
0.6828,0.2650
0.6829,0.2650
0.6830,0.2650
0.6830,0.2650
0.6831,0.2650
0.6832,0.2650
0.6833,0.2650
0.6834,0.2650
0.6835,0.2650
0.6835,0.2650
0.6836,0.2650
0.6837,0.2650
0.6838,0.2650
0.6839,0.2650
0.6839,0.2650
0.6839,0.2650
0.6839,0.2650
0.6840,0.2650
0.6841,0.2650
0.6842,0.2650
0.6843,0.2650
0.6843,0.2650
0.6844,0.2650
0.6845,0.2650
0.6845,0.2650
0.6846,0.2650
0.6847,0.2650
0.6848,0.2650
0.6848,0.2650
0.6849,0.2650
0.6850,0.2650
0.6851,0.2650
0.6851,0.2650
0.6852,0.2650
0.6853,0.2650
0.6854,0.2650
0.6854,0.2650
0.6854,0.2650
0.6855,0.2650
0.6855,0.2650
0.6856,0.2650
0.6857,0.2650
0.6858,0.2650
0.6858,0.2650
0.6859,0.2650
0.6860,0.2650
0.6861,0.2650
0.6861,0.2650
0.6862,0.2650
0.6863,0.2650
0.6864,0.2650
0.6864,0.2650
0.6865,0.2650
0.6865,0.2650
0.6866,0.2650
0.6867,0.2650
0.6867,0.2650
0.6868,0.2650
0.6868,0.2650
0.6868,0.2650
0.6868,0.2650
0.6868,0.2650
0.6868,0.2650
0.6868,0.2650
0.6868,0.2650
0.6868,0.2650
0.6868,0.2650
0.6868,0.2650
0.6868,0.2650
0.6868,0.2650
0.6868,0.2650
0.6868,0.2650
0.6868,0.2650
0.6868,0.2650
0.6868,0.2650
0.6868,0.2650
0.6868,0.2650
0.6868,0.2650
0.6868,0.2650
0.6868,0.2650
0.6868,0.2650
0.6868,0.2650
0.6868,0.2650
0.6868,0.2650
0.6868,0.2650
0.6868,0.2650
0.6868,0.2650
0.6868,0.2650
0.6868,0.2650
0.6868,0.2650
0.6868,0.2650
0.6868,0.2650
0.6868,0.2650
0.6868,0.2650
0.6868,0.2650
0.6868,0.2650
0.6868,0.2650
0.6868,0.2650
0.6868,0.2650
0.6868,0.2650
0.6868,0.2650
0.6868,0.2650
0.6868,0.2650
0.6868,0.2650
0.6869,0.2650
0.6869,0.2650
0.6870,0.2650
0.6870,0.2650
0.6871,0.2650
0.6872,0.2650
0.6872,0.2650
0.6873,0.2650
0.6874,0.2650
0.6875,0.2650
0.6876,0.2650
0.6877,0.2650
0.6878,0.2650
0.6879,0.2650
0.6880,0.2650
0.6880,0.2650
0.6881,0.2650
0.6882,0.2650
0.6883,0.2650
0.6883,0.2650
0.6883,0.2650
0.6883,0.2650
0.6884,0.2650
0.6884,0.2650
0.6885,0.2650
0.6885,0.2650
0.6886,0.2650
0.6886,0.2650
0.6887,0.2650
0.6887,0.2650
0.6888,0.2650
0.6889,0.2650
0.6889,0.2650
0.6890,0.2650
0.6891,0.2650
0.6891,0.2650
0.6892,0.2650
0.6893,0.2650
0.6894,0.2650
0.6894,0.2650
0.6895,0.2650
0.6896,0.2650
0.6896,0.2650
0.6896,0.2650
0.6897,0.2650
0.6898,0.2650
0.6899,0.2650
0.6900,0.2650
0.6901,0.2650
0.6902,0.2650
0.6903,0.2650
0.6904,0.2650
0.6905,0.2650
0.6906,0.2650
0.6906,0.2650
0.6907,0.2650
0.6908,0.2650
0.6909,0.2650
0.6909,0.2650
0.6910,0.2650
0.6911,0.2650
0.6911,0.2650
0.6912,0.2650
0.6913,0.2650
0.6913,0.2650
0.6913,0.2650
0.6913,0.2650
0.6914,0.2650
0.6914,0.2650
0.6915,0.2650
0.6915,0.2650
0.6916,0.2650
0.6916,0.2650
0.6917,0.2650
0.6917,0.2650
0.6918,0.2650
0.6918,0.2650
0.6919,0.2650
0.6919,0.2650
0.6920,0.2650
0.6921,0.2650
0.6921,0.2650
0.6922,0.2650
0.6923,0.2650
0.6923,0.2649
0.6924,0.2649
0.6924,0.2649
0.6924,0.2649
0.6924,0.2649
0.6925,0.2649
0.6925,0.2649
0.6926,0.2650
0.6926,0.2650
0.6927,0.2650
0.6927,0.2650
0.6928,0.2650
0.6928,0.2650
0.6928,0.2650
0.6929,0.2649
0.6929,0.2649
0.6929,0.2649
0.6930,0.2649
0.6930,0.2649
0.6931,0.2649
0.6931,0.2649
0.6932,0.2649
0.6932,0.2649
0.6933,0.2649
0.6933,0.2649
0.6933,0.2649
0.6933,0.2649
0.6934,0.2649
0.6934,0.2649
0.6935,0.2649
0.6935,0.2649
0.6935,0.2649
0.6936,0.2649
0.6936,0.2649
0.6936,0.2649
0.6937,0.2649
0.6937,0.2649
0.6938,0.2649
0.6938,0.2649
0.6938,0.2649
0.6939,0.2649
0.6939,0.2649
0.6940,0.2649
0.6940,0.2649
0.6941,0.2649
0.6941,0.2649
0.6941,0.2649
0.6941,0.2649
0.6942,0.2649
0.6942,0.2649
0.6942,0.2649
0.6943,0.2649
0.6943,0.2649
0.6944,0.2649
0.6944,0.2649
0.6945,0.2649
0.6945,0.2649
0.6946,0.2649
0.6946,0.2649
0.6947,0.2649
0.6947,0.2649
0.6948,0.2649
0.6948,0.2649
0.6949,0.2649
0.6949,0.2649
0.6949,0.2649
0.6950,0.2649
0.6951,0.2649
0.6951,0.2649
0.6951,0.2649
0.6951,0.2649
0.6952,0.2649
0.6952,0.2649
0.6953,0.2649
0.6954,0.2649
0.6954,0.2649
0.6955,0.2649
0.6956,0.2649
0.6956,0.2649
0.6957,0.2649
0.6957,0.2649
0.6958,0.2649
0.6958,0.2649
0.6959,0.2649
0.6959,0.2649
0.6960,0.2649
0.6960,0.2649
0.6960,0.2649
0.6961,0.2649
0.6961,0.2649
0.6961,0.2649
0.6961,0.2649
0.6961,0.2649
0.6961,0.2649
0.6961,0.2649
0.6961,0.2649
0.6961,0.2649
0.6961,0.2649
0.6961,0.2649
0.6961,0.2649
0.6961,0.2649
0.6961,0.2649
0.6961,0.2649
0.6961,0.2649
0.6961,0.2649
0.6961,0.2649
0.6961,0.2649
0.6961,0.2649
0.6961,0.2649
0.6961,0.2649
0.6961,0.2649
0.6961,0.2649
0.6961,0.2649
0.6961,0.2649
0.6961,0.2649
0.6961,0.2649
0.6961,0.2649
0.6961,0.2649
0.6961,0.2649
0.6961,0.2649
0.6961,0.2649
0.6961,0.2649
0.6961,0.2649
0.6961,0.2649
0.6961,0.2649
0.6961,0.2649
0.6961,0.2649
0.6961,0.2649
0.6961,0.2649
0.6961,0.2649
0.6961,0.2649
0.6961,0.2649
0.6961,0.2649
0.6961,0.2649
0.6961,0.2649
0.6961,0.2649
0.6962,0.2649
0.6962,0.2649
0.6962,0.2649
0.6963,0.2649
0.6963,0.2649
0.6964,0.2649
0.6964,0.2649
0.6964,0.2649
0.6965,0.2649
0.6965,0.2649
0.6966,0.2649
0.6966,0.2649
0.6966,0.2649
0.6966,0.2649
0.6967,0.2649
0.6967,0.2649
0.6967,0.2649
0.6968,0.2649
0.6968,0.2649
0.6968,0.2649
0.6968,0.2649
0.6968,0.2649
0.6968,0.2649
0.6969,0.2649
0.6969,0.2649
0.6969,0.2649
0.6970,0.2649
0.6970,0.2649
0.6970,0.2649
0.6971,0.2649
0.6971,0.2649
0.6972,0.2649
0.6972,0.2649
0.6972,0.2649
0.6973,0.2649
0.6973,0.2649
0.6973,0.2649
0.6973,0.2649
0.6974,0.2649
0.6974,0.2649
0.6974,0.2649
0.6975,0.2649
0.6975,0.2649
0.6975,0.2649
0.6975,0.2649
0.6975,0.2649
0.6975,0.2649
0.6975,0.2649
0.6976,0.2649
0.6976,0.2649
0.6976,0.2649
0.6976,0.2649
0.6976,0.2649
0.6976,0.2649
0.6976,0.2649
0.6977,0.2649
0.6977,0.2649
0.6977,0.2649
0.6977,0.2649
0.6977,0.2649
0.6977,0.2649
0.6977,0.2649
0.6977,0.2649
0.6977,0.2649
0.6977,0.2649
0.6977,0.2649
0.6978,0.2649
0.6978,0.2649
0.6978,0.2649
0.6978,0.2649
0.6978,0.2649
0.6978,0.2649
0.6978,0.2649
0.6978,0.2649
0.6978,0.2649
0.6979,0.2649
0.6979,0.2649
0.6979,0.2649
0.6979,0.2649
0.6979,0.2649
0.6979,0.2649
0.6979,0.2649
0.6980,0.2649
0.6980,0.2649
0.6980,0.2649
0.6980,0.2649
0.6980,0.2649
0.6980,0.2649
0.6980,0.2649
0.6981,0.2649
0.6981,0.2649
0.6981,0.2649
0.6981,0.2649
0.6981,0.2649
0.6981,0.2649
0.6982,0.2649
0.6982,0.2649
0.6982,0.2649
0.6982,0.2649
0.6982,0.2649
0.6982,0.2649
0.6983,0.2649
0.6983,0.2649
0.6983,0.2649
0.6983,0.2649
0.6983,0.2649
0.6984,0.2649
0.6984,0.2649
0.6984,0.2649
0.6984,0.2649
0.6984,0.2649
0.6984,0.2649
0.6984,0.2649
0.6985,0.2649
0.6985,0.2649
0.6985,0.2649
0.6985,0.2649
0.6986,0.2649
0.6986,0.2649
0.6986,0.2649
0.6986,0.2649
0.6986,0.2649
0.6986,0.2649
0.6986,0.2649
0.6987,0.2649
0.6987,0.2649
0.6987,0.2649
0.6987,0.2649
0.6987,0.2649
0.6987,0.2649
0.6987,0.2649
0.6987,0.2649
0.6987,0.2649
0.6987,0.2649
0.6988,0.2649
0.6988,0.2649
0.6988,0.2649
0.6988,0.2649
0.6988,0.2649
0.6988,0.2649
0.6988,0.2649
0.6989,0.2649
0.6989,0.2649
0.6989,0.2649
0.6989,0.2649
0.6990,0.2649
0.6990,0.2649
0.6990,0.2649
0.6990,0.2649
0.6990,0.2649
0.6991,0.2649
0.6991,0.2649
0.6991,0.2649
0.6991,0.2649
0.6991,0.2649
0.6991,0.2649
0.6991,0.2649
0.6992,0.2649
0.6992,0.2649
0.6992,0.2649
0.6992,0.2649
0.6992,0.2649
0.6993,0.2649
0.6993,0.2649
0.6993,0.2649
0.6993,0.2649
0.6993,0.2649
0.6993,0.2649
0.6994,0.2649
0.6994,0.2649
0.6994,0.2649
0.6994,0.2649
0.6995,0.2649
0.6995,0.2649
0.6995,0.2649
0.6995,0.2649
0.6995,0.2649
0.6995,0.2649
0.6995,0.2649
0.6995,0.2649
0.6995,0.2649
0.6995,0.2649
0.6995,0.2649
0.6995,0.2649
0.6995,0.2649
0.6995,0.2649
0.6995,0.2649
0.6995,0.2649
0.6995,0.2649
0.6995,0.2649
0.6995,0.2649
0.6995,0.2649
0.6995,0.2649
0.6995,0.2649
0.6995,0.2649
0.6995,0.2649
0.6995,0.2649
0.6995,0.2649
0.6995,0.2649
0.6995,0.2649
0.6995,0.2649
0.6995,0.2649
0.6995,0.2649
0.6995,0.2649
0.6995,0.2649
0.6995,0.2649
0.6995,0.2649
0.6995,0.2649
0.6995,0.2649
0.6995,0.2649
0.6995,0.2649
0.6995,0.2649
0.6995,0.2649
0.6995,0.2649
0.6995,0.2649
0.6995,0.2649
0.6995,0.2649
0.6995,0.2649
0.6995,0.2649
0.6995,0.2649
0.6995,0.2649
0.6995,0.2649
0.6995,0.2649
0.6996,0.2649
0.6996,0.2649
0.6996,0.2649
0.6996,0.2649
0.6996,0.2649
0.6997,0.2649
0.6997,0.2649
0.6997,0.2649
0.6997,0.2649
0.6997,0.2649
0.6997,0.2649
0.6998,0.2649
0.6998,0.2649
0.6998,0.2649
0.6998,0.2649
0.6998,0.2649
0.6998,0.2649
0.6998,0.2649
0.6998,0.2649
0.6998,0.2649
0.6999,0.2649
0.6999,0.2649
0.6999,0.2649
0.6999,0.2649
0.6999,0.2649
0.6999,0.2649
0.7000,0.2649
0.7000,0.2649
0.7000,0.2649
0.7000,0.2649
0.7000,0.2649
0.7000,0.2649
0.7000,0.2649
0.7001,0.2649
0.7001,0.2649
0.7001,0.2649
0.7001,0.2649
0.7001,0.2649
0.7001,0.2649
0.7001,0.2649
0.7001,0.2649
0.7002,0.2649
0.7002,0.2649
0.7002,0.2649
0.7002,0.2649
0.7002,0.2649
0.7003,0.2649
0.7003,0.2649
0.7003,0.2649
0.7003,0.2649
0.7003,0.2649
0.7003,0.2649
0.7004,0.2649
0.7004,0.2649
0.7004,0.2649
0.7004,0.2649
0.7004,0.2649
0.7004,0.2649
0.7005,0.2649
0.7005,0.2649
0.7005,0.2649
0.7005,0.2649
0.7005,0.2649
0.7005,0.2649
0.7005,0.2649
0.7005,0.2649
0.7006,0.2649
0.7006,0.2649
0.7006,0.2649
0.7006,0.2648
0.7006,0.2648
0.7006,0.2648
0.7006,0.2648
0.7006,0.2649
0.7007,0.2649
0.7007,0.2649
0.7007,0.2649
0.7007,0.2648
0.7007,0.2648
0.7007,0.2648
0.7007,0.2649
0.7008,0.2649
0.7008,0.2649
0.7008,0.2649
0.7008,0.2649
0.7008,0.2649
0.7008,0.2649
0.7008,0.2648
0.7008,0.2648
0.7008,0.2648
0.7008,0.2648
0.7008,0.2648
0.7009,0.2648
0.7009,0.2648
0.7009,0.2648
0.7009,0.2648
0.7009,0.2648
0.7009,0.2649
0.7009,0.2649
0.7009,0.2648
0.7010,0.2648
0.7010,0.2648
0.7010,0.2648
0.7010,0.2648
0.7010,0.2648
0.7010,0.2648
0.7010,0.2648
0.7010,0.2648
0.7010,0.2648
0.7010,0.2648
0.7010,0.2648
0.7010,0.2648
0.7010,0.2648
0.7011,0.2648
0.7011,0.2648
0.7011,0.2648
0.7011,0.2648
0.7011,0.2648
0.7011,0.2648
0.7011,0.2648
0.7011,0.2648
0.7011,0.2648
0.7011,0.2648
0.7011,0.2648
0.7011,0.2648
0.7012,0.2648
0.7012,0.2648
0.7012,0.2648
0.7012,0.2648
0.7012,0.2649
0.7012,0.2648
0.7012,0.2648
0.7012,0.2648
0.7012,0.2648
0.7012,0.2648
0.7012,0.2648
0.7012,0.2648
0.7012,0.2648
0.7012,0.2648
0.7012,0.2648
0.7012,0.2648
0.7012,0.2648
0.7013,0.2648
0.7013,0.2648
0.7013,0.2648
0.7013,0.2648
0.7013,0.2648
0.7013,0.2648
0.7013,0.2648
0.7013,0.2648
0.7013,0.2648
0.7013,0.2648
0.7013,0.2648
0.7013,0.2648
0.7013,0.2648
0.7014,0.2648
0.7014,0.2648
0.7014,0.2648
0.7014,0.2648
0.7014,0.2648
0.7014,0.2648
0.7014,0.2648
0.7014,0.2648
0.7015,0.2648
0.7015,0.2648
0.7015,0.2648
0.7015,0.2648
0.7016,0.2648
0.7016,0.2648
0.7016,0.2648
0.7016,0.2648
0.7016,0.2648
0.7016,0.2648
0.7016,0.2648
0.7016,0.2648
0.7016,0.2648
0.7016,0.2648
0.7016,0.2648
0.7016,0.2648
0.7016,0.2648
0.7016,0.2648
0.7016,0.2648
0.7016,0.2648
0.7016,0.2648
0.7016,0.2648
0.7016,0.2648
0.7016,0.2648
0.7016,0.2648
0.7016,0.2648
0.7016,0.2648
0.7016,0.2648
0.7016,0.2648
0.7016,0.2648
0.7016,0.2648
0.7016,0.2648
0.7016,0.2648
0.7016,0.2648
0.7016,0.2648
0.7016,0.2648
0.7016,0.2648
0.7016,0.2648
0.7016,0.2648
0.7016,0.2648
0.7016,0.2648
0.7016,0.2648
0.7016,0.2648
0.7016,0.2648
0.7016,0.2648
0.7016,0.2648
0.7016,0.2648
0.7016,0.2648
0.7016,0.2648
0.7016,0.2648
0.7016,0.2648
0.7016,0.2648
0.7016,0.2648
0.7016,0.2648
0.7016,0.2648
0.7016,0.2648
0.7017,0.2648
0.7017,0.2648
0.7017,0.2648
0.7017,0.2648
0.7017,0.2648
0.7018,0.2648
0.7018,0.2648
0.7018,0.2648
0.7018,0.2648
0.7018,0.2648
0.7018,0.2648
0.7018,0.2648
0.7019,0.2648
0.7019,0.2648
0.7019,0.2648
0.7019,0.2648
0.7019,0.2648
0.7019,0.2648
0.7019,0.2648
0.7019,0.2648
0.7020,0.2648
0.7020,0.2648
0.7020,0.2648
0.7020,0.2648
0.7020,0.2648
0.7020,0.2648
0.7020,0.2648
0.7020,0.2648
0.7021,0.2648
0.7021,0.2648
0.7021,0.2648
0.7021,0.2648
0.7021,0.2648
0.7021,0.2648
0.7021,0.2648
0.7021,0.2648
0.7021,0.2648
0.7021,0.2648
0.7021,0.2648
0.7022,0.2648
0.7022,0.2648
0.7022,0.2648
0.7022,0.2648
0.7022,0.2648
0.7022,0.2648
0.7022,0.2648
0.7022,0.2648
0.7022,0.2648
0.7022,0.2648
0.7022,0.2648
0.7022,0.2648
0.7022,0.2648
0.7022,0.2648
0.7022,0.2648
0.7022,0.2648
0.7022,0.2648
0.7022,0.2648
0.7022,0.2648
0.7022,0.2648
0.7022,0.2648
0.7023,0.2648
0.7023,0.2648
0.7023,0.2648
0.7023,0.2648
0.7023,0.2648
0.7023,0.2648
0.7023,0.2648
0.7023,0.2648
0.7023,0.2648
0.7023,0.2648
0.7023,0.2648
0.7023,0.2648
0.7023,0.2648
0.7024,0.2648
0.7024,0.2648
0.7024,0.2648
0.7024,0.2648
0.7024,0.2648
0.7024,0.2648
0.7024,0.2648
0.7024,0.2648
0.7024,0.2648
0.7024,0.2648
0.7024,0.2648
0.7024,0.2648
0.7024,0.2648
0.7025,0.2648
0.7025,0.2648
0.7025,0.2648
0.7025,0.2648
0.7025,0.2648
0.7025,0.2648
0.7025,0.2648
0.7025,0.2648
0.7025,0.2648
0.7026,0.2648
0.7026,0.2648
0.7026,0.2648
0.7026,0.2648
0.7026,0.2648
0.7026,0.2648
0.7026,0.2648
0.7026,0.2648
0.7027,0.2648
0.7027,0.2648
0.7027,0.2648
0.7027,0.2648
0.7027,0.2648
0.7027,0.2648
0.7027,0.2648
0.7027,0.2648
0.7027,0.2648
0.7027,0.2648
0.7027,0.2648
0.7028,0.2648
0.7028,0.2648
0.7028,0.2648
0.7028,0.2648
0.7028,0.2648
0.7028,0.2648
0.7028,0.2648
0.7028,0.2648
0.7028,0.2648
0.7028,0.2648
0.7028,0.2648
0.7029,0.2648
0.7029,0.2648
0.7029,0.2648
0.7029,0.2648
0.7029,0.2648
0.7029,0.2648
0.7029,0.2648
0.7029,0.2648
0.7029,0.2648
0.7029,0.2648
0.7030,0.2648
0.7030,0.2648
0.7030,0.2648
0.7030,0.2648
0.7030,0.2648
0.7030,0.2648
0.7030,0.2648
0.7031,0.2648
0.7031,0.2648
0.7031,0.2648
0.7031,0.2648
0.7031,0.2648
0.7031,0.2648
0.7031,0.2648
0.7031,0.2648
0.7031,0.2648
0.7031,0.2648
0.7031,0.2648
0.7031,0.2648
0.7032,0.2648
0.7032,0.2648
0.7032,0.2648
0.7032,0.2648
0.7032,0.2648
0.7032,0.2648
0.7032,0.2648
0.7032,0.2648
0.7032,0.2648
0.7033,0.2648
0.7033,0.2648
0.7033,0.2648
0.7033,0.2648
0.7033,0.2648
0.7033,0.2648
0.7033,0.2648
0.7034,0.2648
0.7034,0.2648
0.7034,0.2648
0.7034,0.2648
0.7034,0.2648
0.7034,0.2648
0.7034,0.2648
0.7034,0.2648
0.7034,0.2648
0.7034,0.2648
0.7034,0.2648
0.7034,0.2648
0.7034,0.2648
0.7034,0.2648
0.7034,0.2648
0.7034,0.2648
0.7034,0.2648
0.7034,0.2648
0.7034,0.2648
0.7034,0.2648
0.7034,0.2648
0.7034,0.2648
0.7034,0.2648
0.7034,0.2648
0.7034,0.2648
0.7034,0.2648
0.7034,0.2648
0.7034,0.2648
0.7034,0.2648
0.7034,0.2648
0.7034,0.2648
0.7034,0.2648
0.7034,0.2648
0.7034,0.2648
0.7034,0.2648
0.7034,0.2648
0.7034,0.2648
0.7034,0.2648
0.7034,0.2648
0.7034,0.2648
0.7034,0.2648
0.7034,0.2648
0.7034,0.2648
0.7034,0.2648
0.7034,0.2648
0.7034,0.2648
0.7034,0.2648
0.7034,0.2648
0.7034,0.2648
0.7034,0.2648
0.7034,0.2648
0.7034,0.2648
0.7034,0.2648
0.7034,0.2648
0.7034,0.2648
0.7034,0.2648
0.7035,0.2648
0.7035,0.2648
0.7035,0.2648
0.7035,0.2648
0.7035,0.2648
0.7035,0.2648
0.7035,0.2648
0.7035,0.2648
0.7035,0.2648
0.7035,0.2648
0.7035,0.2648
0.7035,0.2648
0.7035,0.2648
0.7035,0.2648
0.7035,0.2648
0.7035,0.2648
0.7035,0.2648
0.7035,0.2648
0.7035,0.2648
0.7035,0.2648
0.7035,0.2648
0.7035,0.2648
0.7036,0.2648
0.7036,0.2648
0.7036,0.2648
0.7036,0.2648
0.7036,0.2648
0.7036,0.2648
0.7036,0.2648
0.7036,0.2648
0.7036,0.2648
0.7036,0.2648
0.7036,0.2648
0.7036,0.2648
0.7036,0.2648
0.7036,0.2648
0.7036,0.2648
0.7036,0.2648
0.7036,0.2648
0.7036,0.2648
0.7036,0.2648
0.7036,0.2648
0.7036,0.2648
0.7036,0.2648
0.7037,0.2648
0.7037,0.2648
0.7037,0.2648
0.7037,0.2648
0.7037,0.2648
0.7037,0.2648
0.7037,0.2648
0.7037,0.2648
0.7037,0.2648
0.7037,0.2648
0.7037,0.2648
0.7037,0.2648
0.7037,0.2648
0.7037,0.2648
0.7037,0.2648
0.7037,0.2648
0.7037,0.2648
0.7037,0.2648
0.7037,0.2648
0.7037,0.2648
0.7037,0.2648
0.7037,0.2648
0.7037,0.2648
0.7037,0.2648
0.7037,0.2648
0.7037,0.2648
0.7037,0.2648
0.7038,0.2648
0.7038,0.2648
0.7038,0.2648
0.7038,0.2648
0.7038,0.2648
0.7038,0.2648
0.7038,0.2648
0.7038,0.2648
0.7038,0.2648
0.7038,0.2648
0.7038,0.2648
0.7038,0.2648
0.7038,0.2648
0.7038,0.2648
0.7038,0.2648
0.7038,0.2648
0.7038,0.2648
0.7038,0.2648
0.7038,0.2648
0.7038,0.2648
0.7038,0.2648
0.7039,0.2648
0.7039,0.2648
0.7039,0.2648
0.7039,0.2648
0.7039,0.2648
0.7039,0.2648
0.7039,0.2648
0.7039,0.2648
0.7039,0.2648
0.7039,0.2648
0.7039,0.2648
0.7039,0.2648
0.7039,0.2648
0.7039,0.2648
0.7039,0.2648
0.7039,0.2648
0.7039,0.2648
0.7039,0.2648
0.7039,0.2648
0.7040,0.2648
0.7040,0.2648
0.7040,0.2648
0.7040,0.2648
0.7040,0.2648
0.7040,0.2648
0.7040,0.2648
0.7040,0.2648
0.7040,0.2648
0.7040,0.2648
0.7040,0.2648
0.7040,0.2648
0.7040,0.2648
0.7040,0.2648
0.7040,0.2648
0.7040,0.2648
0.7041,0.2648
0.7041,0.2648
0.7041,0.2648
0.7041,0.2648
0.7041,0.2648
0.7041,0.2648
0.7041,0.2648
0.7041,0.2648
0.7041,0.2648
0.7041,0.2648
0.7042,0.2648
0.7042,0.2648
0.7042,0.2648
0.7042,0.2648
0.7042,0.2648
0.7042,0.2648
0.7042,0.2648
0.7042,0.2648
0.7042,0.2648
0.7042,0.2648
0.7042,0.2648
0.7042,0.2648
0.7042,0.2648
0.7042,0.2648
0.7042,0.2648
0.7042,0.2648
0.7042,0.2648
0.7042,0.2648
0.7042,0.2648
0.7042,0.2648
0.7042,0.2648
0.7042,0.2648
0.7042,0.2648
0.7043,0.2648
0.7043,0.2648
0.7043,0.2648
0.7043,0.2648
0.7043,0.2648
0.7043,0.2648
0.7043,0.2648
0.7043,0.2648
0.7043,0.2648
0.7043,0.2648
0.7043,0.2648
0.7043,0.2648
0.7043,0.2648
0.7043,0.2648
0.7043,0.2648
0.7043,0.2648
0.7043,0.2648
0.7043,0.2648
0.7043,0.2648
0.7043,0.2648
0.7043,0.2648
0.7043,0.2648
0.7043,0.2648
0.7043,0.2648
0.7043,0.2648
0.7043,0.2648
0.7043,0.2648
0.7043,0.2648
0.7043,0.2648
0.7043,0.2648
0.7043,0.2648
0.7043,0.2648
0.7043,0.2648
0.7043,0.2648
0.7043,0.2648
0.7043,0.2648
0.7043,0.2648
0.7043,0.2648
0.7043,0.2648
0.7043,0.2648
0.7043,0.2648
0.7043,0.2648
0.7043,0.2648
0.7043,0.2648
0.7043,0.2648
0.7043,0.2648
0.7043,0.2648
0.7043,0.2648
0.7043,0.2648
0.7043,0.2648
0.7043,0.2648
0.7043,0.2648
0.7043,0.2648
0.7043,0.2648
0.7043,0.2648
0.7043,0.2648
0.7043,0.2648
0.7043,0.2648
0.7043,0.2648
0.7044,0.2648
0.7044,0.2648
0.7044,0.2648
0.7044,0.2648
0.7044,0.2648
0.7044,0.2648
0.7044,0.2648
0.7044,0.2648
0.7044,0.2648
0.7044,0.2648
0.7044,0.2648
0.7044,0.2648
0.7044,0.2648
0.7044,0.2648
0.7044,0.2648
0.7044,0.2648
0.7045,0.2648
0.7045,0.2648
0.7045,0.2648
0.7045,0.2648
0.7045,0.2648
0.7045,0.2648
0.7045,0.2648
0.7045,0.2648
0.7045,0.2648
0.7045,0.2648
0.7046,0.2648
0.7046,0.2648
0.7046,0.2648
0.7046,0.2648
0.7046,0.2648
0.7046,0.2648
0.7046,0.2648
0.7046,0.2648
0.7046,0.2648
0.7046,0.2648
0.7046,0.2648
0.7046,0.2648
0.7046,0.2648
0.7046,0.2648
0.7046,0.2648
0.7047,0.2648
0.7047,0.2648
0.7047,0.2648
0.7047,0.2648
0.7047,0.2648
0.7047,0.2648
0.7048,0.2648
0.7048,0.2648
0.7048,0.2648
0.7048,0.2648
0.7048,0.2648
0.7048,0.2648
0.7048,0.2648
0.7048,0.2648
0.7048,0.2648
0.7049,0.2648
0.7049,0.2648
0.7049,0.2648
0.7049,0.2648
0.7049,0.2648
0.7049,0.2648
0.7049,0.2648
0.7049,0.2648
0.7049,0.2648
0.7049,0.2648
0.7049,0.2648
0.7049,0.2648
0.7049,0.2648
0.7049,0.2648
0.7049,0.2648
0.7050,0.2648
0.7050,0.2648
0.7050,0.2648
0.7050,0.2648
0.7050,0.2648
0.7050,0.2648
0.7050,0.2648
0.7050,0.2648
0.7050,0.2648
0.7050,0.2648
0.7050,0.2648
0.7050,0.2648
0.7050,0.2648
0.7050,0.2648
0.7051,0.2648
0.7051,0.2648
0.7051,0.2648
0.7051,0.2648
0.7051,0.2648
0.7051,0.2648
0.7051,0.2648
0.7051,0.2648
0.7051,0.2648
0.7051,0.2648
0.7051,0.2648
0.7051,0.2648
0.7051,0.2648
0.7051,0.2648
0.7052,0.2648
0.7052,0.2648
0.7052,0.2648
0.7052,0.2648
0.7052,0.2648
0.7052,0.2648
0.7052,0.2648
0.7052,0.2648
0.7052,0.2648
0.7052,0.2648
0.7052,0.2648
0.7052,0.2648
0.7052,0.2648
0.7052,0.2648
0.7052,0.2648
0.7052,0.2648
0.7052,0.2648
0.7052,0.2648
0.7053,0.2648
0.7053,0.2648
0.7053,0.2648
0.7053,0.2648
0.7053,0.2648
0.7053,0.2648
0.7053,0.2648
0.7053,0.2648
0.7053,0.2648
0.7053,0.2648
0.7053,0.2648
0.7053,0.2648
0.7053,0.2648
0.7053,0.2648
0.7054,0.2648
0.7054,0.2648
0.7054,0.2648
0.7054,0.2648
0.7054,0.2648
0.7054,0.2648
0.7054,0.2648
0.7054,0.2648
0.7054,0.2648
0.7054,0.2648
0.7054,0.2648
0.7054,0.2648
0.7054,0.2648
0.7054,0.2648
0.7054,0.2648
0.7054,0.2648
0.7054,0.2648
0.7054,0.2648
0.7054,0.2648
0.7054,0.2648
0.7054,0.2648
0.7055,0.2648
0.7055,0.2648
0.7055,0.2648
0.7055,0.2648
0.7055,0.2648
0.7055,0.2648
0.7055,0.2648
0.7055,0.2648
0.7055,0.2648
0.7055,0.2648
0.7055,0.2648
0.7055,0.2648
0.7055,0.2648
0.7055,0.2648
0.7055,0.2648
0.7055,0.2648
0.7055,0.2648
0.7055,0.2648
0.7055,0.2648
0.7055,0.2648
0.7055,0.2648
0.7055,0.2648
0.7055,0.2648
0.7055,0.2648
0.7055,0.2648
0.7055,0.2648
0.7055,0.2648
0.7055,0.2648
0.7055,0.2648
0.7055,0.2648
0.7055,0.2648
0.7055,0.2648
0.7055,0.2648
0.7055,0.2648
0.7055,0.2648
0.7055,0.2648
0.7055,0.2648
0.7055,0.2648
0.7055,0.2648
0.7055,0.2648
0.7055,0.2648
0.7055,0.2648
0.7055,0.2648
0.7055,0.2648
0.7055,0.2648
0.7055,0.2648
0.7055,0.2648
0.7055,0.2648
0.7055,0.2648
0.7055,0.2648
0.7055,0.2648
0.7055,0.2648
0.7055,0.2648
0.7055,0.2648
0.7055,0.2648
0.7055,0.2648
0.7055,0.2648
0.7055,0.2648
0.7055,0.2648
0.7055,0.2648
0.7055,0.2648
0.7055,0.2648
0.7055,0.2648
0.7055,0.2648
0.7056,0.2648
0.7056,0.2648
0.7056,0.2648
0.7056,0.2648
0.7056,0.2648
0.7056,0.2648
0.7056,0.2648
0.7056,0.2648
0.7056,0.2648
0.7056,0.2648
0.7056,0.2648
0.7056,0.2648
0.7056,0.2648
0.7056,0.2648
0.7056,0.2648
0.7056,0.2648
0.7056,0.2648
0.7056,0.2648
0.7056,0.2648
0.7056,0.2648
0.7056,0.2648
0.7056,0.2648
0.7057,0.2648
0.7057,0.2648
0.7057,0.2648
0.7057,0.2648
0.7057,0.2648
0.7057,0.2648
0.7057,0.2648
0.7057,0.2648
0.7057,0.2648
0.7057,0.2648
0.7057,0.2648
0.7057,0.2648
0.7057,0.2648
0.7057,0.2648
0.7057,0.2648
0.7057,0.2648
0.7057,0.2648
0.7057,0.2648
0.7057,0.2648
0.7057,0.2648
0.7057,0.2648
0.7057,0.2648
0.7058,0.2648
0.7058,0.2648
0.7058,0.2648
0.7058,0.2648
0.7058,0.2648
0.7058,0.2648
0.7058,0.2648
0.7058,0.2648
0.7058,0.2648
0.7058,0.2648
0.7058,0.2648
0.7058,0.2648
0.7058,0.2648
0.7058,0.2648
0.7058,0.2648
0.7059,0.2648
0.7059,0.2648
0.7059,0.2648
0.7059,0.2648
0.7059,0.2648
0.7059,0.2648
0.7059,0.2648
0.7059,0.2648
0.7059,0.2648
0.7059,0.2648
0.7059,0.2648
0.7059,0.2648
0.7059,0.2648
0.7059,0.2648
0.7059,0.2648
0.7059,0.2648
0.7059,0.2648
0.7059,0.2648
0.7059,0.2648
0.7059,0.2648
0.7060,0.2648
0.7060,0.2648
0.7060,0.2648
0.7060,0.2648
0.7060,0.2648
0.7060,0.2648
0.7060,0.2648
0.7060,0.2648
0.7060,0.2648
0.7060,0.2648
0.7060,0.2648
0.7060,0.2648
0.7060,0.2648
0.7060,0.2648
0.7060,0.2648
0.7060,0.2648
0.7060,0.2648
0.7060,0.2648
0.7060,0.2648
0.7060,0.2648
0.7060,0.2648
0.7060,0.2648
0.7060,0.2648
0.7061,0.2648
0.7061,0.2648
0.7061,0.2648
0.7061,0.2648
0.7061,0.2648
0.7061,0.2648
0.7061,0.2648
0.7061,0.2648
0.7061,0.2648
0.7061,0.2648
0.7061,0.2648
0.7061,0.2648
0.7061,0.2648
0.7061,0.2648
0.7061,0.2648
0.7061,0.2648
0.7061,0.2648
0.7061,0.2648
0.7061,0.2648
0.7061,0.2648
0.7061,0.2648
0.7061,0.2648
0.7062,0.2648
0.7062,0.2648
0.7062,0.2648
0.7062,0.2648
0.7062,0.2648
0.7062,0.2648
0.7062,0.2648
0.7062,0.2648
0.7062,0.2648
0.7062,0.2648
0.7062,0.2648
0.7062,0.2648
0.7062,0.2648
0.7062,0.2648
0.7062,0.2648
0.7062,0.2648
0.7062,0.2648
0.7062,0.2648
0.7062,0.2648
0.7062,0.2648
0.7062,0.2648
0.7063,0.2648
0.7063,0.2648
0.7063,0.2648
0.7063,0.2648
0.7063,0.2648
0.7063,0.2648
0.7063,0.2648
0.7063,0.2648
0.7063,0.2648
0.7063,0.2648
0.7063,0.2648
0.7063,0.2648
0.7063,0.2648
0.7063,0.2648
0.7063,0.2648
0.7063,0.2648
0.7063,0.2648
0.7063,0.2648
0.7063,0.2648
0.7063,0.2648
0.7063,0.2648
0.7063,0.2648
0.7063,0.2648
0.7064,0.2648
0.7064,0.2648
0.7064,0.2648
0.7064,0.2648
0.7064,0.2648
0.7064,0.2648
0.7064,0.2648
0.7064,0.2648
0.7064,0.2648
0.7064,0.2648
0.7064,0.2648
0.7064,0.2648
0.7064,0.2648
0.7064,0.2648
0.7064,0.2648
0.7064,0.2648
0.7064,0.2648
0.7064,0.2648
0.7064,0.2648
0.7064,0.2648
0.7064,0.2648
0.7064,0.2648
0.7064,0.2648
0.7064,0.2648
0.7064,0.2648
0.7064,0.2648
0.7064,0.2648
0.7064,0.2648
0.7064,0.2648
0.7064,0.2648
0.7064,0.2648
0.7064,0.2648
0.7064,0.2648
0.7064,0.2648
0.7064,0.2648
0.7064,0.2648
0.7064,0.2648
0.7064,0.2648
0.7064,0.2648
0.7064,0.2648
0.7064,0.2648
0.7064,0.2648
0.7064,0.2648
0.7064,0.2648
0.7064,0.2648
0.7064,0.2648
0.7064,0.2648
0.7064,0.2648
0.7064,0.2648
0.7064,0.2648
0.7064,0.2648
0.7064,0.2648
0.7064,0.2648
0.7064,0.2648
0.7064,0.2648
0.7064,0.2648
0.7064,0.2648
0.7064,0.2648
0.7064,0.2648
0.7064,0.2648
0.7064,0.2648
0.7065,0.2648
0.7065,0.2648
0.7065,0.2648
0.7065,0.2648
0.7065,0.2648
0.7065,0.2648
0.7065,0.2648
0.7065,0.2648
0.7065,0.2648
0.7065,0.2648
0.7065,0.2648
0.7065,0.2648
0.7065,0.2648
0.7065,0.2648
0.7065,0.2648
0.7065,0.2648
0.7065,0.2648
0.7065,0.2648
0.7065,0.2648
0.7065,0.2648
0.7066,0.2648
0.7066,0.2648
0.7066,0.2648
0.7066,0.2648
0.7066,0.2648
0.7066,0.2648
0.7066,0.2648
0.7066,0.2648
0.7066,0.2648
0.7066,0.2648
0.7066,0.2648
0.7066,0.2648
0.7066,0.2648
0.7066,0.2648
0.7066,0.2648
0.7067,0.2648
0.7067,0.2648
0.7067,0.2648
0.7067,0.2648
0.7067,0.2648
0.7067,0.2648
0.7067,0.2648
0.7067,0.2648
0.7067,0.2648
0.7067,0.2648
0.7067,0.2648
0.7067,0.2648
0.7068,0.2648
0.7068,0.2648
0.7068,0.2648
0.7068,0.2648
0.7068,0.2648
0.7068,0.2648
0.7068,0.2648
0.7068,0.2648
0.7068,0.2648
0.7068,0.2648
0.7068,0.2648
0.7068,0.2648
0.7068,0.2648
0.7068,0.2648
0.7068,0.2648
0.7068,0.2648
0.7068,0.2648
0.7068,0.2648
0.7068,0.2648
0.7068,0.2648
0.7068,0.2648
0.7068,0.2648
0.7068,0.2648
0.7068,0.2648
0.7068,0.2648
0.7068,0.2648
0.7068,0.2648
0.7068,0.2648
0.7068,0.2648
0.7068,0.2648
0.7068,0.2648
0.7068,0.2648
0.7068,0.2648
0.7068,0.2648
0.7068,0.2648
0.7068,0.2648
0.7068,0.2648
0.7068,0.2648
0.7068,0.2648
0.7068,0.2648
0.7068,0.2648
0.7068,0.2648
0.7068,0.2648
0.7068,0.2648
0.7068,0.2648
0.7068,0.2648
0.7068,0.2648
0.7068,0.2648
0.7068,0.2648
0.7068,0.2648
0.7068,0.2648
0.7068,0.2648
0.7068,0.2648
0.7068,0.2648
0.7068,0.2648
0.7068,0.2648
0.7068,0.2648
0.7068,0.2648
0.7068,0.2648
0.7068,0.2648
0.7068,0.2648
0.7068,0.2648
0.7068,0.2648
0.7068,0.2648
0.7068,0.2648
0.7068,0.2648
0.7068,0.2648
0.7068,0.2648
0.7068,0.2648
0.7068,0.2648
0.7068,0.2648
0.7068,0.2648
0.7068,0.2648
0.7068,0.2648
0.7068,0.2648
0.7068,0.2648
0.7068,0.2648
0.7068,0.2648
0.7068,0.2648
0.7068,0.2648
0.7068,0.2648
0.7068,0.2648
0.7068,0.2648
0.7068,0.2648
0.7068,0.2648
0.7068,0.2648
0.7068,0.2648
0.7068,0.2648
0.7068,0.2648
0.7068,0.2648
0.7068,0.2648
0.7068,0.2648
0.7068,0.2648
0.7068,0.2648
0.7068,0.2648
0.7068,0.2648
0.7068,0.2648
0.7068,0.2648
0.7068,0.2648
0.7068,0.2648
0.7068,0.2648
0.7068,0.2648
0.7068,0.2648
0.7068,0.2648
0.7068,0.2648
0.7068,0.2648
0.7068,0.2648
0.7068,0.2648
0.7068,0.2648
0.7068,0.2648
0.7068,0.2648
0.7068,0.2648
0.7068,0.2648
0.7068,0.2648
0.7068,0.2648
0.7068,0.2648
0.7068,0.2648
0.7068,0.2648
0.7068,0.2648
0.7068,0.2648
0.7068,0.2648
0.7068,0.2648
0.7068,0.2648
0.7068,0.2648
0.7068,0.2648
0.7068,0.2648
0.7068,0.2648
0.7068,0.2648
0.7068,0.2648
0.7068,0.2648
0.7068,0.2648
0.7068,0.2648
0.7068,0.2648
0.7068,0.2648
0.7068,0.2648
0.7068,0.2648
0.7068,0.2648
0.7068,0.2648
0.7068,0.2648
0.7068,0.2648
0.7068,0.2648
0.7068,0.2648
0.7068,0.2648
0.7068,0.2648
0.7068,0.2648
0.7068,0.2648
0.7068,0.2648
0.7068,0.2648
0.7068,0.2648
0.7068,0.2648
0.7068,0.2648
0.7068,0.2648
0.7068,0.2648
0.7068,0.2648
0.7068,0.2648
0.7068,0.2648
0.7068,0.2648
0.7068,0.2648
0.7068,0.2648
0.7068,0.2648
0.7068,0.2648
0.7068,0.2648
0.7068,0.2648
0.7068,0.2648
0.7068,0.2648
0.7068,0.2648
0.7068,0.2648
0.7068,0.2648
0.7068,0.2648
0.7068,0.2648
0.7068,0.2648
0.7068,0.2648
0.7068,0.2648
0.7068,0.2648
0.7068,0.2648
0.7068,0.2648
0.7068,0.2648
0.7068,0.2648
0.7068,0.2648
0.7068,0.2648
0.7068,0.2648
0.7068,0.2648
0.7068,0.2648
0.7068,0.2648
0.7068,0.2648
0.7068,0.2648
0.7068,0.2648
0.7068,0.2648
0.7068,0.2648
0.7068,0.2648
0.7068,0.2648
0.7068,0.2648
0.7068,0.2648
0.7068,0.2648
0.7068,0.2648
0.7068,0.2648
0.7068,0.2648
0.7068,0.2648
0.7068,0.2648
0.7068,0.2648
0.7068,0.2648
0.7068,0.2648
0.7068,0.2648
0.7068,0.2648
0.7068,0.2648
0.7068,0.2648
0.7068,0.2648
0.7068,0.2648
0.7068,0.2648
0.7068,0.2648
0.7068,0.2648
0.7068,0.2648
0.7068,0.2648
0.7068,0.2648
0.7068,0.2648
0.7068,0.2648
0.7068,0.2648
0.7068,0.2648
0.7068,0.2648
0.7068,0.2648
0.7068,0.2648
0.7068,0.2648
0.7068,0.2648
0.7068,0.2648
0.7068,0.2648
0.7068,0.2648
0.7068,0.2648
0.7068,0.2648
0.7068,0.2648
0.7068,0.2648
0.7068,0.2648
0.7068,0.2648
0.7068,0.2648
0.7068,0.2648
0.7068,0.2648
0.7068,0.2648
0.7068,0.2648
0.7068,0.2648
0.7068,0.2648
0.7068,0.2648
0.7068,0.2648
0.7068,0.2648
0.7068,0.2648
0.7068,0.2648
0.7068,0.2648
0.7068,0.2648
0.7068,0.2648
0.7068,0.2648
0.7068,0.2648
0.7068,0.2648
0.7068,0.2648
0.7068,0.2648
0.7068,0.2648
0.7068,0.2648
0.7068,0.2648
0.7068,0.2648
0.7068,0.2648
0.7068,0.2648
0.7068,0.2648
0.7068,0.2648
0.7068,0.2648
0.7068,0.2648
0.7068,0.2648
0.7068,0.2648
0.7068,0.2648
0.7068,0.2648
0.7068,0.2648
0.7068,0.2648
0.7068,0.2648
0.7068,0.2648
0.7068,0.2648
0.7068,0.2648
0.7068,0.2648
0.7068,0.2648
0.7068,0.2648
0.7068,0.2648
0.7068,0.2648
0.7068,0.2648
0.7068,0.2648
0.7068,0.2648
0.7068,0.2648
0.7068,0.2648
0.7068,0.2648
0.7068,0.2648
0.7068,0.2648
0.7068,0.2648
0.7068,0.2648
0.7068,0.2648
0.7068,0.2648
0.7068,0.2648
0.7068,0.2648
0.7068,0.2648
0.7068,0.2648
0.7068,0.2648
0.7068,0.2648
0.7068,0.2648
0.7068,0.2648
0.7068,0.2648
0.7068,0.2648
0.7068,0.2648
0.7068,0.2648
0.7068,0.2648
0.7068,0.2648
0.7068,0.2648
0.7068,0.2648
0.7068,0.2648
0.7068,0.2648
0.7068,0.2648
0.7068,0.2648
0.7068,0.2648
0.7068,0.2648
0.7068,0.2648
0.7068,0.2648
0.7068,0.2648
0.7068,0.2648
0.7068,0.2648
0.7068,0.2648
0.7068,0.2648
0.7068,0.2648
0.7068,0.2648
0.7068,0.2648
0.7068,0.2648
0.7068,0.2648
0.7068,0.2648
0.7068,0.2648
0.7068,0.2648
0.7068,0.2648
0.7068,0.2648
0.7068,0.2648
0.7068,0.2648
0.7068,0.2648
0.7068,0.2648
0.7068,0.2648
0.7068,0.2648
0.7068,0.2648
0.7068,0.2648
0.7068,0.2648
0.7068,0.2648
0.7068,0.2648
0.7068,0.2648
0.7068,0.2648
0.7068,0.2648
0.7068,0.2648
0.7068,0.2648
0.7068,0.2648
0.7068,0.2648
0.7068,0.2648
0.7068,0.2648
0.7068,0.2648
0.7068,0.2648
0.7068,0.2648
0.7068,0.2648
0.7068,0.2648
0.7068,0.2648
0.7068,0.2648
0.7068,0.2648
0.7068,0.2648
0.7068,0.2648
0.7068,0.2648
0.7068,0.2648
0.7068,0.2648
0.7068,0.2648
0.7068,0.2648
0.7068,0.2648
0.7068,0.2648
0.7068,0.2648
0.7068,0.2648
0.7068,0.2648
0.7068,0.2648
0.7068,0.2648
0.7068,0.2648
0.7068,0.2648
0.7068,0.2648
0.7068,0.2648
0.7068,0.2648
0.7068,0.2648
0.7068,0.2648
0.7068,0.2648
0.7068,0.2648
0.7068,0.2648
0.7068,0.2648
0.7068,0.2648
0.7068,0.2648
0.7068,0.2648
0.7068,0.2648
0.7068,0.2648
0.7068,0.2648
0.7068,0.2648
0.7068,0.2648
0.7068,0.2648
0.7068,0.2648
0.7068,0.2648
0.7068,0.2648
0.7068,0.2648
0.7068,0.2648
0.7068,0.2648
0.7068,0.2648
0.7068,0.2648
0.7068,0.2648
0.7068,0.2648
0.7068,0.2648
0.7068,0.2648
0.7068,0.2648
0.7068,0.2648
0.7068,0.2648
0.7068,0.2648
0.7068,0.2648
0.7068,0.2648
0.7068,0.2648
0.7068,0.2648
0.7068,0.2648
0.7068,0.2648
0.7068,0.2648
0.7068,0.2648
0.7068,0.2648
0.7068,0.2648
0.7068,0.2648
0.7068,0.2648
0.7068,0.2648
0.7068,0.2648
0.7068,0.2648
0.7068,0.2648
0.7068,0.2648
0.7068,0.2648
0.7068,0.2648
0.7068,0.2648
0.7068,0.2648
0.7068,0.2648
0.7068,0.2648
0.7068,0.2648
0.7068,0.2648
0.7068,0.2648
0.7068,0.2648
0.7068,0.2648
0.7068,0.2648
0.7068,0.2648
0.7068,0.2648
0.7068,0.2648
0.7068,0.2648
0.7068,0.2648
0.7068,0.2648
0.7068,0.2648
0.7068,0.2648
0.7068,0.2648
0.7068,0.2648
0.7068,0.2648
0.7068,0.2648
0.7068,0.2648
0.7068,0.2648
0.7068,0.2648
0.7068,0.2648
0.7068,0.2648
0.7068,0.2648
0.7068,0.2648
0.7068,0.2648
0.7068,0.2648
0.7068,0.2648
0.7068,0.2648
0.7068,0.2648
0.7068,0.2648
0.7068,0.2648
0.7068,0.2648
0.7068,0.2648
0.7068,0.2648
0.7068,0.2648
0.7068,0.2648
0.7068,0.2648
0.7068,0.2648
0.7068,0.2648
0.7068,0.2648
0.7068,0.2648
0.7068,0.2648
0.7068,0.2648
0.7068,0.2648
0.7068,0.2648
0.7068,0.2648
0.7068,0.2648
0.7068,0.2648
0.7068,0.2648
0.7068,0.2648
0.7068,0.2648
0.7068,0.2648
0.7068,0.2648
0.7068,0.2648
0.7068,0.2648
0.7068,0.2648
0.7068,0.2648
0.7068,0.2648
0.7068,0.2648
0.7068,0.2648
0.7068,0.2648
0.7068,0.2648
0.7068,0.2648
0.7068,0.2648
0.7068,0.2648
0.7068,0.2648
0.7068,0.2648
0.7068,0.2648
0.7068,0.2648
0.7068,0.2648
0.7068,0.2648
0.7068,0.2648
0.7068,0.2648
0.7068,0.2648
0.7068,0.2648
0.7068,0.2648
0.7068,0.2648
0.7068,0.2648
0.7068,0.2648
0.7068,0.2648
0.7068,0.2648
0.7068,0.2648
0.7068,0.2648
0.7068,0.2648
0.7068,0.2648
0.7068,0.2648
0.7068,0.2648
0.7068,0.2648
0.7068,0.2648
0.7068,0.2648
0.7068,0.2648
0.7068,0.2648
0.7068,0.2648
0.7068,0.2648
0.7068,0.2648
0.7068,0.2648
0.7068,0.2648
0.7068,0.2648
0.7068,0.2648
0.7068,0.2648
0.7068,0.2648
0.7068,0.2648
0.7068,0.2648
0.7068,0.2648
0.7068,0.2648
0.7068,0.2648
0.7068,0.2648
0.7068,0.2648
0.7068,0.2648
0.7068,0.2648
0.7068,0.2648
0.7068,0.2648
0.7068,0.2648
0.7068,0.2648
0.7068,0.2648
0.7068,0.2648
0.7068,0.2648
0.7068,0.2648
0.7068,0.2648
0.7068,0.2648
0.7068,0.2648
0.7068,0.2648
0.7068,0.2648
0.7068,0.2648
0.7068,0.2648
0.7068,0.2648
0.7068,0.2648
0.7068,0.2648
0.7068,0.2648
0.7068,0.2648
0.7068,0.2648
0.7068,0.2648
0.7068,0.2648
0.7068,0.2648
0.7068,0.2648
0.7068,0.2648
0.7068,0.2648
0.7068,0.2648
0.7068,0.2648
0.7068,0.2648
0.7068,0.2648
0.7068,0.2648
0.7068,0.2648
0.7068,0.2648
0.7068,0.2648
0.7068,0.2648
0.7068,0.2648
0.7068,0.2648
0.7068,0.2648
0.7068,0.2648
0.7068,0.2648
0.7068,0.2648
0.7068,0.2648
0.7068,0.2648
0.7068,0.2648
0.7068,0.2648
0.7068,0.2648
0.7068,0.2648
0.7068,0.2648
0.7068,0.2648
0.7068,0.2648
0.7068,0.2648
0.7068,0.2648
0.7068,0.2648
0.7068,0.2648
0.7068,0.2648
0.7068,0.2648
0.7068,0.2648
0.7068,0.2648
0.7068,0.2648
0.7068,0.2648
0.7068,0.2648
0.7068,0.2648
0.7068,0.2648
0.7068,0.2648
0.7068,0.2648
0.7068,0.2648
0.7068,0.2648
0.7068,0.2648
0.7068,0.2648
0.7068,0.2648
0.7068,0.2648
0.7068,0.2648
0.7068,0.2648
0.7068,0.2648
0.7068,0.2648
0.7068,0.2648
0.7068,0.2648
0.7068,0.2648
0.7068,0.2648
0.7068,0.2648
0.7068,0.2648
0.7068,0.2648
0.7068,0.2648
0.7068,0.2648
0.7068,0.2648
0.7068,0.2648
0.7068,0.2648
0.7068,0.2648
0.7068,0.2648
0.7068,0.2648
0.7068,0.2648
0.7068,0.2648
0.7068,0.2648
0.7068,0.2648
0.7068,0.2648
0.7068,0.2648
0.7068,0.2648
0.7068,0.2648
0.7068,0.2648
0.7068,0.2648
0.7068,0.2648
0.7068,0.2648
0.7068,0.2648
0.7068,0.2648
0.7068,0.2648
0.7068,0.2648
0.7068,0.2648
0.7068,0.2648
0.7068,0.2648
0.7068,0.2648
0.7068,0.2648
0.7068,0.2648
0.7068,0.2648
0.7068,0.2648
0.7068,0.2648
0.7068,0.2648
0.7068,0.2648
0.7068,0.2648
0.7068,0.2648
0.7068,0.2648
0.7068,0.2648
0.7068,0.2648
0.7068,0.2648
0.7068,0.2648
0.7068,0.2648
0.7068,0.2648
0.7068,0.2648
0.7068,0.2648
0.7068,0.2648
0.7068,0.2648
0.7068,0.2648
0.7068,0.2648
0.7068,0.2648
0.7068,0.2648
0.7068,0.2648
0.7068,0.2648
0.7068,0.2648
0.7068,0.2648
0.7068,0.2648
0.7068,0.2648
0.7068,0.2648
0.7068,0.2648
0.7068,0.2648
0.7068,0.2648
0.7068,0.2648
0.7068,0.2648
0.7068,0.2648
0.7068,0.2648
0.7068,0.2648
0.7068,0.2648
0.7068,0.2648
0.7068,0.2648
0.7068,0.2648
0.7068,0.2648
0.7068,0.2648
0.7068,0.2648
0.7068,0.2648
0.7068,0.2648
0.7068,0.2648
0.7068,0.2648
0.7068,0.2648
0.7068,0.2648
0.7068,0.2648
0.7068,0.2648
0.7068,0.2648
0.7068,0.2648
0.7068,0.2648
0.7068,0.2648
0.7068,0.2648
0.7068,0.2648
0.7068,0.2648
0.7068,0.2648
0.7068,0.2648
0.7068,0.2648
0.7068,0.2648
0.7068,0.2648
0.7068,0.2648
0.7068,0.2648
0.7068,0.2648
0.7068,0.2648
0.7068,0.2648
0.7068,0.2648
0.7068,0.2648
0.7068,0.2648
0.7068,0.2648
0.7068,0.2648
0.7068,0.2648
0.7068,0.2648
0.7068,0.2648
0.7068,0.2648
0.7068,0.2648
0.7068,0.2648
0.7068,0.2648
0.7068,0.2648
0.7068,0.2648
0.7068,0.2648
0.7068,0.2648
0.7068,0.2648
0.7068,0.2648
0.7068,0.2648
0.7068,0.2648
0.7068,0.2648
0.7068,0.2648
0.7068,0.2648
0.7068,0.2648
0.7068,0.2648
0.7068,0.2648
0.7068,0.2648
0.7068,0.2648
0.7068,0.2648
0.7068,0.2648
0.7068,0.2648
0.7068,0.2648
0.7068,0.2648
0.7068,0.2648
0.7068,0.2648
0.7068,0.2648
0.7068,0.2648
0.7068,0.2648
0.7068,0.2648
0.7068,0.2648
0.7068,0.2648
0.7068,0.2648
0.7068,0.2648
0.7068,0.2648
0.7068,0.2648
0.7068,0.2648
0.7068,0.2648
0.7068,0.2648
0.7068,0.2648
0.7068,0.2648
0.7068,0.2648
0.7068,0.2648
0.7068,0.2648
0.7068,0.2648
0.7068,0.2648
0.7068,0.2648
0.7068,0.2648
0.7068,0.2648
0.7068,0.2648
0.7068,0.2648
0.7068,0.2648
0.7068,0.2648
0.7068,0.2648
0.7068,0.2648
0.7068,0.2648
0.7068,0.2648
0.7068,0.2648
0.7068,0.2648
0.7068,0.2648
0.7068,0.2648
0.7068,0.2648
0.7068,0.2648
0.7068,0.2648
0.7068,0.2648
0.7068,0.2648
0.7068,0.2648
0.7068,0.2648
0.7068,0.2648
0.7068,0.2648
0.7068,0.2648
0.7068,0.2648
0.7068,0.2648
0.7068,0.2648
0.7068,0.2648
0.7068,0.2648
0.7068,0.2648
0.7068,0.2648
0.7068,0.2648
0.7068,0.2648
0.7068,0.2648
0.7068,0.2648
0.7068,0.2648
0.7068,0.2648
0.7068,0.2648
0.7068,0.2648
0.7068,0.2648
0.7068,0.2648
0.7068,0.2648
0.7068,0.2648
0.7068,0.2648
0.7068,0.2648
0.7068,0.2648
0.7068,0.2648
0.7068,0.2648
0.7068,0.2648
0.7068,0.2648
0.7068,0.2648
0.7068,0.2648
0.7068,0.2648
0.7068,0.2648
0.7068,0.2648
0.7068,0.2648
0.7068,0.2648
0.7068,0.2648
0.7068,0.2648
0.7068,0.2648
0.7068,0.2648
0.7068,0.2648
0.7068,0.2648
0.7068,0.2648
0.7068,0.2648
0.7068,0.2648
0.7068,0.2648
0.7068,0.2648
0.7068,0.2648
0.7068,0.2648
0.7068,0.2648
0.7068,0.2648
0.7068,0.2648
0.7068,0.2648
0.7068,0.2648
0.7068,0.2648
0.7068,0.2648
0.7068,0.2648
0.7068,0.2648
0.7068,0.2648
0.7068,0.2648
0.7068,0.2648
0.7068,0.2648
0.7068,0.2648
0.7068,0.2648
0.7068,0.2648
0.7068,0.2648
0.7068,0.2648
0.7068,0.2648
0.7068,0.2648
0.7068,0.2648
0.7068,0.2648
0.7068,0.2648
0.7068,0.2648
0.7068,0.2648
0.7068,0.2648
0.7068,0.2648
0.7068,0.2648
0.7068,0.2648
0.7068,0.2648
0.7068,0.2648
0.7068,0.2648
0.7068,0.2648
0.7068,0.2648
0.7068,0.2648
0.7068,0.2648
0.7068,0.2648
0.7068,0.2648
0.7068,0.2648
0.7068,0.2648
0.7068,0.2648
0.7068,0.2648
0.7068,0.2648
0.7068,0.2648
0.7068,0.2648
0.7068,0.2648
0.7068,0.2648
0.7068,0.2648
0.7068,0.2648
0.7068,0.2648
0.7068,0.2648
0.7068,0.2648
0.7068,0.2648
0.7068,0.2648
0.7068,0.2648
0.7068,0.2648
0.7068,0.2648
0.7068,0.2648
0.7068,0.2648
0.7068,0.2648
0.7068,0.2648
0.7068,0.2648
0.7068,0.2648
0.7068,0.2648
0.7068,0.2648
0.7068,0.2648
0.7068,0.2648
0.7068,0.2648
0.7068,0.2648
0.7068,0.2648
0.7068,0.2648
0.7068,0.2648
0.7068,0.2648
0.7068,0.2648
0.7068,0.2648
0.7068,0.2648
0.7068,0.2648
0.7068,0.2648
0.7068,0.2648
0.7068,0.2648
0.7068,0.2648
0.7068,0.2648
0.7068,0.2648
0.7068,0.2648
0.7068,0.2648
0.7068,0.2648
0.7068,0.2648
0.7068,0.2648
0.7068,0.2648
0.7068,0.2648
0.7068,0.2648
0.7068,0.2648
0.7068,0.2648
0.7068,0.2648
0.7068,0.2648
0.7068,0.2648
0.7068,0.2648
0.7068,0.2648
0.7068,0.2648
0.7068,0.2648
0.7068,0.2648
0.7068,0.2648
0.7068,0.2648
0.7068,0.2648
0.7068,0.2648
0.7068,0.2648
0.7068,0.2648
0.7068,0.2648
0.7068,0.2648
0.7068,0.2648
0.7068,0.2648
0.7068,0.2648
0.7068,0.2648
0.7068,0.2648
0.7068,0.2648
0.7068,0.2648
0.7068,0.2648
0.7068,0.2648
0.7068,0.2648
0.7068,0.2648
0.7068,0.2648
0.7068,0.2648
0.7068,0.2648
0.7068,0.2648
0.7068,0.2648
0.7068,0.2648
0.7068,0.2648
0.7068,0.2648
0.7068,0.2648
0.7068,0.2648
0.7068,0.2648
0.7068,0.2648
0.7068,0.2648
0.7068,0.2648
0.7068,0.2648
0.7068,0.2648
0.7068,0.2648
0.7068,0.2648
0.7068,0.2648
0.7068,0.2648
0.7068,0.2648
0.7068,0.2648
0.7068,0.2648
0.7068,0.2648
0.7068,0.2648
0.7068,0.2648
0.7068,0.2648
0.7068,0.2648
0.7068,0.2648
0.7068,0.2648
0.7068,0.2648
0.7068,0.2648
0.7068,0.2648
0.7068,0.2648
0.7068,0.2648
0.7068,0.2648
0.7068,0.2648
0.7068,0.2648
0.7068,0.2648
0.7068,0.2648
0.7068,0.2648
0.7068,0.2648
0.7068,0.2648
0.7068,0.2648
0.7068,0.2648
0.7068,0.2648
0.7068,0.2648
0.7068,0.2648
0.7068,0.2648
0.7068,0.2648
0.7068,0.2648
0.7068,0.2648
0.7068,0.2648
0.7068,0.2648
0.7068,0.2648
0.7068,0.2648
0.7068,0.2648
0.7068,0.2648
0.7068,0.2648
0.7068,0.2648
0.7068,0.2648
0.7068,0.2648
0.7068,0.2648
0.7068,0.2648
0.7068,0.2648
0.7068,0.2648
0.7068,0.2648
0.7068,0.2648
0.7068,0.2648
0.7068,0.2648
0.7068,0.2648
0.7068,0.2648
0.7068,0.2648
0.7068,0.2648
0.7068,0.2648
0.7068,0.2648
0.7068,0.2648
0.7068,0.2648
0.7068,0.2648
0.7068,0.2648
0.7068,0.2648
0.7068,0.2648
0.7068,0.2648
0.7068,0.2648
0.7068,0.2648
0.7068,0.2648
0.7068,0.2648
0.7068,0.2648
0.7068,0.2648
0.7068,0.2648
0.7068,0.2648
0.7068,0.2648
0.7068,0.2648
0.7068,0.2648
0.7068,0.2648
0.7068,0.2648
0.7068,0.2648
0.7068,0.2648
0.7068,0.2648
0.7068,0.2648
0.7068,0.2648
0.7068,0.2648
0.7068,0.2648
0.7068,0.2648
0.7068,0.2648
0.7068,0.2648
0.7068,0.2648
0.7068,0.2648
0.7068,0.2648
0.7068,0.2648
0.7068,0.2648
0.7068,0.2648
0.7068,0.2648
0.7068,0.2648
0.7068,0.2648
0.7068,0.2648
0.7068,0.2648
0.7068,0.2648
0.7068,0.2648
0.7068,0.2648
0.7068,0.2648
0.7068,0.2648
0.7068,0.2648
0.7068,0.2648
0.7068,0.2648
0.7068,0.2648
0.7068,0.2648
0.7068,0.2648
0.7068,0.2648
0.7068,0.2648
0.7068,0.2648
0.7068,0.2648
0.7068,0.2648
0.7068,0.2648
0.7068,0.2648
0.7068,0.2648
0.7068,0.2648
0.7068,0.2648
0.7068,0.2648
0.7068,0.2648
0.7068,0.2648
0.7068,0.2648
0.7068,0.2648
0.7068,0.2648
0.7068,0.2648
0.7068,0.2648
0.7068,0.2648
0.7068,0.2648
0.7068,0.2648
0.7068,0.2648
0.7068,0.2648
0.7068,0.2648
0.7068,0.2648
0.7068,0.2648
0.7068,0.2648
0.7068,0.2648
0.7068,0.2648
0.7068,0.2648
0.7068,0.2648
0.7068,0.2648
0.7068,0.2648
0.7068,0.2648
0.7068,0.2648
0.7068,0.2648
0.7068,0.2648
0.7068,0.2648
0.7068,0.2648
0.7068,0.2648
0.7068,0.2648
0.7068,0.2648
0.7068,0.2648
0.7068,0.2648
0.7068,0.2648
0.7068,0.2648
0.7068,0.2648
0.7068,0.2648
0.7068,0.2648
0.7068,0.2648
0.7068,0.2648
0.7068,0.2648
0.7068,0.2648
0.7068,0.2648
0.7068,0.2648
0.7068,0.2648
0.7068,0.2648
0.7068,0.2648
0.7068,0.2648
0.7068,0.2648
0.7068,0.2648
0.7068,0.2648
0.7068,0.2648
0.7068,0.2648
0.7068,0.2648
0.7068,0.2648
0.7068,0.2648
0.7068,0.2648
0.7068,0.2648
0.7068,0.2648
0.7068,0.2648
0.7068,0.2648
0.7068,0.2648
0.7068,0.2648
0.7068,0.2648
0.7068,0.2648
0.7068,0.2648
0.7068,0.2648
0.7068,0.2648
0.7068,0.2648
0.7068,0.2648
0.7068,0.2648
0.7068,0.2648
0.7068,0.2648
0.7068,0.2648
0.7068,0.2648
0.7068,0.2648
0.7068,0.2648
0.7068,0.2648
0.7068,0.2648
0.7068,0.2648
0.7068,0.2648
0.7068,0.2648
0.7068,0.2648
0.7068,0.2648
0.7068,0.2648
0.7068,0.2648
0.7068,0.2648
0.7065,0.2648
0.7065,0.2648
