0.5750877261161804
0.5420309901237488
0.507556676864624
0.4679686725139618
0.42338111996650696
0.36854618787765503
0.31129586696624756
0.2479628175497055
0.18696828186511993
0.1291971504688263
0.09346051514148712
0.10950902849435806
0.10497507452964783
0.11896349489688873
0.1111593097448349
0.12427075207233429
0.11565209925174713
0.12287077307701111
0.11666399240493774
0.12004221975803375
0.11440914869308472
0.11677147448062897
0.10992385447025299
0.11314728856086731
0.10504347085952759
0.10950542241334915
0.10156157612800598
0.10698508471250534
0.09961330890655518
0.10617734491825104
0.10027711093425751
0.10394378751516342
0.10118968784809113
0.10594234615564346
0.10627431422472
0.11223997175693512
0.1096043735742569
0.11539018154144287
0.11166505515575409
0.11568579822778702
0.11382580548524857
0.11421646177768707
0.11535338312387466
0.12182176858186722
0.12263817340135574
0.1240588128566742
0.12318756431341171
0.12454082816839218
0.12447424978017807
0.124299556016922
0.12320760637521744
0.12607769668102264
0.12637421488761902
0.12509644031524658
0.12301448732614517
0.12352310866117477
0.12307856231927872
0.12716378271579742
0.12226241081953049
0.126004159450531
0.12431424111127853
0.12645527720451355
0.12541775405406952
0.12569992244243622
0.12356071919202805
0.12508931756019592
0.12667930126190186
0.12729935348033905
0.12625764310359955
0.12510187923908234
0.12633353471755981
0.12683120369911194
0.1250116229057312
0.12581834197044373
0.12560473382472992
0.12507496774196625
0.12588904798030853
0.12723718583583832
0.12663006782531738
0.12578164041042328
0.12422656267881393
0.12381879985332489
0.1264401525259018
0.12720496952533722
0.12637169659137726
0.12667343020439148
0.12534232437610626
0.1275128275156021
0.1270095556974411
0.1267469823360443
0.12283932417631149
0.1289464384317398
0.12645147740840912
0.12591813504695892
0.12395872175693512
0.12601135671138763
0.12677453458309174
0.12582655251026154
0.126817524433136
0.12584787607192993
0.1273534595966339
0.12624813616275787
0.1252509355545044
0.1262258142232895
0.12569668889045715
0.12571685016155243
0.12625548243522644
0.12768958508968353
0.12524449825286865
0.12524744868278503
0.12492028623819351
0.12911981344223022
0.12533806264400482
0.124832384288311
0.126045823097229
0.12738105654716492
0.12696848809719086
0.1280796378850937
0.12492845952510834
0.12565092742443085
0.12411677837371826
0.12579545378684998
0.12443546950817108
0.12543362379074097
0.12431322038173676
0.1256929188966751
0.1257360577583313
0.1272767037153244
0.1274133026599884
0.12509436905384064
0.12391159683465958
0.1276249885559082
0.1259187012910843
0.12641939520835876
0.12455540150403976
0.12615562975406647
0.12505760788917542
0.125199556350708
0.12405410408973694
0.125398188829422
0.12437592446804047
0.12565645575523376
0.1254652440547943
0.12616336345672607
0.12541960179805756
0.12603692710399628
0.12524710595607758
0.12461303174495697
0.12484521418809891
0.1264863759279251
0.12645861506462097
0.1246122345328331
0.12504731118679047
0.1264970749616623
0.12709110975265503
0.12597016990184784
0.12600472569465637
0.12634553015232086
0.1258053332567215
0.1270807534456253
0.12474826723337173
0.1263744831085205
0.12547993659973145
0.1281631737947464
0.12359428405761719
0.12645013630390167
0.12669026851654053
0.12722395360469818
0.12550881505012512
0.126236692070961
0.1275302916765213
0.12619972229003906
0.12725399434566498
0.12597104907035828
0.1281975507736206
0.12646158039569855
0.1255245953798294
0.1280187964439392
0.12583008408546448
0.12809576094150543
0.1253194957971573
0.12599128484725952
0.1253867745399475
0.12592023611068726
0.1266341507434845
0.12642163038253784
0.12366163730621338
0.12462887167930603
0.12441116571426392
0.12440645694732666
0.12459249794483185
0.12687994539737701
0.12501242756843567
0.12701033055782318
0.12408103048801422
0.12747547030448914
0.12480170279741287
0.12505042552947998
0.12513084709644318
0.12721362709999084
0.1276634782552719
0.12492851167917252
0.1245906874537468
0.1244121640920639
0.12806397676467896
0.12546901404857635
0.12498128414154053
0.12388066947460175
0.12562133371829987
0.12620458006858826
0.12487722188234329
0.1263546198606491
0.123426154255867
0.12587977945804596
0.12411493808031082
0.12608274817466736
0.12491712719202042
0.12495408207178116
0.12486977130174637
0.1250065416097641
0.12606319785118103
0.12584362924098969
0.12542951107025146
0.12616291642189026
0.12586718797683716
0.12582986056804657
0.124468132853508
0.12609079480171204
0.12439040839672089
0.12440654635429382
0.12646561861038208
0.12401476502418518
0.12457213550806046
0.12632416188716888
0.12557503581047058
0.12587210536003113
0.1233886331319809
0.12546952068805695
0.12567217648029327
0.12504838407039642
0.12395928800106049
0.1260334849357605
0.12571832537651062
0.12721875309944153
0.12572836875915527
0.12444448471069336
0.12476353347301483
0.12460406124591827
0.12644505500793457
0.12523631751537323
0.1270264834165573
0.125908762216568
