0.5432830452919006
0.4993917942047119
0.4512341618537903
0.39939606189727783
0.33822527527809143
0.276211142539978
0.5586302280426025
0.61183762550354
0.737202525138855
0.7133646607398987
0.7416163086891174
0.7416163086891174
0.7759219408035278
0.7759219408035278
0.7759219408035278
0.7759219408035278
0.7759219408035278
0.7759219408035278
0.7759219408035278
0.7759219408035278
0.7759219408035278
0.7759219408035278
0.7759219408035278
0.7759219408035278
0.7759219408035278
0.7759219408035278
0.7759219408035278
0.7759219408035278
0.7759219408035278
0.7759219408035278
0.7759219408035278
0.7759219408035278
0.7759219408035278
0.7416163086891174
0.7759219408035278
0.7416163086891174
0.7416163086891174
0.7416163086891174
0.7416163086891174
0.7416163086891174
0.7416163086891174
0.7133646607398987
0.7133646607398987
0.6925417184829712
0.6925417184829712
0.6672981977462769
0.6376999020576477
0.21119308471679688
0.5908935070037842
0.17914274334907532
0.15084925293922424
0.12938427925109863
0.1065790057182312
0.09437164664268494
0.08061948418617249
0.07991096377372742
0.07468545436859131
0.07356101274490356
0.0667257010936737
0.06318402290344238
0.057444095611572266
0.054770439863204956
0.051717281341552734
0.05050823092460632
0.04381886124610901
0.04401394724845886
0.03726959228515625
0.038736432790756226
0.034195154905319214
0.03347891569137573
0.033152759075164795
0.035752952098846436
0.03157156705856323
0.031313538551330566
0.02851065993309021
0.029554426670074463
0.025980353355407715
0.03083851933479309
0.024169057607650757
0.027529984712600708
0.028222590684890747
0.020425736904144287
0.02288264036178589
0.026098936796188354
0.02595895528793335
0.02368772029876709
0.027233153581619263
0.02090299129486084
0.026156127452850342
0.022341102361679077
0.01458027958869934
0.019373148679733276
0.02358308434486389
0.020402729511260986
0.020085394382476807
0.02103215456008911
0.018197089433670044
0.023136407136917114
0.014227300882339478
0.026327908039093018
0.021151959896087646
0.017488151788711548
0.021220088005065918
0.017079710960388184
0.024416208267211914
0.021100223064422607
0.018692314624786377
0.01479184627532959
0.021261006593704224
0.018547356128692627
0.01568618416786194
0.02288818359375
0.021250098943710327
0.020565152168273926
0.015687495470046997
0.01523551344871521
0.013550132513046265
0.017961591482162476
0.018520772457122803
0.018163979053497314
0.017845332622528076
0.01709282398223877
0.022301137447357178
0.01608419418334961
0.016824424266815186
0.01731199026107788
0.013783872127532959
0.016755133867263794
0.018697619438171387
0.01932227611541748
0.015262573957443237
0.013767331838607788
0.01736980676651001
0.019645392894744873
0.016090691089630127
0.012800157070159912
0.019454896450042725
0.019308894872665405
0.01736980676651001
0.018514126539230347
0.01412266492843628
0.011649101972579956
0.01241767406463623
0.00934794545173645
0.013439774513244629
0.015298694372177124
0.01651623845100403
0.014477849006652832
0.012344837188720703
0.014530330896377563
0.014920264482498169
0.0175592303276062
0.015207171440124512
0.009709984064102173
0.014223456382751465
0.02096959948539734
0.00969281792640686
0.013276368379592896
0.013192832469940186
0.0142822265625
0.011398643255233765
0.010480135679244995
0.016858428716659546
0.01056411862373352
0.01346006989479065
0.010576486587524414
0.012215614318847656
0.012165486812591553
0.015480637550354004
0.010143637657165527
0.011758923530578613
0.013645350933074951
0.01161542534828186
0.015178829431533813
0.008928000926971436
0.00864461064338684
0.013257384300231934
0.008770942687988281
0.01317894458770752
0.00976639986038208
0.010976284742355347
0.011348873376846313
0.01101595163345337
0.014051228761672974
0.008682280778884888
0.014956235885620117
0.019231289625167847
0.013418227434158325
0.013974785804748535
0.01583769917488098
0.01632341742515564
0.010279089212417603
0.008611053228378296
0.01563960313796997
0.008615344762802124
0.012396305799484253
0.010396242141723633
0.01975420117378235
0.010482609272003174
0.012845546007156372
0.01000833511352539
0.01845833659172058
0.009427100419998169
0.014766156673431396
0.00858268141746521
0.012690573930740356
0.013308018445968628
0.01087215542793274
0.012961626052856445
0.009873181581497192
0.01425027847290039
0.012594908475875854
0.01799064874649048
0.01561632752418518
0.014158368110656738
0.012979298830032349
0.011905103921890259
0.02045956254005432
0.013197898864746094
0.011745184659957886
0.009894043207168579
0.012872040271759033
0.010955184698104858
0.008565694093704224
0.016611456871032715
0.010448038578033447
0.012461632490158081
0.014349937438964844
0.017772763967514038
0.00951153039932251
0.012861937284469604
0.01567971706390381
0.010602414608001709
0.011035799980163574
0.011883854866027832
0.01160171627998352
0.010789185762405396
0.012680500745773315
0.011473357677459717
0.01826333999633789
0.009133964776992798
0.010755777359008789
0.012141674757003784
0.013481616973876953
0.007438629865646362
0.013791501522064209
0.0142822265625
0.010091960430145264
0.013463854789733887
0.014717429876327515
0.010507315397262573
