0.20489543676376343
0.16931703686714172
0.13345707952976227
0.09917224943637848
0.06480585038661957
0.03757480904459953
0.019565746188163757
0.014510052278637886
0.03429353982210159
0.019047582522034645
0.02988179586827755
0.02171105518937111
0.03131607919931412
0.0310607198625803
0.03621755912899971
0.034774500876665115
0.03458947315812111
0.03413185477256775
0.03398226946592331
0.03353326395153999
0.033462390303611755
0.03319266438484192
0.033017903566360474
0.03289874270558357
0.0327356718480587
0.032644566148519516
0.032477717846632004
0.03240945562720299
0.032304562628269196
0.0322684720158577
0.0322350449860096
0.032216619700193405
0.03218496963381767
0.027524013072252274
0.03215538337826729
0.02748778462409973
0.02748100832104683
0.027470460161566734
0.027443360537290573
0.027438461780548096
0.027431579306721687
0.023184671998023987
0.023168709129095078
0.019333546981215477
0.019232233986258507
0.015551229007542133
0.012179376557469368
0.0017229407094419003
0.006120950449258089
0.0009884072933346033
0.000638009631074965
0.00045715051237493753
0.0002894127101171762
0.00022022407210897654
0.00016219036479014903
0.000154745634063147
0.00013591260358225554
0.00013013109855819494
0.00010655187361408025
9.686183329904452e-05
7.938981434563175e-05
7.612321496708319e-05
6.715704512316734e-05
6.176711758598685e-05
5.02448710903991e-05
4.8841531679499894e-05
4.334983168519102e-05
4.152231849730015e-05
3.5301778552820906e-05
3.305036079837009e-05
3.2557352824369445e-05
3.50430236721877e-05
2.6418732886668295e-05
2.5752424335223623e-05
2.4801829567877576e-05
2.2433727281168103e-05
2.3704569684923626e-05
2.4988670702441595e-05
2.061520717688836e-05
2.155488618882373e-05
2.332132680749055e-05
2.313689219590742e-05
1.8349946913076565e-05
1.7436146663385443e-05
1.685554707364645e-05
1.4947264389775228e-05
1.702980989648495e-05
1.4904756426403765e-05
1.666476237005554e-05
1.7442464013583958e-05
2.4152988771675155e-05
1.4099642612563912e-05
1.3321956430445425e-05
1.3905692867410835e-05
1.3286708963278215e-05
1.1543261280166917e-05
1.1850568625959568e-05
1.2729899935948197e-05
1.3996598681842443e-05
1.575929309183266e-05
1.0579900845186785e-05
1.0642095730872825e-05
1.076000444300007e-05
1.00599927463918e-05
1.4087836461840197e-05
9.90636272035772e-06
1.0309798199159559e-05
8.846439413900953e-06
1.070514008461032e-05
8.6867694335524e-06
1.644416624912992e-05
1.2523673831310589e-05
1.0326305527996738e-05
8.969787813839503e-06
9.810883966565598e-06
8.753098882152699e-06
1.10183100332506e-05
7.54452548790141e-06
8.1255075201625e-06
9.294357369071804e-06
7.193683359218994e-06
8.216197784349788e-06
1.1396846275602002e-05
7.828454727132339e-06
6.501125426439103e-06
8.031535799091216e-06
7.380677288892912e-06
7.717646440141834e-06
7.921021278889384e-06
9.506848982709926e-06
8.455097486148588e-06
6.186255177453859e-06
6.256515462155221e-06
9.52658047026489e-06
5.853270522493403e-06
5.889084604859818e-06
9.301115824200679e-06
9.740286259329878e-06
6.304544967861148e-06
8.131178219628055e-06
4.9275290621153545e-06
6.100715381762711e-06
5.193688139115693e-06
8.663096195959952e-06
5.229076123214327e-06
5.526711902348325e-06
7.403176823572721e-06
5.087450063001597e-06
5.885775408387417e-06
5.106751359562622e-06
6.191722150106216e-06
6.7357400439505e-06
4.943471594742732e-06
6.4627115534676705e-06
4.520898073678836e-06
1.0195190952799749e-05
6.855650553916348e-06
4.552508471533656e-06
5.023955054639373e-06
4.925728717353195e-06
5.480764230014756e-06
4.747565526486142e-06
7.77073910285253e-06
6.154969014460221e-06
5.052256256021792e-06
5.733020771003794e-06
5.656238499796018e-06
4.466711743589258e-06
5.252177288639359e-06
9.387264981342014e-06
4.07209518016316e-06
5.446408522402635e-06
4.298692601878429e-06
7.578723852930125e-06
5.818675617774716e-06
5.31411615156685e-06
5.5153623179649e-06
5.784175755252363e-06
5.4674455896019936e-06
4.350065410108073e-06
4.536083451966988e-06
4.157012881478295e-06
3.869373358611483e-06
4.5332171794143505e-06
5.3813032536709215e-06
7.552950592071284e-06
1.1795414138759952e-05
4.648359663406154e-06
5.208679340285016e-06
6.4220976128126495e-06
5.7923775784729514e-06
4.074436674272874e-06
6.743412996002007e-06
6.452492925745901e-06
6.690785085083917e-06
3.7075390082463855e-06
3.7750396586488932e-06
1.0681384083000012e-05
5.2859809329675045e-06
5.867133950232528e-06
4.220131813781336e-06
8.061028893280309e-06
4.925494522467488e-06
5.994344519422157e-06
4.580782388075022e-06
4.015733338746941e-06
4.614680165104801e-06
3.6536134757625405e-06
3.80275218958559e-06
3.7740953757747775e-06
4.173708930466091e-06
6.082913387217559e-06
8.08427284937352e-06
7.125937372620683e-06
4.162725872447481e-06
4.673337116400944e-06
3.6115955026616575e-06
1.495931610406842e-05
3.6120757158641936e-06
3.2441616895084735e-06
4.346394234744366e-06
3.280339569755597e-06
3.263789494667435e-06
5.010455879528308e-06
6.19416096014902e-06
7.483061835955596e-06
3.233174766137381e-06
5.458051418827381e-06
9.262973435397726e-06
3.422906729610986e-06
5.679090008925414e-06
6.950417173356982e-06
3.336407871756819e-06
3.1439137728739297e-06
3.285914772277465e-06
4.1747894101717975e-06
3.346286575833801e-06
3.219022801204119e-06
3.764844450415694e-06
1.5223338778014295e-05
3.6480014387052506e-06
3.1295642202167073e-06
3.5220407426095335e-06
3.5322368603374343e-06
4.142264515394345e-06
4.140546934650047e-06
5.037980372435413e-06
3.4984550438821316e-06
3.6193641790305264e-06
4.64082177131786e-06
3.259218146922649e-06
