0.29893234372138977
0.2740042209625244
0.24836550652980804
0.21957246959209442
0.18808935582637787
0.1504700630903244
0.11279736459255219
0.07336468994617462
0.0391397550702095
0.016010165214538574
0.017897222191095352
0.015054169110953808
0.015000453218817711
0.013138544745743275
0.01314309798181057
0.011598856188356876
0.011111684143543243
0.010008996352553368
0.009125609882175922
0.00827077403664589
0.0076787336729466915
0.006938916631042957
0.006838067434728146
0.006136166863143444
0.00689205015078187
0.005883018486201763
0.0072288732044398785
0.005958354100584984
0.007444222457706928
0.005893904250115156
0.0069835372269153595
0.006091758143156767
0.006627040449529886
0.005595975089818239
0.005399502348154783
0.004416085779666901
0.004835296887904406
0.0041152480989694595
0.00447277445346117
0.00406803609803319
0.004112601280212402
0.0042509655468165874
0.003919227514415979
0.0028967515099793673
0.0025064575020223856
0.0024598625022917986
0.0023910324089229107
0.0022497009485960007
0.002136686583980918
0.002071507042273879
0.002075959462672472
0.0020575833041220903
0.00177017564419657
0.0016359472647309303
0.0014880587114021182
0.0016681721899658442
0.0012208095286041498
0.0012271107407286763
0.0013150227023288608
0.0009985381038859487
0.0010298792039975524
0.0009685669210739434
0.0010050208074972034
0.0008261188049800694
0.000947423919569701
0.0007733822567388415
0.0008839353104121983
0.0010260556591674685
0.0007406004588119686
0.0008198228315450251
0.0007319516153074801
0.0007918198825791478
0.000786148477345705
0.000563237234018743
0.0005716453306376934
0.0006275404593907297
0.0005422868416644633
0.0007911847205832601
0.0006143399514257908
0.0005761944921687245
0.0007660206174477935
0.0009992244886234403
0.0009200391941703856
0.0008109771879389882
0.0005129632772877812
0.0005239681922830641
0.0004903265507891774
0.0006874707760289311
0.0006019957945682108
0.0005877591320313513
0.001175880548544228
0.0015106996288523078
0.0006081718020141125
0.0004195366345811635
0.0008718115859664977
0.0005605148035101593
0.0005777989863418043
0.00044680346036329865
0.00044652438373304904
0.0007429441320709884
0.0006567231612280011
0.0004259123234078288
0.0005119848065078259
0.00046744965948164463
0.0004979406949132681
0.0005080559058114886
0.0004155650385655463
0.0008542986470274627
0.0005176273989491165
0.00047682339209131896
0.00045848856098018587
0.0015981075121089816
0.0005439837113954127
0.0005362629308365285
0.0003979946195613593
0.0009071119129657745
0.0005771622527390718
0.0010119236540049314
0.00045963560114614666
0.00045970463543199003
0.0007303336169570684
0.00035862327786162496
0.0006262192036956549
0.0005235504941083491
0.0006315889186225832
0.00037967116804793477
0.0006550179095938802
0.0006877345149405301
0.0007884583901613951
0.00046589801786467433
0.0007746629999019206
0.0009782961569726467
0.00045345508260652423
0.00038605168811045587
0.0006273179897107184
0.0003473465912975371
0.00041300946031697094
0.0005342343938536942
0.0007677603280171752
0.00037569014239124954
0.0006195863825269043
0.0003485295455902815
0.000468985439511016
0.0003753720666281879
0.0006221415824256837
0.0004626569279935211
0.0003728213196154684
0.0006379276746883988
0.000437734997831285
0.0005827745771966875
0.0003962921036873013
0.0006166670355014503
0.0004255149106029421
0.00036296588950790465
0.0006022821180522442
0.00032062522950582206
0.000502256560139358
0.0006328253075480461
0.00031835443223826587
0.000611769559327513
0.0004758149152621627
0.0005597188137471676
0.00038456724723801017
0.0009693338070064783
0.0007662771968171
0.0006441711448132992
0.0006141312187537551
0.0007128026918508112
0.0003984993963968009
0.00039307872066274285
0.0011076948139816523
0.0003633416199591011
0.0007544768741354346
0.0004070524882990867
0.0011013442417606711
0.0005232198163866997
0.00040123716462403536
0.0008622241439297795
0.00046216067858040333
0.0008171165245585144
0.00036037512472830713
0.00046455702977254987
0.0004099567304365337
0.00039836097857914865
0.0005391695303842425
0.000554052647203207
0.000881523999851197
0.0008027958683669567
0.0005208893562667072
0.0006129569374024868
0.0006045272457413375
0.0005122261354699731
0.00039867317536845803
0.0007365643396042287
0.0007022775243967772
0.0007672866340726614
0.0004066255351062864
0.00038500287337228656
0.0006016955012455583
0.0007113309111446142
0.0009160810150206089
0.0004577449872158468
0.0005284182843752205
0.0005657984293065965
0.0009087827056646347
0.0004097818455193192
0.0004612519405782223
0.0006220549112185836
0.00040393308154307306
0.000384748651413247
0.0004332539392635226
0.00037693968624807894
0.0009166717063635588
0.0004385638749226928
0.0007664020522497594
0.00033531597000546753
0.0005354930181056261
0.00039970476063899696
0.0008021003450267017
0.00037945719668641686
0.0003537686134222895
0.00048562517622485757
0.0003031766973435879
0.00039818600635044277
0.0005803638487122953
0.0003875214606523514
0.0006095663993619382
0.0003233183524571359
0.0006476836279034615
0.0007265417370945215
0.0004921903018839657
0.0008113330113701522
0.0006701629608869553
0.00044703748426400125
0.00032542800181545317
0.0003176893515046686
0.000732501910533756
0.00042133330134674907
0.0003101761394646019
0.0004819589958060533
0.001147042610682547
0.0004666515451390296
0.0003785508160945028
0.0005657268920913339
0.00033801764948293567
0.0005362275405786932
0.00045533038792200387
0.0005568598862737417
0.0004817606823053211
0.0003510807000566274
0.0005869936430826783
0.0004120154189877212
