245.93275451660156
217.41317749023438
188.76719665527344
158.38763427734375
127.14984130859375
92.73526000976562
61.5037956237793
34.03363037109375
15.211466789245605
4.732173442840576
1.057616114616394
0.6297945380210876
0.4970637261867523
0.5252042412757874
0.47660592198371887
0.5187631845474243
0.4442828297615051
0.3958587646484375
0.3973388373851776
0.3553220331668854
0.37882325053215027
0.32933902740478516
0.3116678297519684
0.31703701615333557
0.29342004656791687
0.3091922700405121
0.30408966541290283
0.32204875349998474
0.30464407801628113
0.3163526654243469
0.29268139600753784
0.28418537974357605
0.2919219732284546
0.2875957489013672
0.3011687397956848
0.2466132789850235
0.29112812876701355
0.26266226172447205
0.25658372044563293
0.2738208770751953
0.25813189148902893
0.22965234518051147
0.2849007546901703
0.23779775202274323
0.22706088423728943
0.24607864022254944
0.2709614634513855
0.25205448269844055
0.2788800597190857
0.25155752897262573
0.2923697233200073
0.33164989948272705
0.2501198649406433
0.34447067975997925
0.3905683159828186
0.5447303652763367
0.4536844491958618
0.48235630989074707
0.42402833700180054
0.4353778660297394
0.4128325879573822
0.4263778328895569
0.43810775876045227
0.4751089811325073
0.4008618891239166
0.45585888624191284
0.3879770040512085
0.4827909767627716
0.45118579268455505
0.4073106348514557
0.39781299233436584
0.35957762598991394
0.3752685487270355
0.3369270861148834
0.3296113908290863
0.3613317608833313
0.29304927587509155
0.3679196536540985
0.318291574716568
0.3623008728027344
0.29190707206726074
0.27655383944511414
0.3629518747329712
0.28503668308258057
0.2512589693069458
0.2543598711490631
0.2366073578596115
0.20467163622379303
0.2701050341129303
0.23755958676338196
0.24537819623947144
0.29559454321861267
0.2661747336387634
0.2030092179775238
0.21333375573158264
0.23236800730228424
0.19234474003314972
0.24059389531612396
0.2060454785823822
0.2545045018196106
0.14098483324050903
0.18852506577968597
0.21255633234977722
0.1881074160337448
0.21380989253520966
0.1484731137752533
0.1540609449148178
0.1627931445837021
0.17921417951583862
0.1609172224998474
0.16500060260295868
0.17134782671928406
0.12791131436824799
0.13426272571086884
0.1373903751373291
0.1584194004535675
0.18757569789886475
0.16134341061115265
0.13396061956882477
0.12993735074996948
0.1522524207830429
0.1423279196023941
0.14475347101688385
0.11143095791339874
0.1561671495437622
0.1330670416355133
0.13196773827075958
0.15345825254917145
0.12812748551368713
0.12633667886257172
0.11145898699760437
0.10828957706689835
0.13016431033611298
0.11309836804866791
0.10138513892889023
0.12182008475065231
0.1433359831571579
0.12510864436626434
0.10892944037914276
0.11842376738786697
0.10558003187179565
0.11166375875473022
0.1481153815984726
0.1387406885623932
0.14660638570785522
0.12502974271774292
0.12079379707574844
0.11461824178695679
0.10851636528968811
0.12472619116306305
0.11759886145591736
0.11345731467008591
0.09613915532827377
0.09255106747150421
0.12241417169570923
0.09933439642190933
0.0744832381606102
0.13202454149723053
0.116947241127491
0.09583637863397598
0.09766891598701477
0.10386288166046143
0.11416036635637283
0.09275684505701065
0.13048003613948822
0.08528901636600494
0.10868173092603683
0.1025611013174057
0.09777802228927612
0.08724991232156754
0.11622989177703857
0.10229384899139404
0.1006852313876152
0.09701989591121674
0.08439832180738449
0.1264200061559677
0.11033022403717041
0.09343543648719788
0.11555499583482742
0.09768983721733093
0.10796529799699783
0.11126669496297836
0.08041000366210938
0.09072376787662506
0.07827185094356537
0.10833566635847092
0.09310144931077957
0.0717134177684784
0.09186378866434097
0.08068819344043732
0.07851345837116241
0.08206064999103546
0.09657729417085648
0.10718178004026413
0.07900899648666382
0.10494071245193481
0.08590084314346313
0.08686769753694534
0.06378976255655289
0.09450384229421616
0.08477842807769775
0.08693277835845947
0.06364867836236954
0.10179836302995682
0.07219509780406952
0.08516692370176315
0.07795891165733337
0.09634091705083847
0.09079905599355698
0.08922119438648224
0.08125029504299164
0.0791410580277443
0.07447182387113571
0.06081775203347206
0.06908487528562546
0.07159026712179184
0.07962581515312195
0.08158300817012787
0.06700577586889267
0.060181874781847
0.06194702163338661
0.08495122939348221
0.05892445147037506
0.06411691755056381
0.09645725041627884
0.05670669302344322
0.09170215576887131
0.064176544547081
0.06663991510868073
0.06497625261545181
0.06795232743024826
0.07602822035551071
0.07330024242401123
0.07706452906131744
0.08231726288795471
0.07379491627216339
0.0724889487028122
0.06839079409837723
0.057658601552248
0.0657067522406578
0.076898492872715
0.0854678824543953
0.06929944455623627
0.060470450669527054
0.06196888908743858
0.08560988306999207
0.059908103197813034
0.058906253427267075
0.06484583020210266
0.057842861860990524
0.05382443219423294
0.0712270587682724
