0.31475701928138733
0.2788327634334564
0.2427501380443573
0.2043847292661667
0.1648760885000229
0.12121695280075073
0.08146966993808746
0.046122532337903976
0.021524669602513313
0.008057525381445885
0.005656430963426828
0.005260915961116552
0.005185090005397797
0.004968132358044386
0.004901346750557423
0.004668405279517174
0.004527383483946323
0.004323165863752365
0.004119684919714928
0.003957627806812525
0.0037425991613417864
0.0036095099058002234
0.0033932863734662533
0.0033161472529172897
0.0032236194238066673
0.0031371989753097296
0.0031256580259650946
0.003013234818354249
0.002985397819429636
0.0028622844256460667
0.0028019072487950325
0.002730777021497488
0.002701446181163192
0.0026291629765182734
0.002583851804956794
0.002526643918827176
0.002519505564123392
0.0024874380324035883
0.002484891563653946
0.002462390111759305
0.0024570540990680456
0.002451552776619792
0.0024227683898061514
0.0023587122559547424
0.002327520865947008
0.002309681149199605
0.0022891873959451914
0.00225999322719872
0.002214934676885605
0.0021585284266620874
0.002051424700766802
0.001907399739138782
0.0017255812417715788
0.0015336235519498587
0.001400317414663732
0.0013431686675176024
0.0012619683984667063
0.0012198603944852948
0.0011741826310753822
0.0011044465936720371
0.001066516968421638
0.000997113180346787
0.0009944457560777664
0.0009551756083965302
0.0008942763670347631
0.000858431973028928
0.0008241296163760126
0.0008426078129559755
0.0008015643106773496
0.0007462010835297406
0.0007205161964520812
0.0007043883670121431
0.0007189360912889242
0.0006282962276600301
0.0006179813062772155
0.0006256350898183882
0.0005723161739297211
0.0006238375208340585
0.0006059184088371694
0.0005846991552971303
0.0005636094138026237
0.0005805085529573262
0.0006293446058407426
0.0005358603084459901
0.0005022089462727308
0.0004951066803187132
0.00046754314098507166
0.0004847131494898349
0.0004823349881917238
0.0004872020799666643
0.0005087753525003791
0.0006348686292767525
0.0004720776923932135
0.0004326139169279486
0.0004513143212534487
0.00044950758456252515
0.0004094850446563214
0.0004283219750504941
0.0004251043719705194
0.0004773744731210172
0.00046024174662306905
0.00038842466892674565
0.0004017679311800748
0.00039204955101013184
0.00039188386290334165
0.0004377838340587914
0.00037098891334608197
0.0003903052711393684
0.00036700142663903534
0.0003862959274556488
0.0003520461614243686
0.0005080073024146259
0.00041320952004753053
0.00037706259172409773
0.0003517146105878055
0.00038630457129329443
0.00036508485209196806
0.0004144490521866828
0.0003262629616074264
0.0003369349869899452
0.00036421368713490665
0.00031923697679303586
0.0003422959125600755
0.00039453996578231454
0.0003375141241122037
0.0003035723348148167
0.0003412766382098198
0.0003343961725477129
0.00033584184711799026
0.00033267910475842655
0.0003643353411462158
0.0003561406338121742
0.0003029761428479105
0.0002954554511234164
0.00036362800165079534
0.00028783397283405066
0.0002956843236461282
0.0003608399711083621
0.00036976271076127887
0.0002970093337353319
0.00033666062518022954
0.00026572003844194114
0.00030204394715838134
0.00027734917239286005
0.00036854983773082495
0.0002768272825051099
0.0002798920322675258
0.0003244673425797373
0.00026891488232649863
0.00029704300686717033
0.00027003404102288187
0.00029746690415777266
0.0003055996203329414
0.0002628384972922504
0.00031546966056339443
0.00025333260418847203
0.0003747129230760038
0.00032549622119404376
0.00025587264099158347
0.0002718157775234431
0.00026441746740601957
0.00028743557049892843
0.0002666715590748936
0.00033586600329726934
0.00030401768162846565
0.0002725670638028532
0.00029545198776759207
0.00029122960404492915
0.00025627887225709856
0.0002711803826969117
0.00038277750718407333
0.00024353805929422379
0.0002830357989296317
0.00025168334832414985
0.0003362470888532698
0.0002988282067235559
0.0002849070297088474
0.0002859171072486788
0.000298768951324746
0.0002843851107172668
0.00025494713918305933
0.000259557506069541
0.0002480633556842804
0.00023845434770919383
0.00025553282466717064
0.0002873410121537745
0.0003303759731352329
0.000408535182941705
0.00025772262597456574
0.00027301369118504226
0.00030205457005649805
0.0002852418983820826
0.00024449964985251427
0.00032408611150458455
0.0003025201440323144
0.00032320196623913944
0.00023049555602483451
0.00023541614064015448
0.00038588501047343016
0.00028321018908172846
0.00029690208612009883
0.0002515201340429485
0.00033570718369446695
0.0002725646481849253
0.0002968214394059032
0.0002647624060045928
0.0002414837945252657
0.0002579538559075445
0.0002313214063178748
0.00023239583242684603
0.0002365887485211715
0.00024212106654886156
0.0002984506427310407
0.000335049262503162
0.00031942137866280973
0.00024183484492823482
0.0002586854388937354
0.0002276993473060429
0.000458983558928594
0.00022578267089556903
0.00021575034770648926
0.0002560826833359897
0.00021473909146152437
0.00021885459136683494
0.00027680868515744805
0.00029382621869444847
0.00034467835212126374
0.00021448879851959646
0.00027861626585945487
0.00036240986082702875
0.00022640357201453298
0.0002877555089071393
0.00031484055216424167
0.00022126923431642354
0.00021231807477306575
0.00021614263823721558
0.0002478300011716783
0.0002219760208390653
0.00021306818234734237
0.00023258759756572545
0.00046905199997127056
0.00023349441471509635
0.00021380478574428707
0.0002255250292364508
0.00022307764447759837
0.00025059314793907106
0.00024132900580298156
0.00026753105339594185
0.0002285195078002289
0.00022542604710906744
0.0002571113873273134
0.00021889983327127993
