1.265875220298767
1.1731157302856445
1.0805317163467407
0.9783827066421509
0.8684394955635071
0.7398499250411987
0.6119831204414368
0.47744065523147583
0.35363656282424927
0.24111178517341614
0.17295794188976288
0.203558087348938
0.1934424489736557
0.218569815158844
0.20123009383678436
0.22292381525039673
0.2031865268945694
0.21295222640037537
0.1978703737258911
0.20147286355495453
0.18922218680381775
0.19189944863319397
0.1781255453824997
0.18276621401309967
0.16705699265003204
0.17375019192695618
0.15915493667125702
0.16736282408237457
0.1547367125749588
0.16409100592136383
0.15396197140216827
0.16013111174106598
0.1559865027666092
0.16578957438468933
0.16620494425296783
0.1792944073677063
0.17425864934921265
0.1864081770181656
0.17792515456676483
0.186632439494133
0.18159374594688416
0.18371623754501343
0.18466967344284058
0.2002873569726944
0.19905003905296326
0.20249339938163757
0.19900661706924438
0.20156477391719818
0.20000214874744415
0.19969536364078522
0.19655776023864746
0.20117317140102386
0.20067647099494934
0.19875752925872803
0.19427593052387238
0.1952465921640396
0.19342496991157532
0.2003994733095169
0.19156868755817413
0.19767387211322784
0.19391240179538727
0.1981464922428131
0.19542793929576874
0.19640624523162842
0.19189700484275818
0.1950344443321228
0.1963171809911728
0.19796882569789886
0.19569021463394165
0.19362585246562958
0.1950974017381668
0.19625522196292877
0.19294606149196625
0.1943095624446869
0.1937398463487625
0.19275137782096863
0.1935649961233139
0.1966383457183838
0.19514666497707367
0.19431351125240326
0.19084247946739197
0.19089795649051666
0.1945393681526184
0.1960427165031433
0.19424010813236237
0.19487398862838745
0.19188211858272552
0.19646596908569336
0.19435447454452515
0.19501784443855286
0.18837881088256836
0.19819502532482147
0.1938149333000183
0.19315005838871002
0.1896580159664154
0.1933308243751526
0.1943524330854416
0.1932416558265686
0.19409728050231934
0.1930282860994339
0.1955927461385727
0.19406694173812866
0.1916852444410324
0.19392305612564087
0.19259220361709595
0.1931656002998352
0.1935427188873291
0.19566364586353302
0.19098302721977234
0.19196940958499908
0.19112291932106018
0.19819888472557068
0.1920500248670578
0.19168412685394287
0.1928720325231552
0.1955891251564026
0.19481171667575836
0.19640220701694489
0.19137269258499146
0.19283443689346313
0.18964296579360962
0.1930118054151535
0.19013914465904236
0.19214409589767456
0.1900748908519745
0.19237247109413147
0.19231852889060974
0.19518928229808807
0.19510707259178162
0.19164708256721497
0.18928653001785278
0.19532965123653412
0.19250105321407318
0.1935362070798874
0.1906585991382599
0.1930575668811798
0.1909150779247284
0.19197949767112732
0.18970651924610138
0.19172190129756927
0.18988223373889923
0.19180209934711456
0.19152647256851196
0.192583367228508
0.1916915327310562
0.1926077902317047
0.19119979441165924
0.1906326562166214
0.19053661823272705
0.19340820610523224
0.19318221509456635
0.18976470828056335
0.19052883982658386
0.19316643476486206
0.19339968264102936
0.19252775609493256
0.19229693710803986
0.19309671223163605
0.19173415005207062
0.19387803971767426
0.19013546407222748
0.19316332042217255
0.1915857493877411
0.19603309035301208
0.18853889405727386
0.1931728720664978
0.19306881725788116
0.19443848729133606
0.1918477565050125
0.1928742527961731
0.19465632736682892
0.1925612837076187
0.19437891244888306
0.19250275194644928
0.1957056224346161
0.19258250296115875
0.19160883128643036
0.19588130712509155
0.19211171567440033
0.19546981155872345
0.190861776471138
0.1919994056224823
0.19109073281288147
0.19229546189308167
0.193247452378273
0.19318123161792755
0.18856574594974518
0.19059234857559204
0.18994252383708954
0.1899353265762329
0.1900864690542221
0.1940883994102478
0.19071342051029205
0.19421367347240448
0.18913167715072632
0.19466117024421692
0.1903723180294037
0.1910904347896576
0.19086243212223053
0.19440925121307373
0.1948525458574295
0.19066618382930756
0.19009540975093842
0.1897319257259369
0.1953604370355606
0.19123013317584991
0.19057634472846985
0.1892886906862259
0.19113893806934357
0.19269534945487976
0.19043368101119995
0.1932893693447113
0.18818046152591705
0.1925353705883026
0.1890157163143158
0.1925971657037735
0.19036313891410828
0.19058272242546082
0.1904471516609192
0.19069093465805054
0.19190268218517303
0.19170691072940826
0.191010981798172
0.19220806658267975
0.1915672868490219
0.19180169701576233
0.18946172297000885
0.19201786816120148
0.18913137912750244
0.18955475091934204
0.19260144233703613
0.18879152834415436
0.18960298597812653
0.1924964338541031
0.191210076212883
0.19167271256446838
0.18781591951847076
0.19091399013996124
0.1908808797597885
0.1903955340385437
0.1884542554616928
0.19178222119808197
0.19096821546554565
0.19408337771892548
0.19134575128555298
0.1890418380498886
0.18981267511844635
0.1896534413099289
0.1918405294418335
0.1904555708169937
0.1932605355978012
0.1911698281764984
