1.2658706903457642
1.173079252243042
1.0804715156555176
0.9783034920692444
0.868354082107544
0.7397719025611877
0.6119194030761719
0.4773968756198883
0.35361286997795105
0.2411012202501297
0.17295296490192413
0.20355331897735596
0.1934381127357483
0.21856509149074554
0.20122528076171875
0.22291499376296997
0.20317834615707397
0.2129393219947815
0.19786201417446136
0.20145176351070404
0.1892058104276657
0.1918727457523346
0.17811065912246704
0.1827353686094284
0.16703765094280243
0.1737351268529892
0.15913812816143036
0.16734954714775085
0.1547180563211441
0.1640760898590088
0.15395328402519226
0.1601221263408661
0.15597142279148102
0.16578534245491028
0.16619430482387543
0.17928250133991241
0.17425544559955597
0.1864105612039566
0.177919402718544
0.18662551045417786
0.18158552050590515
0.18372243642807007
0.18467749655246735
0.2002919614315033
0.19906502962112427
0.20250287652015686
0.19902224838733673
0.2015761286020279
0.20001518726348877
0.1997041255235672
0.19657883048057556
0.20118582248687744
0.20067766308784485
0.19877156615257263
0.19428281486034393
0.1952684074640274
0.1934320330619812
0.20039953291416168
0.1915847808122635
0.1976875513792038
0.19391857087612152
0.19816094636917114
0.19544757902622223
0.19641898572444916
0.19190238416194916
0.195051908493042
0.1963193118572235
0.19798168540000916
0.19569744169712067
0.19363856315612793
0.19511422514915466
0.19626140594482422
0.19295668601989746
0.1943257749080658
0.19374322891235352
0.1927599310874939
0.19357141852378845
0.19665080308914185
0.19515207409858704
0.19433431327342987
0.19083821773529053
0.19089919328689575
0.1945471316576004
0.196048766374588
0.19425377249717712
0.19488759338855743
0.1918909251689911
0.19647081196308136
0.19436612725257874
0.19503027200698853
0.18839333951473236
0.198206827044487
0.19381459057331085
0.1931590884923935
0.1896744817495346
0.19332444667816162
0.19435778260231018
0.19325613975524902
0.1941070407629013
0.19303050637245178
0.19560091197490692
0.1940838247537613
0.19169986248016357
0.1939294934272766
0.19259408116340637
0.19317775964736938
0.1935572475194931
0.1956719011068344
0.19100183248519897
0.19197861850261688
0.1911378800868988
0.19821228086948395
0.1920609027147293
0.19168688356876373
0.1928798407316208
0.19560915231704712
0.19481931626796722
0.19641216099262238
0.19138318300247192
0.19284449517726898
0.18964603543281555
0.19302049279212952
0.19014033675193787
0.19215965270996094
0.19009362161159515
0.19238238036632538
0.1923294961452484
0.1951960027217865
0.19513638317584991
0.19165478646755219
0.18928775191307068
0.19534260034561157
0.19251196086406708
0.1935405135154724
0.19066132605075836
0.19307516515254974
0.19092394411563873
0.19199325144290924
0.18972358107566833
0.19172252714633942
0.18989020586013794
0.191806823015213
0.1915385127067566
0.19259832799434662
0.19171056151390076
0.19262051582336426
0.19121217727661133
0.19064068794250488
0.19054581224918365
0.1934235394001007
0.19319860637187958
0.18976391851902008
0.1905442476272583
0.19317525625228882
0.19339948892593384
0.19253961741924286
0.19230559468269348
0.19310562312602997
0.19174249470233917
0.1938701719045639
0.19015324115753174
0.1931767612695694
0.19160062074661255
0.19603924453258514
0.18855662643909454
0.19318410754203796
0.1930818110704422
0.19445137679576874
0.191851407289505
0.19289016723632812
0.19466771185398102
0.19257037341594696
0.19439244270324707
0.19251035153865814
0.19570474326610565
0.1925802230834961
0.19162334501743317
0.19589006900787354
0.1921168565750122
0.1954841911792755
0.19087755680084229
0.19200684130191803
0.19109585881233215
0.19231349229812622
0.1932506561279297
0.19318652153015137
0.18857495486736298
0.19060510396957397
0.18995200097560883
0.18994887173175812
0.19009923934936523
0.19410352408885956
0.19072644412517548
0.19423852860927582
0.1891283541917801
0.19467180967330933
0.19038398563861847
0.19109703600406647
0.19087159633636475
0.1944255530834198
0.1948578655719757
0.19068215787410736
0.1900995969772339
0.18974246084690094
0.19536137580871582
0.19122914969921112
0.19058865308761597
0.1892973631620407
0.19114841520786285
0.19269636273384094
0.19045059382915497
0.19331277906894684
0.18818481266498566
0.19255495071411133
0.18903584778308868
0.19260336458683014
0.19037608802318573
0.1905827671289444
0.19046764075756073
0.19070512056350708
0.19192199409008026
0.19173379242420197
0.1910121589899063
0.19221380352973938
0.19158820807933807
0.19181294739246368
0.18947391211986542
0.19202031195163727
0.1891355663537979
0.18955591320991516
0.19261237978935242
0.1888001263141632
0.18960216641426086
0.1925109326839447
0.19121737778186798
0.19167737662792206
0.18783418834209442
0.1909191906452179
0.1908828467130661
0.19040001928806305
0.18845927715301514
0.19179271161556244
0.1909792423248291
0.19409990310668945
0.19136175513267517
0.18905821442604065
0.18982678651809692
0.18966150283813477
0.191849946975708
0.1904568374156952
0.19327837228775024
0.19078347086906433
