-0.029428720474243164
-0.024565935134887695
-0.020178556442260742
-0.015863656997680664
-0.011870145797729492
-0.008008480072021484
-0.005026817321777344
-0.0027098655700683594
-0.0012574195861816406
-0.0004856586456298828
-0.0001990795135498047
-0.00026488304138183594
-0.00021409988403320312
-0.0002799034118652344
-0.0002491474151611328
-0.0003879070281982422
-0.00032830238342285156
-0.00041866302490234375
-0.0003173351287841797
-0.0006120204925537109
-0.00048542022705078125
-0.0007920265197753906
-0.0006346702575683594
-0.0008101463317871094
-0.0006992816925048828
-0.0006082057952880859
-0.0006277561187744141
-0.0006005764007568359
-0.0009386539459228516
-0.0007154941558837891
-0.0005965232849121094
-0.0005495548248291016
-0.0007982254028320312
-0.0008952617645263672
-0.00044655799865722656
-0.0006082057952880859
-0.0005793571472167969
-0.0006673336029052734
-0.000457763671875
-0.0006163120269775391
-0.0004832744598388672
-0.0004131793975830078
-0.0006546974182128906
-0.0007739067077636719
-0.0009133815765380859
-0.0007152557373046875
-0.0008859634399414062
-0.0007126331329345703
-0.0007913112640380859
-0.0006861686706542969
-0.0009987354278564453
-0.0006716251373291016
-0.0006418228149414062
-0.0006916522979736328
-0.0007228851318359375
-0.0007352828979492188
-0.0007910728454589844
-0.0008025169372558594
-0.0007979869842529297
-0.0006978511810302734
-0.0006203651428222656
-0.00079345703125
-0.0008270740509033203
-0.0009789466857910156
-0.0007321834564208984
-0.0011043548583984375
-0.0006868839263916016
-0.0009288787841796875
-0.0008966922760009766
-0.00058746337890625
-0.0006976127624511719
-0.0009198188781738281
-0.0007436275482177734
-0.0006346702575683594
-0.0007686614990234375
-0.0006048679351806641
-0.0005342960357666016
-0.001004934310913086
-0.0009801387786865234
-0.0009682178497314453
-0.0008516311645507812
-0.0010559558868408203
-0.0010921955108642578
-0.001018524169921875
-0.0008633136749267578
-0.0007236003875732422
-0.0005841255187988281
-0.0009183883666992188
-0.0006008148193359375
-0.0009698867797851562
-0.0009517669677734375
-0.0007998943328857422
-0.0006768703460693359
-0.0005931854248046875
-0.0006976127624511719
-0.0009293556213378906
-0.0007808208465576172
-0.0009243488311767578
-0.0006937980651855469
-0.0008759498596191406
-0.0009210109710693359
-0.0007588863372802734
-0.0007662773132324219
-0.0009315013885498047
-0.0010013580322265625
-0.0008802413940429688
-0.0008149147033691406
-0.0005896091461181641
-0.0004863739013671875
-0.0008223056793212891
-0.0009250640869140625
-0.0009162425994873047
-0.0007977485656738281
-0.001028299331665039
-0.0007083415985107422
-0.0009160041809082031
-0.001184225082397461
-0.0007877349853515625
-0.0009114742279052734
-0.0009343624114990234
-0.0007281303405761719
-0.0009300708770751953
-0.0006670951843261719
-0.0008425712585449219
-0.0008301734924316406
-0.0007214546203613281
-0.0009014606475830078
-0.0007908344268798828
-0.0008423328399658203
-0.0007777214050292969
-0.0006785392761230469
-0.0006875991821289062
-0.0006971359252929688
-0.0006835460662841797
-0.0009255409240722656
-0.000591278076171875
-0.0006668567657470703
-0.0009114742279052734
-0.0009582042694091797
-0.0006580352783203125
-0.0007681846618652344
-0.0005426406860351562
-0.0008802413940429688
-0.0007593631744384766
-0.0011310577392578125
-0.0007393360137939453
-0.0008845329284667969
-0.0008454322814941406
-0.0008482933044433594
-0.0007989406585693359
-0.0008130073547363281
-0.0003631114959716797
-0.0007231235504150391
-0.0007350444793701172
-0.0005557537078857422
-0.0009799003601074219
-0.00078582763671875
-0.0009560585021972656
-0.0007021427154541016
-0.0006909370422363281
-0.0007870197296142578
-0.0008254051208496094
-0.0009701251983642578
-0.0007474422454833984
-0.0009381771087646484
-0.0008087158203125
-0.0009298324584960938
-0.0009644031524658203
-0.0010762214660644531
-0.0006494522094726562
-0.0008711814880371094
-0.0005567073822021484
-0.0008122920989990234
-0.0009069442749023438
-0.0007381439208984375
-0.0004985332489013672
-0.0009374618530273438
-0.0009152889251708984
-0.0010530948638916016
-0.0006082057952880859
-0.0007233619689941406
-0.0004246234893798828
-0.0007467269897460938
-0.0006797313690185547
-0.0007803440093994141
-0.0009183883666992188
-0.0008728504180908203
-0.0009055137634277344
-0.00091552734375
-0.0007619857788085938
-0.0008165836334228516
-0.0009067058563232422
-0.0007586479187011719
-0.0010442733764648438
-0.0007255077362060547
-0.0007550716400146484
-0.0006992816925048828
-0.000995635986328125
-0.0007901191711425781
-0.0009791851043701172
-0.0008542537689208984
-0.0009360313415527344
-0.0009412765502929688
-0.0007905960083007812
-0.0007417201995849609
-0.0006735324859619141
-0.0008518695831298828
-0.0008950233459472656
-0.0006830692291259766
-0.0008652210235595703
-0.0008721351623535156
-0.0010890960693359375
-0.0008337497711181641
-0.0010442733764648438
-0.0005645751953125
-0.0008051395416259766
-0.0009586811065673828
-0.0008232593536376953
-0.0008392333984375
-0.0008409023284912109
-0.0007662773132324219
-0.0007927417755126953
-0.000690460205078125
-0.0008099079132080078
-0.0007054805755615234
-0.0007245540618896484
-0.0007939338684082031
-0.0006101131439208984
-0.0005831718444824219
-0.0006887912750244141
-0.0007836818695068359
-0.000736236572265625
-0.0007812976837158203
-0.0007379055023193359
-0.0009586811065673828
-0.0006740093231201172
-0.0009236335754394531
-0.0006730556488037109
-0.0005359649658203125
-0.0007584095001220703
-0.0007507801055908203
-0.0008006095886230469
-0.0006604194641113281
-0.0008549690246582031
-0.0008563995361328125
-0.0005669593811035156
-0.0007765293121337891
-0.0006957054138183594
-0.0006172657012939453
-0.0006465911865234375
-0.0008432865142822266
-0.0005435943603515625
