0.6045165061950684
0.5665968060493469
0.5277351140975952
0.48383232951164246
0.4352511763572693
0.3765547573566437
0.31632277369499207
0.25067266821861267
0.18822573125362396
0.1296827793121338
0.09365957975387573
0.10977382957935333
0.1051892340183258
0.11924335360527039
0.11140850931406021
0.12465876340866089
0.11598040908575058
0.12328945100307465
0.11698131263256073
0.1206541582942009
0.11489465832710266
0.11756354570388794
0.11055859178304672
0.11395752429962158
0.10574271529912949
0.11011364310979843
0.10218937695026398
0.1075856015086174
0.10055205971002579
0.1068928986787796
0.10087363421916962
0.10449331998825073
0.1019878014922142
0.1068376824259758
0.10672075301408768
0.11284809559583664
0.1101837307214737
0.11605740338563919
0.11212283372879028
0.11630211025476456
0.11430902779102325
0.11462952941656113
0.1160079836845398
0.1225956454873085
0.1235516145825386
0.12477415800094604
0.12407363951206207
0.12525343894958496
0.12526549398899078
0.1249857023358345
0.12420634180307388
0.1267494112253189
0.12701594829559326
0.12578807771205902
0.12373729795217514
0.12425827980041504
0.12386971712112427
0.1279662400484085
0.1230604350566864
0.1267019361257553
0.1249345988035202
0.12724870443344116
0.12624478340148926
0.12667889893054962
0.1242930144071579
0.12619371712207794
0.12736618518829346
0.1282283365726471
0.1271544098854065
0.12568935751914978
0.12703123688697815
0.127750962972641
0.12575525045394897
0.12645290791988373
0.12637344002723694
0.1256798505783081
0.1264234483242035
0.12824200093746185
0.12761031091213226
0.1267499327659607
0.12507808208465576
0.12487484514713287
0.12753240764141083
0.12822359800338745
0.12723495066165924
0.12739714980125427
0.1259264349937439
0.12843120098114014
0.12761029601097107
0.12771697342395782
0.1237911805510521
0.12974631786346436
0.127128466963768
0.12651123106479645
0.12465634196996689
0.12694065272808075
0.12755537033081055
0.12675099074840546
0.1275114119052887
0.12672384083271027
0.1282745748758316
0.12700693309307098
0.12601718306541443
0.12715724110603333
0.12669815123081207
0.12659715116024017
0.12707030773162842
0.12827914953231812
0.12573091685771942
0.1260698139667511
0.12584540247917175
0.1300361454486847
0.12613588571548462
0.12586063146591187
0.1267542541027069
0.12829715013504028
0.12815265357494354
0.12886746227741241
0.1258399784564972
0.12658537924289703
0.12484494596719742
0.12672561407089233
0.12510250508785248
0.12627622485160828
0.125143364071846
0.1264144778251648
0.12663747370243073
0.12806764245033264
0.12825565040111542
0.12587198615074158
0.1245901808142662
0.12831249833106995
0.1266157478094101
0.12710286676883698
0.12548087537288666
0.12674690783023834
0.12572434544563293
0.12611111998558044
0.12501241266727448
0.12605620920658112
0.1251441240310669
0.12619900703430176
0.12634550034999847
0.12692277133464813
0.12655068933963776
0.12677620351314545
0.12613153457641602
0.12545835971832275
0.12569350004196167
0.12728536128997803
0.12727168202400208
0.12497532367706299
0.12577036023139954
0.12723220884799957
0.12764674425125122
0.12695001065731049
0.12679055333137512
0.12730158865451813
0.12650740146636963
0.12777166068553925
0.12553536891937256
0.1271999627351761
0.1264500916004181
0.12891052663326263
0.12453248351812363
0.1272587925195694
0.12762008607387543
0.1281883418560028
0.1265849769115448
0.12688617408275604
0.128401517868042
0.12675650417804718
0.1280663013458252
0.1268780380487442
0.12893563508987427
0.12696002423763275
0.12646210193634033
0.1289340853691101
0.12688305974006653
0.1287040412425995
0.12604282796382904
0.12641596794128418
0.12613360583782196
0.1265999972820282
0.12741458415985107
0.12734010815620422
0.12453442811965942
0.12553437054157257
0.1253267228603363
0.12516838312149048
0.1254090666770935
0.1277865320444107
0.12577113509178162
0.1280546635389328
0.12480655312538147
0.1282305121421814
0.12550094723701477
0.12604595720767975
0.12592104077339172
0.12819278240203857
0.12851771712303162
0.12586447596549988
0.12553200125694275
0.12520268559455872
0.12880569696426392
0.12614256143569946
0.12583325803279877
0.12477568536996841
0.12630437314510345
0.12706980109214783
0.1257493793964386
0.12744376063346863
0.12425995618104935
0.126924067735672
0.12467962503433228
0.12688781321048737
0.12587575614452362
0.12577737867832184
0.12570901215076447
0.12584736943244934
0.1268295794725418
0.12663644552230835
0.12611988186836243
0.1269727647304535
0.12657272815704346
0.1265544891357422
0.12526217103004456
0.12670095264911652
0.12497349828481674
0.12509523332118988
0.12724924087524414
0.12475092709064484
0.12535353004932404
0.12706199288368225
0.1265336126089096
0.12654609978199005
0.12431222200393677
0.12614254653453827
0.12620818614959717
0.12580682337284088
0.12471012771129608
0.1268341839313507
0.12637874484062195
0.12807372212409973
0.12658478319644928
0.12501147389411926
0.12554003298282623
0.12529978156089783
0.1270623803138733
0.12588287889957428
0.1278698891401291
0.12645234167575836
