0.5889124274253845
0.5204992890357971
0.4565604031085968
0.3910830616950989
0.3243502080440521
0.2516021430492401
0.18447181582450867
0.12073807418346405
0.0706670880317688
0.03441866859793663
0.018444156274199486
0.02601887658238411
0.02486799657344818
0.03370144963264465
0.031422391533851624
0.04243993014097214
0.040486425161361694
0.049838706851005554
0.050308629870414734
0.0582486093044281
0.05748717486858368
0.06652867048978806
0.06265345960855484
0.0698658674955368
0.059806086122989655
0.07284136116504669
0.06340957432985306
0.07355893403291702
0.0655137449502945
0.07817109674215317
0.06920576840639114
0.07422205805778503
0.06980708986520767
0.07001683861017227
0.07171023637056351
0.0720851719379425
0.06574877351522446
0.06513155251741409
0.0639406144618988
0.06684914976358414
0.06571238487958908
0.06428328901529312
0.06527835875749588
0.07157623022794724
0.0704164132475853
0.07467955350875854
0.07151699811220169
0.07452303916215897
0.07234890758991241
0.07232137769460678
0.07100150734186172
0.07376625388860703
0.07452421635389328
0.07541385293006897
0.07261635363101959
0.07101750373840332
0.07308659702539444
0.07607011497020721
0.07161028683185577
0.07565772533416748
0.07176302373409271
0.07540041953325272
0.07475290447473526
0.07469100505113602
0.07263351231813431
0.0742236077785492
0.07758922874927521
0.07533185929059982
0.07534967362880707
0.07394907623529434
0.0748746395111084
0.07557795196771622
0.0733763575553894
0.07342516630887985
0.07452154904603958
0.07413379102945328
0.07345180958509445
0.0769047662615776
0.07601829618215561
0.07490537315607071
0.07371640205383301
0.0732451006770134
0.07395735383033752
0.07554583251476288
0.07287396490573883
0.07340245693922043
0.07585444301366806
0.0780879333615303
0.07717114686965942
0.07786472886800766
0.07373729348182678
0.07957428693771362
0.07440746575593948
0.07403694838285446
0.07385139167308807
0.07520046830177307
0.0758676677942276
0.07516604661941528
0.0758097767829895
0.0772918313741684
0.0761241763830185
0.07424955815076828
0.0717545673251152
0.07574614882469177
0.07695423811674118
0.07448550313711166
0.07547476887702942
0.07700587064027786
0.07466539740562439
0.07503004372119904
0.07319492846727371
0.07837264239788055
0.0746859535574913
0.07478712499141693
0.07712273299694061
0.07638765871524811
0.07705634087324142
0.07700268179178238
0.07500459998846054
0.07604073733091354
0.0742558166384697
0.07557260990142822
0.07526388019323349
0.07493725419044495
0.07357300072908401
0.0741194412112236
0.07695303112268448
0.07883360236883163
0.07536880671977997
0.07299796491861343
0.07519762217998505
0.0760161504149437
0.07526520639657974
0.07311893254518509
0.07566175609827042
0.0756736546754837
0.07454896718263626
0.07310937345027924
0.07435046881437302
0.07546037435531616
0.07234667241573334
0.07553986459970474
0.07531540840864182
0.07661595940589905
0.07635793089866638
0.07528980076313019
0.0744103193283081
0.07551378011703491
0.07382339239120483
0.07638674229383469
0.0761430487036705
0.07401154190301895
0.0760393738746643
0.07729802280664444
0.07685219496488571
0.07627610862255096
0.0746910348534584
0.0778019055724144
0.07645069807767868
0.07707059383392334
0.07307645678520203
0.07640759646892548
0.07536286115646362
0.07938547432422638
0.07531622797250748
0.07927372306585312
0.07835577428340912
0.07621581852436066
0.07492219656705856
0.07838945835828781
0.07985012233257294
0.07508592307567596
0.07923208922147751
0.07574532181024551
0.07853147387504578
0.07793794572353363
0.07606759667396545
0.07852203398942947
0.07511436939239502
0.07952101528644562
0.07578619569540024
0.0738055482506752
0.07586199045181274
0.07516497373580933
0.07891201227903366
0.07840271294116974
0.07344788312911987
0.07419507950544357
0.07370863109827042
0.07315301895141602
0.07333696633577347
0.07437600940465927
0.07295443117618561
0.07666656374931335
0.07608601450920105
0.07930939644575119
0.07753153890371323
0.07604394853115082
0.07648375630378723
0.08172566443681717
0.0790725126862526
0.0753202736377716
0.07719725370407104
0.07259026914834976
0.08076140284538269
0.07559628039598465
0.07593399286270142
0.07307122647762299
0.07488180696964264
0.0740806981921196
0.0759570449590683
0.0779348686337471
0.07447683066129684
0.07629887759685516
0.07444455474615097
0.07460187375545502
0.07547399401664734
0.07478894293308258
0.07334388047456741
0.07517196983098984
0.07368319481611252
0.07863572984933853
0.07683427631855011
0.07521704584360123
0.07659457623958588
0.07711964845657349
0.07373543828725815
0.07637292146682739
0.07395794987678528
0.07457475364208221
0.07601384073495865
0.07524248957633972
0.07594840228557587
0.07701442390680313
0.07626590132713318
0.07611697167158127
0.07228221744298935
0.07565592974424362
0.07522688806056976
0.07426220178604126
0.07412883639335632
0.07592076808214188
0.07621533423662186
0.07583530992269516
0.07660225033760071
0.07496722042560577
0.07597848027944565
0.0749218687415123
0.07736179232597351
0.07654978334903717
0.077423095703125
0.07664501667022705
