0.595808744430542
0.5230503678321838
0.4556330144405365
0.38698333501815796
0.31811627745628357
0.24451576173305511
0.1776440292596817
0.11529790610074997
0.06701742857694626
0.032688986510038376
0.01744917593896389
0.024820836260914803
0.023490888997912407
0.03192060813307762
0.029559364542365074
0.03968827798962593
0.03788357973098755
0.04627183452248573
0.04715052619576454
0.05445438250899315
0.054442860186100006
0.06266381591558456
0.059936296194791794
0.06651059538125992
0.05782756581902504
0.07008691877126694
0.06165261194109917
0.07140740007162094
0.06416269391775131
0.07614824175834656
0.06805823743343353
0.07236099243164062
0.06843290477991104
0.06826261430978775
0.06992138922214508
0.0701495110988617
0.06402988731861115
0.06294314563274384
0.06221675127744675
0.06487943232059479
0.06397605687379837
0.062354959547519684
0.06352635473012924
0.07183375954627991
0.07180137187242508
0.07625751942396164
0.07300367951393127
0.076235331594944
0.07386750727891922
0.07391984015703201
0.0721300020813942
0.0751032903790474
0.0757075846195221
0.07648338377475739
0.07352664321660995
0.07214142382144928
0.07414602488279343
0.07714851200580597
0.07263438403606415
0.0767117515206337
0.07284072786569595
0.07640717923641205
0.0759601891040802
0.07577572017908096
0.07353917509317398
0.07529564946889877
0.07869230210781097
0.07642239332199097
0.07629994302988052
0.07518050074577332
0.07590144127607346
0.07670215517282486
0.07451459020376205
0.07439536601305008
0.0757022500038147
0.07525163888931274
0.0744561105966568
0.07809498906135559
0.07698696851730347
0.07604598253965378
0.07462384551763535
0.07439298927783966
0.07504992187023163
0.0766976997256279
0.0738629475235939
0.07453368604183197
0.07694809883832932
0.07925582677125931
0.0784773901104927
0.07895100116729736
0.07477731257677078
0.08084245026111603
0.0754319503903389
0.07530796527862549
0.07503634691238403
0.07624822854995728
0.07705505937337875
0.07629472762346268
0.07708624005317688
0.07830739766359329
0.07722511142492294
0.07537302374839783
0.07280976325273514
0.07687599956989288
0.07806556671857834
0.07543518394231796
0.07672124356031418
0.07828930020332336
0.07579095661640167
0.07619981467723846
0.0742296576499939
0.07959243655204773
0.07584552466869354
0.07585203647613525
0.07833003997802734
0.07745572924613953
0.07820136100053787
0.07831338793039322
0.07611434161663055
0.07726258784532547
0.07534904778003693
0.07678794860839844
0.07636947184801102
0.07610004395246506
0.07471952587366104
0.07536549866199493
0.07828754931688309
0.08010286837816238
0.07656917721033096
0.074066162109375
0.07639661431312561
0.07727102190256119
0.07625146210193634
0.07435386627912521
0.07683698832988739
0.07683169096708298
0.07577569037675858
0.07435934245586395
0.07546204328536987
0.07681339234113693
0.07337042689323425
0.07669097930192947
0.07664624601602554
0.07804747670888901
0.07742204517126083
0.07641073316335678
0.07542572915554047
0.07673993706703186
0.07498440891504288
0.0776224136352539
0.07736949622631073
0.07515090703964233
0.07723120599985123
0.07873637974262238
0.07825806736946106
0.07745325565338135
0.07579949498176575
0.0790771022439003
0.07767124474048615
0.0783933699131012
0.07435052841901779
0.07757428288459778
0.07653381675481796
0.08067215979099274
0.07644052058458328
0.0807156041264534
0.07966446131467819
0.07744855433702469
0.0761217549443245
0.07971562445163727
0.08108114451169968
0.07631562650203705
0.08050986379384995
0.07704402506351471
0.07971349358558655
0.07934853434562683
0.07737366110086441
0.07988696545362473
0.07636412233114243
0.080849289894104
0.07697291672229767
0.07486987859010696
0.07717688381671906
0.076251320540905
0.0800907164812088
0.07965753227472305
0.07467281073331833
0.07543962448835373
0.07475832849740982
0.07436658442020416
0.07467269897460938
0.07564501464366913
0.0742403194308281
0.07784270495176315
0.07733548432588577
0.0806620791554451
0.07883438467979431
0.07730906456708908
0.07770344614982605
0.08312106132507324
0.08039253950119019
0.07662245631217957
0.07848457247018814
0.07388215512037277
0.08203472197055817
0.07696737349033356
0.0771663635969162
0.07412028312683105
0.076137013733387
0.07522567361593246
0.07721995562314987
0.07920480519533157
0.07572075724601746
0.07761178910732269
0.07566382735967636
0.07588846981525421
0.07692112028598785
0.07606885582208633
0.07448220252990723
0.07644728571176529
0.07496437430381775
0.07997898757457733
0.07803001999855042
0.07660895586013794
0.07783804833889008
0.07840529829263687
0.07502298802137375
0.07769200950860977
0.07518680393695831
0.07575761526823044
0.07734134048223495
0.07652658969163895
0.07721786946058273
0.07826873660087585
0.07755586504936218
0.07735487073659897
0.07350742071866989
0.07683483511209488
0.07645215094089508
0.07554261386394501
0.07546678930521011
0.07717834413051605
0.0773911103606224
0.07715325802564621
0.07781301438808441
0.07622867822647095
0.07707161456346512
0.0760093554854393
0.07869222015142441
0.07784146070480347
0.0787343829870224
0.012307996861636639
