14.771251678466797
13.095266342163086
11.670370101928711
9.983503341674805
8.440103530883789
6.4904632568359375
4.89437198638916
3.1142654418945312
1.9390454292297363
0.8871164321899414
0.5004544854164124
0.44276511669158936
0.44108837842941284
0.4022463858127594
0.3988948166370392
0.4072553217411041
0.40698859095573425
0.40176504850387573
0.43562600016593933
0.4236065149307251
0.456476092338562
0.44909125566482544
0.4885932207107544
0.45164304971694946
0.4401041865348816
0.4605781137943268
0.42518579959869385
0.44040125608444214
0.42067962884902954
0.4493686556816101
0.4268333315849304
0.42909231781959534
0.4200964570045471
0.41448378562927246
0.4166945517063141
0.3938450813293457
0.3966936469078064
0.37160947918891907
0.3877612054347992
0.37877118587493896
0.37434571981430054
0.3329167366027832
0.3586353659629822
0.4051240086555481
0.3941064476966858
0.4008577764034271
0.3808836042881012
0.40264976024627686
0.3841118812561035
0.3940640687942505
0.39302366971969604
0.41180020570755005
0.4245375692844391
0.48057734966278076
0.45665422081947327
0.4698176980018616
0.46036985516548157
0.47175168991088867
0.43428540229797363
0.4237034320831299
0.41545554995536804
0.4220866858959198
0.4174131453037262
0.40078747272491455
0.386418879032135
0.4021528363227844
0.38821467757225037
0.3965861201286316
0.38965320587158203
0.3777253031730652
0.37819433212280273
0.3575032651424408
0.3572677969932556
0.35288992524147034
0.3679853677749634
0.3478860855102539
0.3606107831001282
0.35473787784576416
0.34286999702453613
0.33521974086761475
0.33728694915771484
0.3357734978199005
0.3490426540374756
0.36162787675857544
0.33635205030441284
0.32966941595077515
0.3524354100227356
0.3518564701080322
0.3576788604259491
0.358887255191803
0.33072710037231445
0.3584206700325012
0.33413249254226685
0.32660865783691406
0.33555638790130615
0.31726235151290894
0.345699667930603
0.325564980506897
0.3288397789001465
0.3595457971096039
0.33297330141067505
0.33045467734336853
0.3094075620174408
0.328032910823822
0.34632647037506104
0.3243447542190552
0.32889991998672485
0.3433324098587036
0.3264080286026001
0.3264726996421814
0.31123843789100647
0.3312491476535797
0.32008618116378784
0.3382037878036499
0.3438338041305542
0.3410535454750061
0.34229910373687744
0.3433501124382019
0.3098573684692383
0.3292916715145111
0.31644201278686523
0.3266591429710388
0.3166431784629822
0.3321918547153473
0.3283308744430542
0.3115859031677246
0.3300154209136963
0.33038249611854553
0.3191417455673218
0.3158451318740845
0.3160178065299988
0.33248215913772583
0.3242538869380951
0.3425290882587433
0.30860304832458496
0.3187275528907776
0.3106541633605957
0.32521769404411316
0.35568833351135254
0.31202149391174316
0.30486103892326355
0.3043217062950134
0.3131282329559326
0.3207852244377136
0.3310368061065674
0.3153049051761627
0.30556735396385193
0.3116253912448883
0.3048057556152344
0.30121946334838867
0.30912718176841736
0.30055466294288635
0.3070952892303467
0.34947776794433594
0.3200259804725647
0.3301202058792114
0.2961880564689636
0.3134981393814087
0.31656473875045776
0.32710960507392883
0.2954014539718628
0.2992442846298218
0.31485414505004883
0.313848078250885
0.3232303857803345
0.35458195209503174
0.29873478412628174
0.313082218170166
0.304878294467926
0.30347514152526855
0.3169372081756592
0.2968611717224121
0.2984551787376404
0.2904168367385864
0.34111472964286804
0.30410879850387573
0.306312620639801
0.30983251333236694
0.3208916187286377
0.31138890981674194
0.3213251829147339
0.30032557249069214
0.3006393313407898
0.30907291173934937
0.3116145730018616
0.29232722520828247
0.29398876428604126
0.29150012135505676
0.28865334391593933
0.2893606424331665
0.2932191491127014
0.3157844841480255
0.2807333171367645
0.303619384765625
0.3025636672973633
0.32155168056488037
0.29902374744415283
0.29996705055236816
0.27976006269454956
0.3264707326889038
0.32601213455200195
0.32135406136512756
0.29683881998062134
0.2870819568634033
0.31875407695770264
0.3064831495285034
0.2830052375793457
0.3098320960998535
0.27707523107528687
0.3084466755390167
0.3105933666229248
0.2865656316280365
0.26731640100479126
0.2925059497356415
0.2821042537689209
0.28734660148620605
0.2754334807395935
0.26955345273017883
0.2625163793563843
0.2812521755695343
0.286063015460968
0.28665071725845337
0.28866541385650635
0.2828998267650604
0.27440720796585083
0.29013484716415405
0.28391170501708984
0.2923821210861206
0.2486790418624878
0.2604879140853882
0.2853628098964691
0.2794862389564514
0.27544865012168884
0.2949693202972412
0.28855466842651367
0.27161145210266113
0.2699849009513855
0.29029223322868347
0.2667069137096405
0.2725882828235626
0.2573678493499756
0.29149672389030457
0.2948209345340729
0.2925158143043518
0.2849719524383545
0.26183363795280457
0.2969874441623688
0.25922659039497375
0.27688440680503845
0.24964161217212677
0.2814672589302063
0.28836923837661743
