0.0614,0.4743
0.0619,0.4745
0.0530,0.3798
0.0857,0.5796
0.0742,0.3776
0.1718,0.8001
0.0552,0.2992
0.1252,0.6925
0.1136,0.4662
0.1819,0.8218
0.0777,0.5506
0.0788,0.5503
0.0634,0.3385
0.1735,0.7907
0.0551,0.4125
0.0583,0.4451
0.0611,0.4657
0.0551,0.4146
0.0649,0.4897
0.0529,0.3819
0.0674,0.5037
0.0676,0.5038
0.0524,0.3721
0.0637,0.4843
0.0544,0.4160
0.0566,0.4396
0.0583,0.4545
0.0528,0.4066
0.0622,0.4816
0.0502,0.3600
0.0663,0.5066
0.0664,0.5066
0.0521,0.2937
0.1270,0.6795
0.0491,0.3516
0.0545,0.4423
0.0534,0.4393
0.0460,0.3629
0.0627,0.4969
0.0540,0.3080
0.1240,0.6674
0.1241,0.6674
0.0442,0.3718
0.0429,0.3705
0.0513,0.4530
0.0479,0.2936
0.0948,0.5943
0.0377,0.2896
0.0433,0.4248
0.0336,0.2902
0.0373,0.4036
0.0373,0.4036
0.0805,0.3746
0.0288,0.3575
0.0157,0.1765
0.0104,0.2399
0.0034,0.1136
0.0008,0.1007
0.0007,0.0628
0.0007,0.0621
0.0006,0.0638
0.0006,0.0637
0.0007,0.0592
0.0007,0.0589
0.0005,0.0638
0.0007,0.0616
0.0005,0.0640
0.0005,0.0596
0.0008,0.0639
0.0005,0.0652
0.0006,0.0562
0.0006,0.0566
0.0006,0.0570
0.0005,0.0604
0.0006,0.0567
0.0006,0.0573
0.0006,0.0553
0.0005,0.0637
0.0005,0.0602
0.0007,0.0590
0.0005,0.0615
0.0005,0.0615
0.0006,0.0555
0.0007,0.0625
0.0005,0.0643
0.0006,0.0562
0.0006,0.0553
0.0008,0.0676
0.0005,0.0626
0.0006,0.0557
0.0005,0.0594
0.0005,0.0593
0.0007,0.0610
0.0005,0.0607
0.0006,0.0570
0.0006,0.0559
0.0007,0.0623
0.0006,0.0558
0.0006,0.0546
0.0006,0.0558
0.0006,0.0545
0.0006,0.0545
0.0006,0.0550
0.0006,0.0568
0.0005,0.0588
0.0007,0.0586
0.0006,0.0540
0.0006,0.0549
0.0007,0.0619
0.0005,0.0602
0.0005,0.0610
0.0005,0.0610
0.0006,0.0566
0.0005,0.0613
0.0007,0.0604
0.0005,0.0586
0.0005,0.0581
0.0005,0.0603
0.0007,0.0583
0.0005,0.0638
0.0005,0.0623
0.0005,0.0622
0.0007,0.0620
0.0005,0.0582
0.0007,0.0609
0.0005,0.0586
0.0006,0.0571
0.0005,0.0575
0.0006,0.0551
0.0006,0.0557
0.0006,0.0541
0.0006,0.0541
0.0005,0.0597
0.0006,0.0588
0.0005,0.0656
0.0006,0.0569
0.0005,0.0598
0.0006,0.0550
0.0005,0.0607
0.0005,0.0590
0.0007,0.0607
0.0007,0.0607
0.0005,0.0609
0.0006,0.0548
0.0008,0.0633
0.0005,0.0636
0.0007,0.0601
0.0006,0.0544
0.0005,0.0585
0.0005,0.0626
0.0006,0.0574
0.0006,0.0574
0.0005,0.0581
0.0005,0.0583
0.0005,0.0594
0.0005,0.0581
0.0005,0.0577
0.0005,0.0599
0.0006,0.0544
0.0006,0.0552
0.0005,0.0596
0.0005,0.0595
0.0006,0.0563
0.0006,0.0580
0.0005,0.0579
0.0005,0.0609
0.0006,0.0548
0.0006,0.0544
0.0005,0.0598
0.0006,0.0548
0.0005,0.0598
0.0005,0.0599
0.0005,0.0608
0.0006,0.0548
0.0006,0.0547
0.0006,0.0562
0.0005,0.0575
0.0006,0.0547
0.0006,0.0581
0.0005,0.0650
0.0006,0.0558
0.0006,0.0557
0.0005,0.0578
0.0005,0.0589
0.0006,0.0550
0.0005,0.0599
0.0006,0.0584
0.0006,0.0566
0.0005,0.0604
0.0006,0.0563
0.0007,0.0602
0.0007,0.0602
0.0005,0.0711
0.0008,0.0673
0.0005,0.0674
0.0006,0.0547
0.0006,0.0563
0.0005,0.0580
0.0006,0.0583
0.0005,0.0561
0.0005,0.0577
0.0005,0.0577
0.0005,0.0595
0.0005,0.0594
0.0007,0.0626
0.0005,0.0561
0.0005,0.0581
0.0006,0.0593
0.0005,0.0603
0.0006,0.0558
0.0006,0.0545
0.0006,0.0545
0.0005,0.0564
0.0006,0.0546
0.0007,0.0620
0.0005,0.0571
0.0005,0.0602
0.0007,0.0609
0.0006,0.0546
0.0005,0.0580
0.0005,0.0564
0.0005,0.0564
0.0005,0.0565
0.0007,0.0621
0.0005,0.0647
0.0006,0.0567
0.0007,0.0606
0.0005,0.0664
0.0007,0.0590
0.0006,0.0574
0.0005,0.0578
0.0005,0.0578
0.0006,0.0540
0.0006,0.0576
0.0006,0.0560
0.0005,0.0548
0.0005,0.0670
0.0007,0.0627
0.0005,0.0556
0.0007,0.0623
0.0006,0.0537
0.0006,0.0536
0.0005,0.0578
0.0005,0.0555
0.0005,0.0564
0.0007,0.0613
0.0006,0.0551
0.0005,0.0580
0.0005,0.0558
0.0006,0.0559
0.0005,0.0554
0.0005,0.0554
0.0006,0.0542
0.0005,0.0562
0.0008,0.0647
0.0005,0.0546
0.0005,0.0532
0.0005,0.0602
0.0008,0.0647
0.0005,0.0670
0.0006,0.0577
0.0006,0.0577
0.0005,0.0613
0.0007,0.0599
0.0005,0.0578
0.0005,0.0569
0.0007,0.0589
0.0005,0.0573
0.0005,0.0519
0.0006,0.0582
0.0005,0.0565
0.0005,0.0566
0.0006,0.0582
0.0004,0.0654
0.0007,0.0626
0.0004,0.0668
0.0007,0.0629
0.0004,0.0635
0.0006,0.0596
0.0004,0.0572
0.0007,0.0632
0.0007,0.0632
0.0005,0.0750
0.0010,0.0738
0.0005,0.0547
0.0005,0.0544
0.0004,0.0641
0.0010,0.0794
0.0004,0.0590
0.0006,0.0571
0.0004,0.0536
0.0004,0.0536
0.0004,0.0506
0.0004,0.0519
0.0005,0.0512
0.0005,0.0514
0.0004,0.0509
0.0005,0.0522
0.0004,0.0529
0.0004,0.0470
0.0004,0.0464
0.0004,0.0464
0.0004,0.0494
0.0005,0.0515
0.0003,0.0560
0.0004,0.0499
0.0004,0.0457
0.0003,0.0463
0.0004,0.0463
0.0003,0.0497
0.0004,0.0494
0.0004,0.0494
0.0004,0.0449
0.0003,0.0480
0.0003,0.0448
0.0003,0.0455
0.0004,0.0484
0.0006,0.0608
0.0005,0.0667
0.0004,0.0537
0.0004,0.0491
0.0004,0.0491
0.0004,0.0589
0.0003,0.0506
0.0004,0.0520
0.0004,0.0528
0.0005,0.0616
0.0003,0.0526
0.0006,0.0672
0.0006,0.0727
0.0005,0.0679
0.0005,0.0680
0.0005,0.0616
0.0004,0.0478
0.0003,0.0528
0.0003,0.0459
0.0003,0.0522
0.0003,0.0470
0.0003,0.0498
0.0003,0.0538
0.0003,0.0457
0.0003,0.0457
0.0003,0.0484
0.0003,0.0464
0.0003,0.0508
0.0003,0.0454
0.0002,0.0470
0.0002,0.0463
0.0003,0.0580
0.0003,0.0434
0.0002,0.0523
0.0002,0.0523
0.0004,0.0471
0.0003,0.0535
0.0003,0.0417
0.0002,0.0458
0.0002,0.0443
0.0002,0.0430
0.0002,0.0436
0.0002,0.0419
0.0002,0.0432
0.0002,0.0432
0.0002,0.0408
0.0002,0.0466
0.0005,0.0511
0.0004,0.0573
0.0004,0.0532
0.0003,0.0490
0.0002,0.0427
0.0002,0.0432
0.0002,0.0418
0.0002,0.0418
0.0002,0.0395
0.0002,0.0388
0.0003,0.0463
0.0002,0.0396
0.0002,0.0435
0.0002,0.0389
0.0001,0.0389
0.0002,0.0460
0.0002,0.0359
0.0002,0.0359
0.0002,0.0448
0.0002,0.0384
0.0001,0.0415
0.0002,0.0379
0.0001,0.0409
0.0001,0.0407
0.0002,0.0414
0.0001,0.0416
0.0001,0.0398
0.0001,0.0398
0.0001,0.0431
0.0002,0.0359
0.0001,0.0423
0.0001,0.0390
0.0001,0.0394
0.0001,0.0405
0.0002,0.0451
0.0002,0.0363
0.0002,0.0451
0.0002,0.0451
0.0003,0.0462
0.0003,0.0500
0.0002,0.0388
0.0001,0.0402
0.0001,0.0421
0.0001,0.0370
0.0001,0.0437
0.0002,0.0374
0.0001,0.0408
0.0001,0.0408
0.0002,0.0358
0.0002,0.0465
0.0001,0.0378
0.0002,0.0418
0.0001,0.0398
0.0001,0.0368
0.0001,0.0436
0.0002,0.0376
0.0001,0.0418
0.0001,0.0418
0.0001,0.0393
0.0001,0.0364
0.0002,0.0468
0.0002,0.0368
0.0001,0.0426
0.0001,0.0421
0.0001,0.0398
0.0001,0.0404
0.0001,0.0398
0.0001,0.0398
0.0001,0.0398
0.0001,0.0415
0.0001,0.0369
0.0001,0.0416
0.0002,0.0442
0.0002,0.0365
0.0001,0.0432
0.0001,0.0446
0.0002,0.0379
0.0002,0.0379
0.0001,0.0415
0.0001,0.0406
0.0002,0.0437
0.0002,0.0351
0.0001,0.0442
0.0002,0.0345
0.0001,0.0426
0.0001,0.0434
0.0001,0.0395
0.0001,0.0395
0.0001,0.0413
0.0001,0.0408
0.0001,0.0421
0.0001,0.0390
0.0001,0.0388
0.0001,0.0393
0.0001,0.0421
0.0001,0.0422
0.0002,0.0358
0.0002,0.0358
0.0002,0.0423
0.0001,0.0422
0.0001,0.0395
0.0001,0.0426
0.0001,0.0409
0.0002,0.0437
0.0002,0.0341
0.0001,0.0433
0.0001,0.0444
0.0001,0.0444
0.0001,0.0355
0.0002,0.0445
0.0002,0.0355
0.0001,0.0423
0.0001,0.0420
0.0001,0.0381
0.0002,0.0439
0.0001,0.0364
0.0002,0.0477
0.0002,0.0477
0.0003,0.0448
0.0001,0.0439
0.0002,0.0381
0.0002,0.0361
0.0002,0.0466
0.0001,0.0398
0.0001,0.0418
0.0001,0.0357
0.0002,0.0455
0.0002,0.0455
0.0002,0.0345
0.0001,0.0432
0.0002,0.0367
0.0001,0.0416
0.0001,0.0431
0.0001,0.0356
0.0001,0.0436
0.0001,0.0406
0.0001,0.0411
0.0001,0.0411
0.0001,0.0420
0.0002,0.0375
0.0002,0.0481
0.0003,0.0376
0.0002,0.0448
0.0001,0.0420
0.0002,0.0350
0.0001,0.0425
0.0001,0.0422
0.0001,0.0422
0.0003,0.0378
0.0002,0.0437
0.0001,0.0414
0.0001,0.0385
0.0001,0.0428
0.0001,0.0411
0.0001,0.0382
0.0001,0.0401
0.0001,0.0404
0.0001,0.0404
0.0001,0.0418
0.0001,0.0419
0.0001,0.0338
0.0002,0.0466
0.0002,0.0361
0.0002,0.0461
0.0001,0.0354
0.0001,0.0380
0.0001,0.0379
0.0001,0.0379
0.0001,0.0441
0.0001,0.0449
0.0002,0.0354
0.0001,0.0435
0.0001,0.0378
0.0001,0.0382
0.0001,0.0444
0.0001,0.0399
0.0002,0.0448
0.0002,0.0448
0.0001,0.0359
0.0001,0.0387
0.0001,0.0442
0.0001,0.0385
0.0002,0.0354
0.0002,0.0456
0.0001,0.0399
0.0001,0.0431
0.0002,0.0349
0.0002,0.0349
0.0001,0.0443
0.0001,0.0423
0.0001,0.0352
0.0002,0.0462
0.0003,0.0370
0.0002,0.0463
0.0001,0.0415
0.0001,0.0376
0.0001,0.0409
0.0001,0.0409
0.0001,0.0410
0.0001,0.0391
0.0001,0.0434
0.0001,0.0401
0.0001,0.0413
0.0001,0.0375
0.0001,0.0432
0.0001,0.0406
0.0001,0.0372
0.0001,0.0372
0.0002,0.0459
0.0001,0.0414
0.0001,0.0396
0.0002,0.0363
0.0001,0.0435
0.0001,0.0384
0.0001,0.0379
0.0002,0.0507
0.0001,0.0370
0.0001,0.0370
0.0001,0.0400
0.0001,0.0412
0.0001,0.0405
0.0001,0.0406
0.0001,0.0405
0.0001,0.0362
0.0002,0.0490
0.0002,0.0378
0.0001,0.0443
0.0001,0.0443
0.0002,0.0347
0.0001,0.0440
0.0001,0.0415
0.0002,0.0363
0.0002,0.0447
0.0001,0.0368
0.0001,0.0433
0.0002,0.0359
0.0001,0.0437
0.0001,0.0437
0.0002,0.0418
0.0002,0.0328
0.0002,0.0463
0.0001,0.0337
0.0001,0.0440
0.0002,0.0335
0.0002,0.0469
0.0002,0.0358
0.0001,0.0428
0.0001,0.0427
0.0001,0.0400
0.0001,0.0367
0.0003,0.0505
0.0002,0.0347
0.0001,0.0438
0.0001,0.0387
0.0001,0.0377
0.0001,0.0389
0.0001,0.0446
0.0001,0.0446
0.0001,0.0356
0.0001,0.0433
0.0001,0.0380
0.0001,0.0438
0.0001,0.0402
0.0001,0.0418
0.0001,0.0397
0.0001,0.0395
0.0001,0.0426
0.0001,0.0426
0.0002,0.0361
0.0002,0.0475
0.0002,0.0341
0.0001,0.0434
0.0002,0.0330
0.0002,0.0480
0.0001,0.0388
0.0001,0.0425
0.0001,0.0416
0.0001,0.0416
0.0001,0.0392
0.0001,0.0414
0.0001,0.0383
0.0002,0.0378
0.0002,0.0485
0.0002,0.0335
0.0001,0.0431
0.0001,0.0393
0.0003,0.0496
0.0003,0.0496
0.0002,0.0331
0.0002,0.0468
0.0001,0.0380
0.0001,0.0438
0.0001,0.0442
0.0002,0.0316
0.0001,0.0449
0.0002,0.0354
0.0001,0.0427
0.0001,0.0427
0.0001,0.0407
0.0001,0.0390
0.0001,0.0405
0.0001,0.0422
0.0001,0.0409
0.0001,0.0428
0.0002,0.0338
0.0002,0.0455
0.0001,0.0396
0.0001,0.0396
0.0001,0.0441
0.0001,0.0396
0.0001,0.0394
0.0001,0.0438
0.0001,0.0390
0.0001,0.0412
0.0001,0.0369
0.0002,0.0487
0.0002,0.0339
0.0002,0.0339
0.0001,0.0454
0.0001,0.0421
0.0001,0.0403
0.0001,0.0424
0.0001,0.0411
0.0002,0.0333
0.0002,0.0471
0.0001,0.0349
0.0001,0.0444
0.0001,0.0444
0.0001,0.0375
0.0001,0.0420
0.0001,0.0416
0.0001,0.0349
0.0001,0.0415
0.0001,0.0443
0.0001,0.0393
0.0001,0.0376
0.0002,0.0468
0.0002,0.0468
0.0002,0.0339
0.0001,0.0435
0.0002,0.0349
0.0001,0.0440
0.0001,0.0404
0.0001,0.0382
0.0001,0.0423
0.0001,0.0394
0.0001,0.0420
0.0001,0.0420
0.0002,0.0453
0.0001,0.0341
0.0001,0.0418
0.0001,0.0399
0.0001,0.0431
0.0001,0.0431
0.0001,0.0342
0.0001,0.0459
0.0001,0.0361
0.0001,0.0361
0.0002,0.0455
0.0001,0.0396
0.0001,0.0405
0.0001,0.0401
0.0001,0.0411
0.0001,0.0368
0.0001,0.0437
0.0001,0.0396
0.0001,0.0393
0.0001,0.0393
0.0001,0.0428
0.0001,0.0387
0.0002,0.0460
0.0001,0.0366
0.0001,0.0402
0.0001,0.0422
0.0001,0.0415
0.0001,0.0435
0.0001,0.0437
0.0001,0.0437
0.0001,0.0326
0.0002,0.0422
0.0002,0.0367
0.0001,0.0392
0.0002,0.0477
0.0001,0.0369
0.0002,0.0457
0.0001,0.0364
0.0001,0.0432
0.0001,0.0432
0.0001,0.0363
0.0002,0.0434
0.0001,0.0396
0.0001,0.0397
0.0001,0.0405
0.0001,0.0383
0.0002,0.0464
0.0001,0.0402
0.0002,0.0355
0.0002,0.0355
0.0001,0.0449
0.0001,0.0355
0.0002,0.0452
0.0001,0.0374
0.0002,0.0479
0.0001,0.0368
0.0001,0.0458
0.0001,0.0376
0.0001,0.0419
0.0001,0.0419
0.0001,0.0370
0.0001,0.0446
0.0001,0.0376
0.0001,0.0419
0.0001,0.0378
0.0001,0.0440
0.0001,0.0354
0.0001,0.0448
0.0001,0.0372
0.0001,0.0372
0.0002,0.0468
0.0001,0.0368
0.0001,0.0442
0.0001,0.0360
0.0001,0.0435
0.0001,0.0422
0.0001,0.0380
0.0001,0.0371
0.0002,0.0466
0.0002,0.0466
0.0002,0.0326
0.0002,0.0417
0.0001,0.0422
0.0001,0.0364
0.0001,0.0446
0.0001,0.0345
0.0002,0.0484
0.0002,0.0355
0.0002,0.0472
0.0002,0.0472
0.0002,0.0358
0.0001,0.0409
0.0001,0.0401
0.0001,0.0397
0.0001,0.0410
0.0001,0.0386
0.0002,0.0456
0.0001,0.0416
0.0001,0.0396
0.0001,0.0395
0.0001,0.0425
0.0001,0.0383
0.0001,0.0412
0.0001,0.0405
0.0001,0.0434
0.0001,0.0370
0.0001,0.0430
0.0001,0.0415
0.0001,0.0383
0.0001,0.0383
0.0001,0.0437
0.0001,0.0398
0.0001,0.0429
0.0001,0.0356
0.0002,0.0468
0.0001,0.0413
0.0001,0.0401
0.0001,0.0376
0.0001,0.0419
0.0001,0.0419
0.0002,0.0390
0.0002,0.0410
0.0001,0.0402
0.0001,0.0419
0.0001,0.0408
0.0001,0.0405
0.0002,0.0385
0.0002,0.0487
0.0002,0.0362
0.0002,0.0362
0.0002,0.0467
0.0001,0.0368
0.0002,0.0414
0.0001,0.0407
0.0001,0.0440
0.0001,0.0382
0.0001,0.0411
0.0001,0.0427
0.0001,0.0373
0.0001,0.0373
0.0002,0.0478
0.0001,0.0377
0.0001,0.0407
0.0002,0.0483
0.0001,0.0352
0.0001,0.0435
0.0001,0.0404
0.0001,0.0389
0.0002,0.0398
0.0002,0.0398
0.0002,0.0450
0.0001,0.0396
0.0001,0.0422
0.0001,0.0366
0.0001,0.0437
0.0001,0.0419
0.0001,0.0374
0.0001,0.0425
0.0001,0.0444
0.0001,0.0444
0.0001,0.0333
0.0001,0.0427
0.0001,0.0386
0.0001,0.0425
0.0001,0.0414
0.0001,0.0438
0.0001,0.0378
0.0001,0.0371
0.0001,0.0450
0.0001,0.0450
0.0001,0.0384
0.0001,0.0392
0.0001,0.0439
0.0001,0.0370
0.0001,0.0427
0.0001,0.0448
0.0001,0.0367
0.0001,0.0414
0.0001,0.0429
0.0001,0.0429
0.0001,0.0408
0.0001,0.0368
0.0002,0.0478
0.0001,0.0396
0.0002,0.0353
0.0001,0.0466
0.0001,0.0416
0.0001,0.0408
0.0001,0.0408
0.0001,0.0408
0.0001,0.0404
0.0001,0.0425
0.0001,0.0408
0.0002,0.0456
0.0001,0.0438
0.0001,0.0419
0.0001,0.0383
0.0001,0.0434
0.0001,0.0412
0.0001,0.0412
0.0001,0.0381
0.0001,0.0412
0.0001,0.0371
0.0001,0.0419
0.0001,0.0372
0.0001,0.0467
0.0001,0.0385
0.0002,0.0407
0.0001,0.0411
0.0001,0.0411
0.0001,0.0399
0.0001,0.0401
0.0001,0.0389
0.0001,0.0436
0.0001,0.0374
0.0002,0.0380
0.0001,0.0419
0.0001,0.0429
0.0001,0.0375
0.0001,0.0375
0.0002,0.0428
0.0001,0.0418
0.0001,0.0451
0.0002,0.0329
0.0001,0.0429
0.0001,0.0372
0.0001,0.0418
0.0001,0.0411
0.0001,0.0414
0.0001,0.0414
0.0002,0.0358
0.0001,0.0440
0.0002,0.0353
0.0001,0.0457
0.0001,0.0381
0.0001,0.0421
0.0001,0.0362
0.0001,0.0444
0.0001,0.0389
0.0001,0.0389
0.0001,0.0430
0.0001,0.0403
0.0001,0.0383
0.0002,0.0458
0.0001,0.0392
0.0001,0.0413
0.0001,0.0404
0.0001,0.0400
0.0001,0.0430
0.0001,0.0430
0.0001,0.0397
0.0001,0.0390
0.0001,0.0382
0.0002,0.0466
0.0002,0.0363
0.0003,0.0514
0.0002,0.0373
0.0002,0.0379
0.0001,0.0417
0.0001,0.0417
0.0001,0.0434
0.0001,0.0398
0.0001,0.0396
0.0001,0.0383
0.0001,0.0391
0.0002,0.0457
0.0001,0.0414
0.0001,0.0347
0.0001,0.0415
0.0001,0.0415
0.0001,0.0410
0.0001,0.0404
0.0001,0.0405
0.0001,0.0422
0.0001,0.0409
0.0001,0.0410
0.0002,0.0343
0.0002,0.0475
0.0001,0.0396
0.0001,0.0396
0.0001,0.0386
0.0002,0.0461
0.0001,0.0402
0.0001,0.0407
0.0001,0.0370
0.0001,0.0439
0.0001,0.0396
0.0001,0.0461
0.0001,0.0401
0.0001,0.0401
0.0001,0.0432
0.0001,0.0403
0.0001,0.0367
0.0001,0.0380
0.0001,0.0418
0.0001,0.0426
0.0001,0.0393
0.0001,0.0375
0.0001,0.0453
0.0001,0.0453
0.0002,0.0352
0.0001,0.0411
0.0001,0.0453
0.0001,0.0410
0.0001,0.0402
0.0001,0.0401
0.0001,0.0408
0.0001,0.0409
0.0001,0.0419
0.0001,0.0419
0.0001,0.0378
0.0001,0.0425
0.0001,0.0419
0.0001,0.0399
0.0001,0.0382
0.0002,0.0437
0.0001,0.0411
0.0002,0.0350
0.0001,0.0396
0.0001,0.0396
0.0001,0.0426
0.0001,0.0366
0.0001,0.0433
0.0001,0.0375
0.0002,0.0458
0.0001,0.0370
0.0001,0.0424
0.0001,0.0403
0.0001,0.0429
0.0001,0.0429
0.0001,0.0370
0.0001,0.0422
0.0001,0.0389
0.0001,0.0460
0.0001,0.0389
0.0001,0.0367
0.0001,0.0440
0.0001,0.0415
0.0001,0.0358
0.0001,0.0358
0.0001,0.0440
0.0001,0.0390
0.0001,0.0429
0.0001,0.0428
0.0001,0.0398
0.0001,0.0413
0.0002,0.0327
0.0001,0.0403
0.0001,0.0450
0.0001,0.0450
0.0002,0.0342
0.0001,0.0444
0.0001,0.0418
0.0001,0.0425
0.0001,0.0368
0.0001,0.0407
0.0001,0.0401
0.0001,0.0402
0.0001,0.0393
0.0001,0.0393
0.0002,0.0487
0.0002,0.0347
0.0002,0.0475
0.0001,0.0399
0.0001,0.0371
0.0001,0.0427
0.0001,0.0434
0.0001,0.0370
0.0001,0.0386
0.0001,0.0386
0.0001,0.0452
0.0001,0.0370
0.0001,0.0451
0.0001,0.0379
0.0001,0.0423
0.0001,0.0440
0.0001,0.0386
0.0001,0.0389
0.0001,0.0394
0.0001,0.0394
0.0001,0.0409
0.0002,0.0434
0.0001,0.0383
0.0001,0.0437
0.0001,0.0428
0.0001,0.0382
0.0001,0.0407
0.0001,0.0404
0.0001,0.0418
0.0001,0.0418
0.0001,0.0376
0.0001,0.0403
0.0001,0.0403
0.0001,0.0413
0.0001,0.0422
0.0001,0.0393
0.0001,0.0403
0.0001,0.0407
0.0001,0.0417
0.0001,0.0417
0.0001,0.0407
0.0001,0.0405
0.0001,0.0452
0.0002,0.0391
0.0001,0.0453
0.0001,0.0425
0.0001,0.0403
0.0001,0.0390
0.0001,0.0456
0.0001,0.0456
0.0001,0.0356
0.0001,0.0378
0.0001,0.0424
0.0001,0.0372
0.0001,0.0446
0.0001,0.0396
0.0002,0.0470
0.0001,0.0382
0.0001,0.0384
0.0001,0.0384
0.0001,0.0443
0.0001,0.0429
0.0001,0.0438
0.0002,0.0337
0.0001,0.0390
0.0001,0.0418
0.0001,0.0433
0.0001,0.0362
0.0001,0.0427
0.0001,0.0427
0.0001,0.0373
0.0002,0.0476
0.0001,0.0408
0.0002,0.0436
0.0001,0.0408
0.0001,0.0403
0.0001,0.0433
0.0001,0.0416
0.0002,0.0349
0.0002,0.0349
0.0001,0.0434
0.0001,0.0410
0.0001,0.0434
0.0001,0.0430
0.0001,0.0388
0.0001,0.0394
0.0001,0.0401
0.0001,0.0427
0.0001,0.0416
0.0001,0.0416
0.0001,0.0406
0.0001,0.0410
0.0001,0.0390
0.0001,0.0389
0.0001,0.0387
0.0001,0.0397
0.0001,0.0414
0.0001,0.0400
0.0001,0.0423
0.0001,0.0423
0.0001,0.0376
0.0001,0.0385
0.0001,0.0450
0.0001,0.0423
0.0001,0.0377
0.0001,0.0411
0.0001,0.0376
0.0001,0.0436
0.0001,0.0428
0.0001,0.0428
0.0001,0.0392
0.0001,0.0407
0.0001,0.0394
0.0001,0.0420
0.0001,0.0368
0.0001,0.0429
0.0001,0.0388
0.0001,0.0405
0.0001,0.0449
0.0001,0.0449
0.0002,0.0382
0.0001,0.0397
0.0001,0.0417
0.0001,0.0418
0.0001,0.0407
0.0001,0.0412
0.0001,0.0410
0.0001,0.0374
0.0001,0.0424
0.0001,0.0424
0.0001,0.0390
0.0001,0.0390
0.0001,0.0433
0.0002,0.0446
0.0001,0.0417
0.0002,0.0351
0.0001,0.0399
0.0001,0.0418
0.0001,0.0417
0.0001,0.0417
0.0001,0.0409
0.0001,0.0372
0.0001,0.0387
0.0001,0.0448
0.0001,0.0440
0.0001,0.0378
0.0001,0.0424
0.0001,0.0423
0.0001,0.0398
0.0001,0.0398
0.0001,0.0446
0.0001,0.0365
0.0001,0.0413
0.0001,0.0421
0.0001,0.0429
0.0001,0.0364
0.0001,0.0389
0.0001,0.0453
0.0001,0.0400
0.0001,0.0400
0.0001,0.0427
0.0001,0.0371
0.0001,0.0396
0.0001,0.0393
0.0001,0.0410
0.0001,0.0444
0.0001,0.0386
0.0001,0.0416
0.0001,0.0391
0.0001,0.0391
0.0001,0.0431
0.0001,0.0427
0.0001,0.0389
0.0001,0.0417
0.0001,0.0404
0.0001,0.0424
0.0001,0.0394
0.0001,0.0397
0.0001,0.0399
0.0001,0.0399
0.0001,0.0400
0.0001,0.0423
0.0001,0.0437
0.0001,0.0366
0.0001,0.0420
0.0001,0.0405
0.0001,0.0409
0.0001,0.0392
0.0001,0.0443
0.0001,0.0443
0.0001,0.0335
0.0001,0.0416
0.0002,0.0449
0.0002,0.0351
0.0001,0.0437
0.0001,0.0416
0.0001,0.0398
0.0001,0.0405
0.0001,0.0436
0.0001,0.0436
0.0001,0.0391
0.0001,0.0382
0.0001,0.0453
0.0001,0.0407
0.0001,0.0375
0.0001,0.0409
0.0001,0.0428
0.0001,0.0424
0.0001,0.0352
0.0001,0.0352
0.0002,0.0492
0.0001,0.0440
0.0001,0.0386
0.0001,0.0431
0.0001,0.0399
0.0001,0.0389
0.0001,0.0402
0.0002,0.0453
0.0001,0.0371
0.0001,0.0371
0.0001,0.0445
0.0001,0.0431
0.0001,0.0401
0.0001,0.0428
0.0001,0.0378
0.0002,0.0377
0.0001,0.0407
0.0001,0.0451
0.0001,0.0427
0.0001,0.0427
0.0001,0.0341
0.0001,0.0372
0.0001,0.0442
0.0001,0.0442
0.0001,0.0404
0.0001,0.0420
0.0001,0.0369
0.0001,0.0442
0.0001,0.0401
0.0001,0.0401
0.0001,0.0400
0.0001,0.0379
0.0001,0.0433
0.0002,0.0454
0.0001,0.0385
0.0001,0.0422
0.0001,0.0411
0.0001,0.0402
0.0001,0.0413
0.0001,0.0413
0.0001,0.0413
0.0001,0.0377
0.0001,0.0389
0.0001,0.0391
0.0001,0.0404
0.0001,0.0375
0.0001,0.0449
0.0001,0.0431
0.0001,0.0378
0.0001,0.0378
0.0001,0.0386
0.0001,0.0456
0.0001,0.0411
0.0001,0.0416
0.0001,0.0395
0.0001,0.0383
0.0001,0.0399
0.0001,0.0418
0.0001,0.0392
0.0001,0.0392
0.0001,0.0398
0.0001,0.0418
0.0001,0.0373
0.0001,0.0420
0.0001,0.0402
0.0001,0.0384
0.0001,0.0438
0.0001,0.0412
0.0001,0.0377
0.0001,0.0377
0.0001,0.0412
0.0001,0.0439
0.0001,0.0415
0.0001,0.0393
0.0001,0.0434
0.0001,0.0402
0.0001,0.0380
0.0001,0.0433
0.0001,0.0393
0.0001,0.0393
0.0001,0.0391
0.0001,0.0415
0.0001,0.0396
0.0002,0.0418
0.0001,0.0405
0.0001,0.0399
0.0001,0.0418
0.0001,0.0404
0.0001,0.0383
0.0001,0.0383
0.0001,0.0453
0.0001,0.0431
0.0001,0.0354
0.0001,0.0393
0.0001,0.0358
0.0001,0.0407
0.0002,0.0458
0.0001,0.0391
0.0001,0.0410
0.0001,0.0410
0.0001,0.0381
0.0001,0.0420
0.0001,0.0404
0.0002,0.0473
0.0001,0.0408
0.0001,0.0361
0.0001,0.0393
0.0001,0.0389
0.0001,0.0420
0.0001,0.0420
0.0001,0.0428
0.0001,0.0373
0.0001,0.0431
0.0001,0.0396
0.0001,0.0370
0.0001,0.0408
0.0001,0.0411
0.0001,0.0437
0.0001,0.0383
0.0001,0.0383
0.0001,0.0395
0.0002,0.0452
0.0001,0.0399
0.0001,0.0389
0.0001,0.0418
0.0001,0.0417
0.0001,0.0405
0.0001,0.0386
0.0001,0.0436
0.0001,0.0436
0.0001,0.0359
0.0001,0.0414
0.0001,0.0386
0.0001,0.0448
0.0002,0.0393
0.0002,0.0434
0.0001,0.0361
0.0001,0.0377
0.0002,0.0447
0.0002,0.0447
0.0002,0.0435
0.0001,0.0369
0.0001,0.0428
0.0001,0.0385
0.0001,0.0430
0.0001,0.0404
0.0001,0.0389
0.0001,0.0386
0.0001,0.0387
0.0001,0.0387
0.0001,0.0421
0.0001,0.0403
0.0001,0.0424
0.0001,0.0423
0.0001,0.0392
0.0001,0.0408
0.0001,0.0388
0.0001,0.0391
0.0001,0.0408
0.0001,0.0408
0.0001,0.0448
0.0002,0.0406
0.0001,0.0432
0.0001,0.0357
0.0001,0.0429
0.0001,0.0441
0.0002,0.0374
0.0001,0.0446
0.0001,0.0403
0.0001,0.0403
0.0001,0.0408
0.0001,0.0394
0.0001,0.0426
0.0001,0.0393
0.0001,0.0389
0.0001,0.0411
0.0001,0.0430
0.0001,0.0430
0.0001,0.0405
0.0001,0.0405
0.0001,0.0410
0.0001,0.0411
0.0001,0.0386
0.0002,0.0372
0.0001,0.0423
0.0001,0.0428
0.0001,0.0379
0.0001,0.0395
0.0001,0.0451
0.0001,0.0451
0.0001,0.0372
0.0001,0.0404
0.0001,0.0413
0.0001,0.0412
0.0002,0.0411
0.0001,0.0408
0.0001,0.0364
0.0001,0.0405
0.0001,0.0385
0.0001,0.0385
0.0001,0.0435
0.0002,0.0457
0.0001,0.0403
0.0001,0.0390
0.0001,0.0405
0.0001,0.0410
0.0001,0.0402
0.0001,0.0412
0.0001,0.0400
0.0001,0.0400
0.0001,0.0392
0.0001,0.0410
0.0001,0.0403
0.0001,0.0404
0.0001,0.0434
0.0001,0.0387
0.0001,0.0415
0.0002,0.0397
0.0001,0.0413
0.0001,0.0413
0.0002,0.0422
0.0001,0.0400
0.0001,0.0387
0.0001,0.0400
0.0001,0.0394
0.0001,0.0389
0.0002,0.0441
0.0001,0.0395
0.0001,0.0411
0.0001,0.0411
0.0001,0.0409
0.0001,0.0411
0.0001,0.0403
0.0001,0.0410
0.0002,0.0422
0.0001,0.0438
0.0001,0.0366
0.0001,0.0408
0.0001,0.0370
0.0001,0.0370
0.0001,0.0456
0.0001,0.0411
0.0001,0.0395
0.0001,0.0411
0.0001,0.0370
0.0001,0.0432
0.0001,0.0410
0.0001,0.0426
0.0001,0.0360
0.0001,0.0360
0.0002,0.0457
0.0001,0.0400
0.0001,0.0416
0.0001,0.0380
0.0001,0.0430
0.0001,0.0420
0.0001,0.0382
0.0001,0.0420
0.0001,0.0379
0.0001,0.0379
0.0001,0.0390
0.0001,0.0436
0.0001,0.0401
0.0001,0.0424
0.0001,0.0401
0.0001,0.0405
0.0001,0.0412
0.0001,0.0419
0.0002,0.0364
0.0002,0.0364
0.0002,0.0415
0.0001,0.0415
0.0001,0.0376
0.0001,0.0444
0.0001,0.0396
0.0001,0.0378
0.0001,0.0391
0.0001,0.0409
0.0001,0.0425
0.0001,0.0426
0.0001,0.0368
0.0001,0.0383
0.0001,0.0449
0.0001,0.0377
0.0001,0.0423
0.0001,0.0393
0.0001,0.0430
0.0001,0.0386
0.0001,0.0385
0.0001,0.0385
0.0001,0.0431
0.0001,0.0395
0.0001,0.0403
0.0001,0.0409
0.0001,0.0422
0.0001,0.0417
0.0001,0.0394
0.0001,0.0405
0.0001,0.0401
0.0001,0.0401
0.0001,0.0410
0.0001,0.0403
0.0001,0.0412
0.0001,0.0396
0.0001,0.0415
0.0001,0.0418
0.0001,0.0356
0.0001,0.0407
0.0001,0.0433
0.0001,0.0434
0.0001,0.0404
0.0001,0.0414
0.0001,0.0380
0.0001,0.0417
0.0001,0.0416
0.0001,0.0375
0.0001,0.0401
0.0001,0.0406
0.0001,0.0378
0.0001,0.0378
0.0001,0.0401
0.0001,0.0412
0.0001,0.0413
0.0001,0.0387
0.0001,0.0389
0.0001,0.0432
0.0003,0.0413
0.0001,0.0384
0.0001,0.0394
0.0001,0.0394
0.0001,0.0386
0.0001,0.0398
0.0001,0.0415
0.0001,0.0428
0.0001,0.0427
0.0001,0.0385
0.0001,0.0390
0.0001,0.0422
0.0001,0.0378
0.0001,0.0378
0.0001,0.0394
0.0001,0.0457
0.0001,0.0367
0.0001,0.0415
0.0001,0.0398
0.0001,0.0398
0.0001,0.0401
0.0001,0.0377
0.0001,0.0428
0.0001,0.0428
0.0001,0.0359
0.0001,0.0452
0.0001,0.0381
0.0001,0.0410
0.0001,0.0408
0.0001,0.0393
0.0001,0.0406
0.0001,0.0370
0.0001,0.0429
0.0001,0.0429
0.0001,0.0412
0.0002,0.0322
0.0001,0.0457
0.0001,0.0420
0.0001,0.0403
0.0001,0.0396
0.0001,0.0384
0.0001,0.0417
0.0001,0.0395
0.0001,0.0395
0.0001,0.0416
0.0001,0.0405
0.0001,0.0391
0.0001,0.0424
0.0001,0.0386
0.0001,0.0378
0.0001,0.0428
0.0001,0.0401
0.0001,0.0421
0.0001,0.0421
0.0001,0.0400
0.0001,0.0382
0.0001,0.0417
0.0001,0.0388
0.0001,0.0405
0.0001,0.0401
0.0001,0.0413
0.0001,0.0396
0.0001,0.0371
0.0001,0.0371
0.0001,0.0424
0.0001,0.0420
0.0001,0.0432
0.0001,0.0401
0.0001,0.0386
0.0001,0.0400
0.0001,0.0392
0.0001,0.0404
0.0001,0.0396
0.0001,0.0396
0.0001,0.0429
0.0001,0.0398
0.0001,0.0423
0.0001,0.0403
0.0001,0.0402
0.0001,0.0404
0.0001,0.0404
0.0001,0.0412
0.0002,0.0412
0.0002,0.0412
0.0001,0.0388
0.0001,0.0433
0.0002,0.0356
0.0001,0.0421
0.0001,0.0409
0.0001,0.0358
0.0001,0.0442
0.0001,0.0391
0.0001,0.0394
0.0001,0.0394
0.0001,0.0416
0.0001,0.0394
0.0001,0.0420
0.0001,0.0389
0.0001,0.0409
0.0001,0.0400
0.0001,0.0368
0.0001,0.0447
0.0001,0.0416
0.0001,0.0416
0.0001,0.0335
0.0001,0.0447
0.0002,0.0438
0.0001,0.0403
0.0001,0.0396
0.0002,0.0357
0.0001,0.0400
0.0001,0.0410
0.0001,0.0400
0.0001,0.0400
0.0001,0.0412
0.0001,0.0413
0.0002,0.0343
0.0001,0.0454
0.0001,0.0390
0.0001,0.0374
0.0001,0.0385
0.0001,0.0427
0.0001,0.0392
0.0001,0.0392
0.0001,0.0416
0.0001,0.0393
0.0001,0.0388
0.0001,0.0407
0.0001,0.0368
0.0001,0.0406
0.0002,0.0469
0.0001,0.0384
0.0001,0.0356
0.0001,0.0356
0.0001,0.0413
0.0002,0.0476
0.0001,0.0370
0.0001,0.0380
0.0001,0.0412
0.0001,0.0422
0.0001,0.0391
0.0001,0.0408
0.0001,0.0374
0.0001,0.0374
0.0001,0.0407
0.0001,0.0389
0.0001,0.0425
0.0001,0.0387
0.0001,0.0384
0.0002,0.0445
0.0001,0.0346
0.0001,0.0419
0.0002,0.0412
0.0002,0.0412
0.0001,0.0395
0.0001,0.0371
0.0001,0.0398
0.0001,0.0414
0.0001,0.0416
0.0001,0.0394
0.0001,0.0399
0.0001,0.0389
0.0001,0.0388
0.0001,0.0388
0.0001,0.0416
0.0001,0.0395
0.0001,0.0397
0.0001,0.0401
0.0001,0.0416
0.0001,0.0404
0.0001,0.0389
0.0001,0.0415
0.0001,0.0371
0.0001,0.0371
0.0001,0.0431
0.0001,0.0401
0.0001,0.0405
0.0001,0.0408
0.0001,0.0387
0.0002,0.0368
0.0001,0.0404
0.0001,0.0430
0.0001,0.0379
0.0001,0.0379
0.0001,0.0386
0.0001,0.0404
0.0002,0.0451
0.0001,0.0364
0.0001,0.0377
0.0001,0.0400
0.0001,0.0405
0.0001,0.0380
0.0002,0.0446
0.0002,0.0446
0.0001,0.0273
0.0001,0.0450
0.0001,0.0341
0.0001,0.0404
0.0001,0.0379
0.0001,0.0416
0.0001,0.0421
0.0001,0.0408
0.0001,0.0337
0.0001,0.0337
0.0001,0.0410
0.0001,0.0412
0.0001,0.0373
0.0001,0.0371
0.0001,0.0388
0.0001,0.0394
0.0001,0.0434
0.0001,0.0402
0.0001,0.0369
0.0001,0.0369
0.0001,0.0403
0.0001,0.0338
0.0001,0.0394
0.0001,0.0389
0.0001,0.0371
0.0001,0.0389
0.0001,0.0365
0.0001,0.0407
0.0001,0.0397
0.0001,0.0397
0.0001,0.0327
0.0001,0.0382
0.0001,0.0414
0.0001,0.0334
0.0001,0.0363
0.0001,0.0380
0.0001,0.0397
0.0001,0.0352
0.0001,0.0390
0.0001,0.0390
0.0001,0.0373
0.0001,0.0387
0.0001,0.0379
0.0001,0.0342
0.0001,0.0366
0.0001,0.0383
0.0001,0.0363
0.0001,0.0409
0.0001,0.0375
0.0001,0.0375
0.0001,0.0381
0.0001,0.0315
0.0001,0.0382
0.0001,0.0378
0.0001,0.0392
0.0001,0.0392
0.0001,0.0337
0.0001,0.0377
0.0001,0.0338
0.0001,0.0338
0.0001,0.0387
0.0001,0.0397
0.0001,0.0384
0.0001,0.0348
0.0001,0.0378
0.0001,0.0385
0.0001,0.0358
0.0001,0.0361
0.0001,0.0386
0.0001,0.0386
0.0001,0.0386
0.0001,0.0378
0.0001,0.0346
0.0001,0.0382
0.0001,0.0365
0.0001,0.0376
0.0002,0.0336
0.0001,0.0399
0.0001,0.0366
0.0001,0.0366
0.0002,0.0445
0.0001,0.0421
0.0001,0.0312
0.0001,0.0416
0.0001,0.0366
0.0001,0.0377
0.0001,0.0362
0.0001,0.0410
0.0001,0.0380
0.0001,0.0380
0.0001,0.0371
0.0001,0.0343
0.0001,0.0421
0.0001,0.0368
0.0001,0.0329
0.0001,0.0355
0.0001,0.0358
0.0001,0.0395
0.0001,0.0407
0.0001,0.0407
0.0001,0.0297
0.0002,0.0413
0.0001,0.0325
0.0001,0.0405
0.0001,0.0357
0.0001,0.0406
0.0001,0.0334
0.0001,0.0383
0.0001,0.0391
0.0001,0.0391
0.0001,0.0336
0.0001,0.0371
0.0001,0.0367
0.0001,0.0410
0.0001,0.0346
0.0001,0.0368
0.0001,0.0370
0.0001,0.0387
0.0001,0.0388
0.0001,0.0388
0.0001,0.0290
0.0001,0.0427
0.0001,0.0407
0.0001,0.0351
0.0001,0.0366
0.0001,0.0339
0.0001,0.0339
0.0001,0.0384
0.0001,0.0374
0.0001,0.0374
0.0001,0.0392
0.0001,0.0324
0.0001,0.0330
0.0001,0.0394
0.0001,0.0367
0.0001,0.0329
0.0001,0.0391
0.0001,0.0330
0.0001,0.0354
0.0001,0.0354
0.0001,0.0408
0.0001,0.0378
0.0001,0.0368
0.0001,0.0300
0.0001,0.0342
0.0001,0.0343
0.0001,0.0390
0.0001,0.0390
0.0001,0.0357
0.0001,0.0357
0.0001,0.0376
0.0001,0.0353
0.0001,0.0356
0.0001,0.0384
0.0001,0.0361
0.0001,0.0353
0.0001,0.0375
0.0001,0.0388
0.0001,0.0319
0.0001,0.0319
0.0001,0.0354
0.0001,0.0367
0.0001,0.0386
0.0001,0.0351
0.0001,0.0375
0.0001,0.0372
0.0001,0.0387
0.0001,0.0349
0.0001,0.0314
0.0001,0.0314
0.0001,0.0369
0.0001,0.0398
0.0001,0.0399
0.0001,0.0364
0.0001,0.0334
0.0001,0.0363
0.0001,0.0369
0.0001,0.0409
0.0001,0.0309
0.0001,0.0309
0.0002,0.0378
0.0002,0.0400
0.0003,0.0496
0.0003,0.0518
0.0001,0.0352
0.0001,0.0352
0.0001,0.0388
0.0001,0.0347
0.0001,0.0381
0.0001,0.0381
0.0001,0.0336
0.0002,0.0346
0.0001,0.0367
0.0001,0.0390
0.0001,0.0373
0.0001,0.0324
0.0001,0.0371
0.0001,0.0350
0.0001,0.0347
0.0001,0.0350
0.0001,0.0350
0.0001,0.0350
0.0001,0.0350
0.0001,0.0350
0.0001,0.0350
0.0001,0.0350
0.0001,0.0350
0.0001,0.0350
0.0001,0.0350
0.0001,0.0350
0.0001,0.0350
0.0001,0.0350
0.0001,0.0350
0.0001,0.0350
0.0001,0.0350
0.0001,0.0350
0.0001,0.0350
0.0001,0.0350
0.0001,0.0350
0.0001,0.0350
0.0001,0.0350
0.0001,0.0350
0.0001,0.0350
0.0001,0.0350
0.0001,0.0350
0.0001,0.0350
0.0001,0.0350
0.0001,0.0350
0.0001,0.0350
0.0001,0.0350
0.0001,0.0350
0.0001,0.0350
0.0001,0.0350
0.0001,0.0350
0.0001,0.0350
0.0001,0.0350
0.0001,0.0350
0.0001,0.0350
0.0001,0.0350
0.0001,0.0350
0.0001,0.0350
0.0001,0.0350
0.0001,0.0350
0.0001,0.0350
0.0001,0.0350
0.0001,0.0350
0.0001,0.0350
0.0001,0.0350
0.0001,0.0350
0.0001,0.0350
0.0001,0.0350
0.0001,0.0350
0.0001,0.0350
0.0001,0.0350
0.0001,0.0350
0.0001,0.0350
0.0001,0.0350
0.0001,0.0350
0.0001,0.0350
0.0001,0.0350
0.0001,0.0350
0.0001,0.0350
0.0001,0.0350
0.0001,0.0350
0.0001,0.0350
0.0001,0.0350
0.0001,0.0350
0.0001,0.0350
0.0001,0.0350
0.0001,0.0350
0.0001,0.0350
0.0001,0.0350
0.0001,0.0350
0.0001,0.0350
0.0001,0.0350
0.0001,0.0350
0.0001,0.0350
0.0001,0.0350
0.0001,0.0350
0.0001,0.0350
0.0001,0.0350
0.0001,0.0350
0.0001,0.0350
0.0001,0.0350
0.0001,0.0350
0.0001,0.0350
0.0001,0.0350
0.0001,0.0350
0.0001,0.0350
0.0001,0.0350
0.0001,0.0350
0.0001,0.0350
0.0001,0.0350
0.0001,0.0350
0.0001,0.0350
0.0001,0.0350
0.0001,0.0350
0.0001,0.0350
0.0001,0.0350
0.0001,0.0350
0.0001,0.0350
0.0001,0.0350
0.0001,0.0350
0.0001,0.0350
0.0001,0.0350
0.0001,0.0350
0.0001,0.0350
0.0001,0.0350
0.0001,0.0350
0.0001,0.0350
0.0001,0.0350
0.0001,0.0350
0.0001,0.0350
0.0001,0.0350
0.0001,0.0350
0.0001,0.0350
0.0001,0.0350
0.0001,0.0350
0.0001,0.0350
0.0001,0.0350
0.0001,0.0350
0.0001,0.0350
0.0001,0.0350
0.0001,0.0350
0.0001,0.0350
0.0001,0.0350
0.0001,0.0350
0.0001,0.0350
0.0001,0.0350
0.0001,0.0350
0.0001,0.0350
0.0001,0.0350
0.0001,0.0350
0.0001,0.0350
0.0001,0.0350
0.0001,0.0350
0.0001,0.0350
0.0001,0.0350
0.0001,0.0350
0.0001,0.0350
0.0001,0.0350
0.0001,0.0350
0.0001,0.0350
0.0001,0.0350
0.0001,0.0350
0.0001,0.0350
0.0001,0.0350
0.0001,0.0350
0.0001,0.0350
0.0001,0.0350
0.0001,0.0350
0.0001,0.0350
0.0001,0.0350
0.0001,0.0350
0.0001,0.0350
0.0001,0.0350
0.0001,0.0350
0.0001,0.0350
0.0001,0.0350
0.0001,0.0350
0.0001,0.0350
0.0001,0.0350
0.0001,0.0350
0.0001,0.0350
0.0001,0.0350
0.0001,0.0350
0.0001,0.0350
0.0001,0.0350
0.0001,0.0350
0.0001,0.0350
0.0001,0.0350
0.0001,0.0350
0.0001,0.0350
0.0001,0.0350
0.0001,0.0350
0.0001,0.0350
0.0001,0.0350
0.0001,0.0350
0.0001,0.0350
0.0001,0.0350
0.0001,0.0350
0.0001,0.0350
0.0001,0.0350
0.0001,0.0350
0.0001,0.0350
0.0001,0.0350
0.0001,0.0350
0.0001,0.0350
0.0001,0.0350
0.0001,0.0350
0.0001,0.0350
0.0001,0.0350
0.0001,0.0350
0.0001,0.0350
0.0001,0.0350
0.0001,0.0350
0.0001,0.0350
0.0001,0.0350
0.0001,0.0350
0.0001,0.0347
0.0001,0.0350
0.0001,0.0350
0.0001,0.0350
0.0001,0.0350
0.0001,0.0350
0.0001,0.0350
0.0001,0.0350
0.0001,0.0350
0.0001,0.0350
0.0001,0.0350
0.0001,0.0350
0.0001,0.0350
0.0001,0.0350
0.0001,0.0350
0.0001,0.0350
0.0001,0.0350
0.0001,0.0350
0.0001,0.0350
0.0001,0.0350
0.0001,0.0350
0.0001,0.0350
0.0001,0.0350
0.0001,0.0350
0.0001,0.0350
0.0001,0.0350
0.0001,0.0350
0.0001,0.0350
0.0001,0.0350
0.0001,0.0350
0.0001,0.0350
0.0001,0.0350
0.0001,0.0350
0.0001,0.0350
0.0001,0.0350
0.0001,0.0350
0.0001,0.0350
0.0001,0.0350
0.0001,0.0350
0.0001,0.0350
0.0001,0.0350
0.0001,0.0350
0.0001,0.0350
0.0001,0.0350
0.0001,0.0350
0.0001,0.0350
0.0001,0.0350
0.0001,0.0350
0.0001,0.0350
0.0001,0.0350
0.0001,0.0350
0.0001,0.0350
0.0001,0.0350
0.0001,0.0350
0.0001,0.0350
0.0001,0.0350
0.0001,0.0350
0.0001,0.0350
0.0001,0.0350
0.0001,0.0350
0.0001,0.0350
0.0001,0.0350
0.0001,0.0350
0.0001,0.0350
0.0001,0.0350
0.0001,0.0350
0.0001,0.0350
0.0001,0.0350
0.0001,0.0350
0.0001,0.0350
0.0001,0.0350
0.0001,0.0350
0.0001,0.0350
0.0001,0.0350
0.0001,0.0350
0.0001,0.0350
0.0001,0.0350
0.0001,0.0350
0.0001,0.0350
0.0001,0.0350
0.0001,0.0350
0.0001,0.0350
0.0001,0.0350
0.0001,0.0350
0.0001,0.0350
0.0001,0.0350
0.0001,0.0350
0.0001,0.0350
0.0001,0.0350
0.0001,0.0350
0.0001,0.0350
0.0001,0.0350
0.0001,0.0350
0.0001,0.0350
0.0001,0.0350
0.0001,0.0350
0.0001,0.0350
0.0001,0.0350
0.0001,0.0350
0.0001,0.0350
0.0001,0.0350
0.0001,0.0350
0.0001,0.0350
0.0001,0.0350
0.0001,0.0350
0.0001,0.0350
0.0001,0.0350
0.0001,0.0350
0.0001,0.0350
0.0001,0.0350
0.0001,0.0350
0.0001,0.0350
0.0001,0.0350
0.0001,0.0350
0.0001,0.0350
0.0001,0.0350
0.0001,0.0350
0.0001,0.0350
0.0001,0.0350
0.0001,0.0350
0.0001,0.0350
0.0001,0.0350
0.0001,0.0350
0.0001,0.0350
0.0001,0.0350
0.0001,0.0350
0.0001,0.0350
0.0001,0.0350
0.0001,0.0350
0.0001,0.0350
0.0001,0.0350
0.0001,0.0350
0.0001,0.0350
0.0001,0.0350
0.0001,0.0350
0.0001,0.0350
0.0001,0.0350
0.0001,0.0350
0.0001,0.0350
0.0001,0.0350
0.0001,0.0350
0.0001,0.0350
0.0001,0.0350
0.0001,0.0350
0.0001,0.0350
0.0001,0.0350
0.0001,0.0350
0.0001,0.0350
0.0001,0.0350
0.0001,0.0350
0.0001,0.0350
0.0001,0.0350
0.0001,0.0350
0.0001,0.0350
0.0001,0.0350
0.0001,0.0350
0.0001,0.0350
0.0001,0.0350
0.0001,0.0350
0.0001,0.0350
0.0001,0.0350
0.0001,0.0350
0.0001,0.0350
0.0001,0.0350
0.0001,0.0350
0.0001,0.0350
0.0001,0.0350
0.0001,0.0350
0.0001,0.0350
0.0001,0.0350
0.0001,0.0350
0.0001,0.0350
0.0001,0.0350
0.0001,0.0350
0.0001,0.0350
0.0001,0.0350
0.0001,0.0350
0.0001,0.0350
0.0001,0.0350
0.0001,0.0350
0.0001,0.0350
0.0001,0.0350
0.0001,0.0350
0.0001,0.0350
0.0001,0.0350
0.0001,0.0350
0.0001,0.0350
0.0001,0.0350
0.0001,0.0350
0.0001,0.0350
0.0001,0.0350
0.0001,0.0350
0.0001,0.0350
0.0001,0.0350
0.0001,0.0350
0.0001,0.0350
0.0001,0.0350
0.0001,0.0350
0.0001,0.0350
0.0001,0.0350
0.0001,0.0350
0.0001,0.0347
