0.1404,0.0759,0.1276
0.1404,0.0759,0.1276
0.1404,0.0759,0.1799
0.1404,0.0759,0.2195
0.1404,0.0759,0.2481
0.1404,0.0759,0.2684
0.1403,0.0759,0.2828
0.1404,0.0759,0.2930
0.1404,0.0759,0.3001
0.1404,0.0759,0.3052
0.1403,0.0759,0.3087
0.1404,0.0759,0.3112
0.1404,0.0759,0.3130
0.1404,0.0759,0.3142
0.1403,0.0759,0.3151
0.1404,0.0759,0.3157
0.1404,0.0759,0.3161
0.1404,0.0759,0.3164
0.1404,0.0759,0.3166
0.1403,0.0759,0.3168
0.1403,0.0759,0.3169
0.1404,0.0759,0.3170
0.1404,0.0759,0.3170
0.1404,0.0759,0.3171
0.1404,0.0759,0.3171
0.1404,0.0759,0.3171
0.1404,0.0759,0.3171
0.1404,0.0759,0.3171
0.1404,0.0759,0.3171
0.1403,0.0759,0.3171
0.1404,0.0759,0.3171
0.1403,0.0759,0.3171
0.1404,0.0759,0.3172
0.1404,0.0759,0.3172
0.1404,0.0759,0.3172
0.1404,0.0759,0.3172
0.1404,0.0759,0.3171
0.1404,0.0759,0.3172
0.1404,0.0759,0.3171
0.1404,0.0759,0.3171
0.1403,0.0759,0.3171
0.1403,0.0759,0.3171
0.1403,0.0759,0.3171
0.1404,0.0759,0.3172
0.1404,0.0759,0.3172
0.1403,0.0759,0.3171
0.1404,0.0759,0.3172
0.1404,0.0759,0.3172
0.1404,0.0759,0.3172
0.1404,0.0759,0.3171
0.1404,0.0759,0.3171
0.1404,0.0759,0.3172
0.1404,0.0759,0.3171
0.1404,0.0759,0.3172
0.1404,0.0759,0.3172
0.1403,0.0759,0.3171
0.1404,0.0759,0.3171
0.1404,0.0759,0.3171
0.1404,0.0759,0.3171
0.1404,0.0759,0.3171
0.1404,0.0759,0.3172
0.1404,0.0759,0.3172
0.1404,0.0759,0.3172
0.1404,0.0759,0.3172
0.1404,0.0759,0.3172
0.1404,0.0759,0.3172
0.1404,0.0759,0.3171
0.1404,0.0759,0.3171
0.1404,0.0759,0.3171
0.1404,0.0759,0.3171
0.1404,0.0759,0.3171
0.1404,0.0759,0.3171
0.1403,0.0759,0.3171
0.1404,0.0759,0.3171
0.1404,0.0759,0.3171
0.1403,0.0759,0.3171
0.1404,0.0759,0.3171
0.1403,0.0759,0.3172
0.1404,0.0759,0.3172
0.1404,0.0759,0.3171
0.1403,0.0759,0.3171
0.1403,0.0759,0.3171
0.1404,0.0759,0.3172
0.1404,0.0759,0.3172
0.1404,0.0759,0.3171
0.1404,0.0759,0.3171
0.1404,0.0759,0.3171
0.1404,0.0759,0.3171
0.1403,0.0759,0.3171
0.1404,0.0759,0.3172
0.1404,0.0759,0.3171
0.1404,0.0759,0.3172
0.1403,0.0759,0.3171
0.1403,0.0759,0.3171
0.1404,0.0759,0.3171
0.1404,0.0759,0.3171
0.1403,0.0759,0.3171
0.1404,0.0759,0.3171
0.1403,0.0759,0.3171
0.1404,0.0759,0.3171
0.1404,0.0759,0.3172
0.1404,0.0759,0.3171
0.1404,0.0759,0.3172
0.1404,0.0759,0.3171
0.1404,0.0759,0.3171
0.1404,0.0759,0.3171
0.1404,0.0759,0.3171
0.1403,0.0759,0.3171
0.1404,0.0759,0.3171
0.1404,0.0759,0.3171
0.1403,0.0759,0.3171
0.1404,0.0759,0.3172
0.1404,0.0759,0.3172
0.1404,0.0759,0.3171
0.1404,0.0759,0.3171
0.1403,0.0759,0.3171
0.1404,0.0759,0.3172
0.1404,0.0759,0.3172
0.1404,0.0759,0.3172
0.1404,0.0759,0.3172
0.1403,0.0759,0.3171
0.1403,0.0759,0.3172
0.1404,0.0759,0.3172
0.1404,0.0759,0.3171
0.1404,0.0759,0.3172
0.1404,0.0759,0.3172
0.1404,0.0759,0.3171
0.1404,0.0759,0.3172
0.1404,0.0759,0.3171
0.1404,0.0759,0.3171
0.1404,0.0759,0.3172
0.1404,0.0759,0.3172
0.1403,0.0759,0.3171
0.1404,0.0759,0.3172
0.1403,0.0759,0.3171
0.1404,0.0759,0.3171
0.1404,0.0759,0.3172
0.1403,0.0759,0.3171
0.1404,0.0759,0.3171
0.1403,0.0759,0.3171
0.1403,0.0759,0.3171
0.1404,0.0759,0.3171
0.1404,0.0759,0.3172
0.1403,0.0759,0.3171
0.1404,0.0759,0.3171
0.1404,0.0759,0.3171
0.1404,0.0759,0.3172
0.1404,0.0759,0.3172
0.1404,0.0759,0.3171
0.1403,0.0759,0.3171
0.1404,0.0759,0.3172
0.1404,0.0759,0.3171
0.1403,0.0759,0.3171
0.1403,0.0759,0.3172
0.1404,0.0759,0.3171
0.1403,0.0759,0.3172
0.1403,0.0759,0.3172
0.1404,0.0759,0.3172
0.1403,0.0759,0.3172
0.1404,0.0759,0.3172
0.1403,0.0759,0.3171
0.1404,0.0759,0.3171
0.1403,0.0759,0.3172
0.1404,0.0759,0.3171
0.1403,0.0759,0.3172
0.1404,0.0759,0.3172
0.1404,0.0759,0.3172
0.1404,0.0759,0.3172
0.1404,0.0759,0.3171
0.1404,0.0759,0.3171
0.1404,0.0759,0.3172
0.1404,0.0759,0.3171
0.1403,0.0759,0.3171
0.1404,0.0759,0.3171
0.1403,0.0759,0.3171
0.1403,0.0759,0.3172
0.1404,0.0759,0.3172
0.1404,0.0759,0.3172
0.1403,0.0759,0.3171
0.1404,0.0759,0.3171
0.1403,0.0759,0.3171
0.1403,0.0759,0.3171
0.1403,0.0759,0.3172
0.1404,0.0759,0.3172
0.1404,0.0759,0.3172
0.1404,0.0759,0.3171
0.1403,0.0759,0.3171
0.1403,0.0759,0.3171
0.1404,0.0759,0.3172
0.1403,0.0759,0.3172
0.1404,0.0759,0.3172
0.1403,0.0759,0.3171
0.1404,0.0759,0.3172
0.1404,0.0759,0.3172
0.1404,0.0759,0.3172
0.1403,0.0759,0.3172
0.1404,0.0759,0.3172
0.1404,0.0759,0.3172
0.1404,0.0759,0.3172
0.1404,0.0759,0.3172
0.1403,0.0759,0.3172
0.1404,0.0758,0.3181
0.1404,0.0759,0.1276
0.1404,0.0759,0.1276
0.1403,0.0759,0.1799
0.1403,0.0759,0.2195
0.1403,0.0759,0.2481
0.1404,0.0759,0.2684
0.1404,0.0759,0.2828
0.1404,0.0759,0.2930
0.1404,0.0759,0.3001
0.1403,0.0759,0.3052
0.1404,0.0759,0.3087
0.1403,0.0759,0.3112
0.1404,0.0759,0.3130
0.1403,0.0759,0.3142
0.1404,0.0759,0.3151
0.1404,0.0759,0.3157
0.1404,0.0759,0.3161
0.1404,0.0759,0.3164
0.1404,0.0759,0.3167
0.1404,0.0759,0.3168
0.1404,0.0759,0.3169
0.1403,0.0759,0.3170
0.1404,0.0759,0.3170
0.1404,0.0759,0.3171
0.1404,0.0759,0.3171
0.1404,0.0759,0.3171
0.1403,0.0759,0.3171
0.1404,0.0759,0.3171
0.1404,0.0759,0.3171
0.1403,0.0759,0.3171
0.1404,0.0759,0.3172
0.1404,0.0759,0.3172
0.1404,0.0759,0.3172
0.1404,0.0759,0.3172
0.1403,0.0759,0.3171
0.1404,0.0759,0.3172
0.1404,0.0759,0.3172
0.1404,0.0759,0.3172
0.1404,0.0759,0.3171
0.1403,0.0759,0.3171
0.1403,0.0759,0.3172
0.1404,0.0759,0.3171
0.1404,0.0759,0.3171
0.1404,0.0759,0.3171
0.1404,0.0759,0.3172
0.1404,0.0759,0.3172
0.1404,0.0759,0.3172
0.1404,0.0759,0.3172
0.1404,0.0759,0.3172
0.1404,0.0759,0.3171
0.1404,0.0759,0.3172
0.1404,0.0759,0.3171
0.1403,0.0759,0.3171
0.1403,0.0759,0.3171
0.1404,0.0759,0.3172
0.1403,0.0759,0.3171
0.1404,0.0759,0.3172
0.1404,0.0759,0.3171
0.1404,0.0759,0.3172
0.1404,0.0759,0.3172
0.1404,0.0759,0.3172
0.1404,0.0759,0.3172
0.1403,0.0759,0.3171
0.1404,0.0759,0.3171
0.1403,0.0759,0.3171
0.1404,0.0759,0.3172
0.1403,0.0759,0.3171
0.1404,0.0759,0.3171
0.1404,0.0759,0.3171
0.1403,0.0759,0.3172
0.1404,0.0759,0.3172
0.1404,0.0759,0.3172
0.1404,0.0759,0.3172
0.1404,0.0759,0.3171
0.1404,0.0759,0.3171
0.1404,0.0759,0.3172
0.1404,0.0759,0.3171
0.1404,0.0759,0.3171
0.1404,0.0759,0.3171
0.1403,0.0759,0.3171
0.1404,0.0759,0.3171
0.1403,0.0759,0.3171
0.1404,0.0759,0.3172
0.1403,0.0759,0.3171
0.1404,0.0759,0.3172
0.1404,0.0759,0.3172
0.1404,0.0759,0.3172
0.1404,0.0759,0.3172
0.1404,0.0759,0.3171
0.1403,0.0759,0.3171
0.1404,0.0759,0.3171
0.1404,0.0759,0.3171
0.1404,0.0759,0.3171
0.1404,0.0759,0.3172
0.1404,0.0759,0.3172
0.1404,0.0759,0.3172
0.1403,0.0759,0.3171
0.1403,0.0759,0.3171
0.1404,0.0759,0.3172
0.1404,0.0759,0.3172
0.1404,0.0759,0.3171
0.1404,0.0759,0.3171
0.1404,0.0759,0.3172
0.1404,0.0759,0.3172
0.1404,0.0759,0.3171
0.1403,0.0759,0.3171
0.1404,0.0759,0.3171
0.1404,0.0759,0.3171
0.1404,0.0759,0.3171
0.1403,0.0759,0.3172
0.1403,0.0759,0.3171
0.1403,0.0759,0.3172
0.1404,0.0759,0.3172
0.1404,0.0759,0.3172
0.1404,0.0759,0.3172
0.1403,0.0759,0.3172
0.1404,0.0759,0.3172
0.1403,0.0759,0.3172
0.1403,0.0759,0.3172
0.1404,0.0759,0.3172
0.1404,0.0759,0.3171
0.1403,0.0759,0.3171
0.1403,0.0759,0.3171
0.1404,0.0759,0.3172
0.1404,0.0759,0.3172
0.1404,0.0759,0.3172
0.1404,0.0759,0.3172
0.1403,0.0759,0.3171
0.1403,0.0759,0.3171
0.1403,0.0759,0.3172
0.1404,0.0759,0.3172
0.1403,0.0759,0.3172
0.1403,0.0759,0.3171
0.1403,0.0759,0.3172
0.1404,0.0759,0.3172
0.1403,0.0759,0.3171
0.1404,0.0759,0.3172
0.1404,0.0759,0.3172
0.1404,0.0759,0.3172
0.1403,0.0759,0.3172
0.1404,0.0759,0.3172
0.1404,0.0759,0.3171
0.1404,0.0759,0.3171
0.1403,0.0759,0.3171
0.1404,0.0759,0.3172
0.1403,0.0759,0.3172
0.1403,0.0759,0.3171
0.1403,0.0759,0.3171
0.1404,0.0759,0.3172
0.1404,0.0759,0.3172
0.1404,0.0759,0.3171
0.1403,0.0759,0.3171
0.1404,0.0759,0.3171
0.1403,0.0759,0.3171
0.1403,0.0759,0.3171
0.1404,0.0759,0.3171
0.1404,0.0759,0.3172
0.1403,0.0759,0.3172
0.1403,0.0759,0.3172
0.1404,0.0759,0.3172
0.1403,0.0759,0.3172
0.1404,0.0759,0.3172
0.1404,0.0759,0.3172
0.1403,0.0759,0.3171
0.1404,0.0759,0.3172
0.1404,0.0759,0.3172
0.1404,0.0759,0.3171
0.1403,0.0759,0.3172
0.1404,0.0759,0.3172
0.1404,0.0759,0.3171
0.1404,0.0759,0.3171
0.1404,0.0759,0.3171
0.1403,0.0759,0.3171
0.1404,0.0759,0.3172
0.1404,0.0759,0.3172
0.1404,0.0759,0.3172
0.1404,0.0759,0.3172
0.1404,0.0759,0.3171
0.1403,0.0759,0.3172
0.1403,0.0759,0.3172
0.1404,0.0759,0.3172
0.1404,0.0759,0.3172
0.1403,0.0759,0.3171
0.1404,0.0759,0.3172
0.1404,0.0759,0.3172
0.1403,0.0759,0.3171
0.1404,0.0759,0.3172
0.1403,0.0759,0.3171
0.1404,0.0759,0.3172
0.1404,0.0759,0.3172
0.1404,0.0759,0.3172
0.1403,0.0759,0.3171
0.1404,0.0759,0.3171
0.1404,0.0759,0.3172
0.1404,0.0759,0.3172
0.1404,0.0759,0.3171
0.1404,0.0759,0.3171
0.1404,0.0759,0.3172
0.1404,0.0759,0.3171
0.1403,0.0759,0.3171
0.1404,0.0759,0.3172
0.1404,0.0758,0.3181
