29.2731,29.2736
29.2571,29.2737
29.2583,29.2736
29.2593,29.2735
29.2590,29.2736
29.2587,29.2737
29.2591,29.2736
29.2592,29.2735
29.2591,29.2736
29.2593,29.2736
29.2588,29.2736
29.2591,29.2736
29.2587,29.2736
29.2588,29.2736
29.2591,29.2736
29.2592,29.2736
29.2584,29.2736
29.2587,29.2736
29.2591,29.2736
29.2594,29.2736
29.2590,29.2737
29.2586,29.2737
29.2575,29.2737
29.2587,29.2737
29.2572,29.2736
29.2583,29.2736
29.2597,29.2736
29.2576,29.2736
29.2583,29.2736
29.2597,29.2737
29.2579,29.2736
29.2576,29.2736
29.2624,29.2736
29.2588,29.2736
29.2562,29.2736
29.2573,29.2736
29.2548,29.2736
29.2596,29.2736
29.2585,29.2736
29.2559,29.2736
29.2563,29.2737
29.2595,29.2736
29.2575,29.2737
29.2585,29.2736
29.2569,29.2736
29.2590,29.2736
29.2565,29.2737
29.2592,29.2737
29.2588,29.2737
29.2575,29.2736
29.2580,29.2736
29.2589,29.2737
29.2570,29.2737
29.2571,29.2737
29.2589,29.2736
29.2568,29.2736
29.2579,29.2737
29.2581,29.2737
29.2580,29.2736
29.2592,29.2735
29.2588,29.2736
29.2560,29.2736
29.2559,29.2736
29.2592,29.2735
29.2564,29.2736
29.2547,29.2736
29.2575,29.2737
29.2547,29.2737
29.2599,29.2736
29.2610,29.2737
29.2583,29.2737
29.2591,29.2736
29.2579,29.2736
29.2589,29.2736
29.2573,29.2736
29.2572,29.2736
29.2571,29.2737
29.2554,29.2737
29.2563,29.2736
29.2552,29.2736
29.2583,29.2735
29.2576,29.2736
29.2566,29.2736
29.2564,29.2737
29.2557,29.2736
29.2547,29.2736
29.2597,29.2737
29.2556,29.2736
29.2588,29.2736
29.2575,29.2736
29.2542,29.2736
29.2582,29.2737
29.2566,29.2736
29.2581,29.2737
29.2582,29.2736
29.2542,29.2735
29.2585,29.2736
29.2562,29.2736
29.2543,29.2736
29.2590,29.2737
29.2556,29.2736
29.2563,29.2736
29.2565,29.2736
29.2558,29.2736
29.2558,29.2737
29.2534,29.2737
29.2550,29.2736
29.2573,29.2737
29.2573,29.2737
29.2560,29.2736
29.2560,29.2736
29.2587,29.2737
29.2590,29.2738
29.2561,29.2737
29.2554,29.2735
29.2566,29.2737
29.2532,29.2736
29.2604,29.2736
29.2584,29.2736
29.2571,29.2736
29.2571,29.2736
29.2549,29.2736
29.2566,29.2736
29.2594,29.2736
29.2553,29.2736
29.2551,29.2737
29.2572,29.2736
29.2568,29.2737
29.2596,29.2736
29.2535,29.2735
29.2547,29.2737
29.2543,29.2737
29.2553,29.2736
29.2532,29.2737
29.2575,29.2736
29.2541,29.2736
29.2572,29.2735
29.2537,29.2737
29.2555,29.2736
29.2526,29.2737
29.2570,29.2736
29.2569,29.2735
29.2565,29.2736
29.2577,29.2737
29.2566,29.2737
29.2555,29.2736
29.2593,29.2736
29.2567,29.2736
29.2538,29.2736
29.2532,29.2736
29.2552,29.2737
29.2583,29.2736
29.2567,29.2737
29.2542,29.2737
29.2530,29.2736
29.2564,29.2737
29.2569,29.2737
29.2538,29.2736
29.2575,29.2736
29.2569,29.2736
29.2518,29.2736
29.2524,29.2736
29.2563,29.2737
29.2561,29.2736
29.2535,29.2736
29.2546,29.2737
29.2565,29.2736
29.2513,29.2736
29.2533,29.2736
29.2565,29.2736
29.2546,29.2737
29.2557,29.2737
29.2532,29.2736
29.2544,29.2736
29.2579,29.2736
29.2567,29.2736
29.2503,29.2737
29.2560,29.2736
29.2539,29.2735
29.2536,29.2737
29.2496,29.2736
29.2530,29.2736
29.2553,29.2736
29.2530,29.2737
29.2509,29.2736
29.2569,29.2736
29.2539,29.2737
29.2533,29.2737
29.2502,29.2737
29.2518,29.2736
29.2515,29.2737
29.2546,29.2737
29.2530,29.2736
29.2546,29.2736
29.2584,29.2737
29.2519,29.2736
29.2522,29.2736
29.2513,29.2737
29.2561,29.2736
29.2563,29.2736
29.2528,29.2736
29.2649,29.2540
