22.0993,20.5620
22.0992,20.5620
22.0991,20.5621
22.0991,20.5620
22.0992,20.5620
22.0992,20.5620
22.0993,20.5619
22.0992,20.5620
22.0992,20.5620
22.0991,20.5620
22.0992,20.5619
22.0992,20.5621
22.0992,20.5620
22.0992,20.5620
22.0993,20.5620
22.0992,20.5620
22.0992,20.5621
22.0992,20.5620
22.0992,20.5621
22.0992,20.5620
22.0992,20.5620
22.0992,20.5621
22.0992,20.5620
22.0992,20.5621
22.0992,20.5620
22.0991,20.5620
22.0992,20.5620
22.0992,20.5620
22.0992,20.5620
22.0992,20.5620
22.0992,20.5620
22.0992,20.5620
22.0992,20.5620
22.0992,20.5620
22.0992,20.5621
22.0992,20.5620
22.0993,20.5620
22.0992,20.5621
22.0992,20.5620
22.0993,20.5620
22.0992,20.5620
22.0992,20.5619
22.0992,20.5620
22.0992,20.5620
22.0992,20.5620
22.0992,20.5620
22.0993,20.5621
22.0992,20.5620
22.0992,20.5620
22.0992,20.5620
22.0991,20.5619
22.0992,20.5621
22.0992,20.5619
22.0991,20.5620
22.0991,20.5620
22.0992,20.5620
22.0992,20.5621
22.0993,20.5620
22.0992,20.5620
22.0992,20.5620
22.0992,20.5620
22.0992,20.5620
22.0992,20.5620
22.0992,20.5620
22.0991,20.5620
22.0992,20.5621
22.0992,20.5620
22.0992,20.5621
22.0992,20.5620
22.0992,20.5620
22.0992,20.5620
22.0992,20.5620
22.0992,20.5620
22.0991,20.5620
22.0992,20.5619
22.0992,20.5619
22.0992,20.5620
22.0992,20.5619
22.0993,20.5620
22.0992,20.5620
22.0992,20.5619
22.0993,20.5619
22.0992,20.5619
22.0992,20.5620
22.0992,20.5621
22.0993,20.5620
22.0992,20.5619
22.0992,20.5620
22.0993,20.5619
22.0992,20.5620
22.0993,20.5621
22.0992,20.5620
22.0992,20.5620
22.0992,20.5619
22.0992,20.5620
22.0992,20.5620
22.0992,20.5620
22.0992,20.5620
22.0993,20.5619
22.0992,20.5620
22.0992,20.5620
22.0992,20.5620
22.0992,20.5620
22.0992,20.5620
22.0992,20.5620
22.0992,20.5620
22.0992,20.5620
22.0992,20.5620
22.0992,20.5620
22.0992,20.5620
22.0992,20.5619
22.0992,20.5620
22.0992,20.5620
22.0992,20.5620
22.0991,20.5620
22.0992,20.5619
22.0992,20.5620
22.0993,20.5620
22.0992,20.5620
22.0993,20.5620
22.0992,20.5620
22.0992,20.5619
22.0992,20.5620
22.0993,20.5620
22.0992,20.5621
22.0992,20.5620
22.0992,20.5620
22.0991,20.5620
22.0993,20.5620
22.0992,20.5620
22.0992,20.5620
22.0992,20.5620
22.0992,20.5619
22.0992,20.5621
22.0992,20.5620
22.0992,20.5620
22.0992,20.5620
22.0992,20.5619
22.0993,20.5620
22.0992,20.5620
22.0992,20.5619
22.0992,20.5620
22.0992,20.5620
22.0992,20.5620
22.0992,20.5620
22.0992,20.5620
22.0992,20.5620
22.0992,20.5620
22.0992,20.5620
22.0992,20.5619
22.0992,20.5620
22.0992,20.5620
22.0992,20.5620
22.0992,20.5619
22.0992,20.5620
22.0992,20.5619
22.0992,20.5619
22.0992,20.5620
22.0992,20.5620
22.0991,20.5620
22.0992,20.5620
22.0992,20.5620
22.0992,20.5619
22.0992,20.5620
22.0991,20.5619
22.0992,20.5620
22.0992,20.5621
22.0992,20.5620
22.0992,20.5620
22.0992,20.5620
22.0991,20.5620
22.0992,20.5620
22.0992,20.5619
22.0992,20.5620
22.0992,20.5619
22.0992,20.5620
22.0992,20.5620
22.0992,20.5621
22.0992,20.5619
22.0992,20.5620
22.0992,20.5620
22.0992,20.5619
22.0992,20.5619
22.0992,20.5620
22.0992,20.5620
22.0992,20.5620
22.0992,20.5619
22.0992,20.5620
22.0992,20.5620
22.0992,20.5620
22.0993,20.5621
22.0992,20.5619
22.0993,20.5620
22.0993,20.5620
22.0992,20.5620
22.0992,20.5619
22.0992,20.5619
22.0993,20.5620
22.0993,20.5620
22.0992,20.5620
22.0992,20.5620
22.1034,20.5343
22.0992,20.5620
22.0992,20.5620
22.0992,20.5620
22.0992,20.5619
22.0992,20.5620
22.0992,20.5620
22.0992,20.5620
22.0992,20.5621
22.0992,20.5620
22.0992,20.5619
22.0993,20.5620
22.0992,20.5619
22.0992,20.5620
22.0992,20.5619
22.0991,20.5620
22.0992,20.5620
22.0992,20.5620
22.0992,20.5621
22.0991,20.5621
22.0992,20.5620
22.0992,20.5620
22.0992,20.5620
22.0991,20.5621
22.0992,20.5621
22.0992,20.5621
22.0992,20.5620
22.0992,20.5619
22.0992,20.5621
22.0992,20.5620
22.0992,20.5619
22.0993,20.5620
22.0992,20.5620
22.0992,20.5620
22.0993,20.5621
22.0992,20.5619
22.0992,20.5619
22.0992,20.5621
22.0992,20.5620
22.0991,20.5621
22.0993,20.5619
22.0992,20.5620
22.0992,20.5620
22.0991,20.5620
22.0992,20.5620
22.0992,20.5620
22.0992,20.5620
22.0992,20.5620
22.0992,20.5619
22.0992,20.5620
22.0992,20.5621
22.0992,20.5621
22.0992,20.5620
22.0992,20.5620
22.0992,20.5620
22.0992,20.5620
22.0992,20.5620
22.0992,20.5620
22.0992,20.5620
22.0992,20.5620
22.0992,20.5620
22.0992,20.5620
22.0992,20.5619
22.0991,20.5619
22.0992,20.5620
22.0993,20.5619
22.0992,20.5620
22.0992,20.5619
22.0991,20.5620
22.0992,20.5620
22.0992,20.5619
22.0992,20.5620
22.0992,20.5620
22.0992,20.5620
22.0992,20.5620
22.0992,20.5620
22.0992,20.5620
22.0992,20.5621
22.0992,20.5620
22.0992,20.5621
22.0992,20.5620
22.0991,20.5620
22.0992,20.5620
22.0992,20.5620
22.0992,20.5620
22.0992,20.5620
22.0992,20.5620
22.0992,20.5620
22.0992,20.5621
22.0992,20.5620
22.0992,20.5619
22.0992,20.5621
22.0992,20.5620
22.0992,20.5620
22.0992,20.5620
22.0992,20.5620
22.0992,20.5620
22.0992,20.5619
22.0991,20.5619
22.0992,20.5620
22.0992,20.5620
22.0992,20.5620
22.0992,20.5620
22.0992,20.5620
22.0992,20.5621
22.0992,20.5621
22.0992,20.5620
22.0992,20.5620
22.0992,20.5620
22.0991,20.5620
22.0992,20.5620
22.0992,20.5619
22.0992,20.5620
22.0992,20.5620
22.0992,20.5620
22.0992,20.5619
22.0992,20.5619
22.0992,20.5621
22.0991,20.5620
22.0992,20.5620
22.0992,20.5620
22.0992,20.5620
22.0992,20.5619
22.0992,20.5620
22.0992,20.5620
22.0992,20.5621
22.0991,20.5620
22.0993,20.5620
22.0992,20.5619
22.0992,20.5620
22.0991,20.5619
22.0992,20.5620
22.0992,20.5620
22.0993,20.5620
22.0992,20.5619
22.0992,20.5620
22.0993,20.5620
22.0992,20.5620
22.0992,20.5621
22.0992,20.5620
22.0992,20.5619
22.0992,20.5621
22.0992,20.5620
22.0992,20.5620
22.0992,20.5620
22.0992,20.5620
22.0991,20.5619
22.0992,20.5620
22.0993,20.5620
22.0992,20.5620
22.0992,20.5620
22.0992,20.5620
22.0992,20.5620
22.0992,20.5620
22.0992,20.5619
22.0992,20.5620
22.0992,20.5620
22.0992,20.5620
22.0992,20.5620
22.0991,20.5619
22.0992,20.5620
22.0993,20.5620
22.0992,20.5620
22.0992,20.5620
22.0992,20.5619
22.0992,20.5620
22.0992,20.5620
22.0992,20.5620
22.0991,20.5619
22.0992,20.5620
22.0992,20.5620
22.0992,20.5621
22.0992,20.5620
22.0991,20.5619
22.0992,20.5620
22.0991,20.5621
22.0992,20.5620
22.0992,20.5621
22.0992,20.5620
22.0992,20.5619
22.0992,20.5619
22.0992,20.5620
22.0991,20.5620
22.0992,20.5619
22.0992,20.5620
22.0992,20.5620
22.0992,20.5620
22.0992,20.5620
22.0992,20.5620
22.0992,20.5620
22.0992,20.5620
22.0992,20.5621
22.0992,20.5620
22.0992,20.5620
22.0992,20.5620
22.0991,20.5621
22.0992,20.5620
22.0992,20.5621
22.0992,20.5620
22.0992,20.5620
22.0992,20.5620
22.0992,20.5620
22.1034,20.5343
