42.6690,42.6613
42.6633,42.6612
42.6615,42.6611
42.6624,42.6612
42.6627,42.6612
42.6625,42.6612
42.6629,42.6614
42.6625,42.6612
42.6630,42.6612
42.6624,42.6612
42.6617,42.6611
42.6629,42.6612
42.6628,42.6612
42.6619,42.6611
42.6612,42.6613
42.6628,42.6611
42.6640,42.6612
42.6635,42.6613
42.6644,42.6612
42.6614,42.6611
42.6628,42.6612
42.6603,42.6612
42.6636,42.6613
42.6581,42.6612
42.6632,42.6613
42.6637,42.6612
42.6602,42.6612
42.6626,42.6612
42.6636,42.6613
42.6609,42.6613
42.6572,42.6612
42.6609,42.6612
42.6690,42.6612
42.6621,42.6612
42.6622,42.6611
42.6607,42.6612
42.6677,42.6613
42.6620,42.6613
42.6612,42.6611
42.6612,42.6612
42.6626,42.6612
42.6524,42.6613
42.6566,42.6611
42.6612,42.6612
42.6572,42.6612
42.6580,42.6612
42.6608,42.6612
42.6586,42.6611
42.6508,42.6612
42.6568,42.6612
42.6529,42.6613
42.6521,42.6612
42.6493,42.6611
42.6512,42.6612
42.6530,42.6613
42.6542,42.6613
42.6427,42.6612
42.6563,42.6612
42.6479,42.6612
42.6499,42.6612
42.6391,42.6611
42.6553,42.6612
42.6529,42.6612
42.6498,42.6613
42.6490,42.6612
42.6442,42.6613
42.6411,42.6613
42.6426,42.6612
42.6490,42.6612
42.6464,42.6612
42.6419,42.6612
42.6542,42.6611
42.6488,42.6612
42.6328,42.6612
42.6458,42.6613
42.6311,42.6612
42.6515,42.6612
42.6563,42.6613
42.6512,42.6611
42.6522,42.6612
42.6532,42.6613
42.6508,42.6612
42.6488,42.6612
42.6477,42.6613
42.6469,42.6613
42.6510,42.6611
42.6466,42.6612
42.6457,42.6612
42.6481,42.6612
42.6530,42.6613
42.6503,42.6612
42.6381,42.6612
42.6511,42.6611
42.6501,42.6612
42.6474,42.6612
42.6491,42.6612
42.6423,42.6611
42.6308,42.6613
42.6499,42.6613
42.6453,42.6612
42.6327,42.6611
42.6475,42.6613
42.6504,42.6612
42.6454,42.6612
42.6266,42.6613
42.6406,42.6611
42.6478,42.6611
42.6400,42.6612
42.6429,42.6612
42.6436,42.6612
42.6458,42.6612
42.6541,42.6612
42.6443,42.6612
42.6420,42.6612
42.6404,42.6613
42.6432,42.6612
42.6461,42.6612
42.6364,42.6612
42.6404,42.6612
42.6424,42.6612
42.6426,42.6612
42.6429,42.6611
42.6533,42.6611
42.6418,42.6612
42.6386,42.6611
42.6478,42.6612
42.6391,42.6612
42.6367,42.6611
42.6331,42.6611
42.6410,42.6612
42.6419,42.6612
42.6369,42.6612
42.6347,42.6613
42.6429,42.6614
42.6445,42.6612
42.6362,42.6612
42.6387,42.6611
42.6328,42.6612
42.6383,42.6613
42.6471,42.6612
42.6271,42.6612
42.6378,42.6611
42.6460,42.6612
42.6476,42.6612
42.6386,42.6612
42.6387,42.6612
42.6457,42.6612
42.6389,42.6612
42.6386,42.6612
42.6430,42.6612
42.6366,42.6612
42.6363,42.6611
42.6464,42.6613
42.6463,42.6613
42.6436,42.6612
42.6455,42.6611
42.6419,42.6612
42.6379,42.6612
42.6344,42.6613
42.6389,42.6611
42.6265,42.6611
42.6449,42.6612
42.6368,42.6612
42.6393,42.6612
42.6406,42.6611
42.6328,42.6611
42.6391,42.6612
42.6435,42.6613
42.6451,42.6612
42.6366,42.6612
42.6481,42.6612
42.6348,42.6613
42.6380,42.6612
42.6473,42.6613
42.6401,42.6611
42.6374,42.6612
42.6410,42.6613
42.6348,42.6612
42.6361,42.6611
42.6388,42.6611
42.6406,42.6612
42.6402,42.6613
42.6395,42.6613
42.6334,42.6613
42.6417,42.6613
42.6364,42.6612
42.6384,42.6612
42.6376,42.6611
42.6537,42.6612
42.6389,42.6613
42.6401,42.6612
42.6407,42.6612
42.6402,42.6613
42.6342,42.6612
42.6450,42.6613
42.6408,42.6612
42.6429,42.6612
42.6479,42.6612
42.6356,42.6612
42.6372,42.6612
42.6414,42.6611
42.6578,42.6377
