-0.9640,0.2521
-0.9625,0.2531
-0.9625,0.2531
-0.9613,0.2529
-0.9605,0.2527
-0.9603,0.2509
-0.9616,0.2470
-0.9619,0.2505
-0.9660,0.2441
-0.9664,0.2482
-0.9642,0.2530
-0.9638,0.2567
-0.9638,0.2567
-0.9643,0.2610
-0.9681,0.2567
-0.9689,0.2585
-0.9705,0.2585
-0.9724,0.2583
-0.9746,0.2592
-0.9782,0.2588
-0.9805,0.2620
-0.9821,0.2622
-0.9821,0.2622
-0.9826,0.2690
-0.9828,0.2713
-0.9828,0.2788
-0.9829,0.2842
-0.9829,0.2909
-0.9830,0.2993
-0.9830,0.3052
-0.9830,0.3174
-0.9830,0.3236
-0.9830,0.3236
-0.9831,0.3341
-0.9832,0.3328
-0.9831,0.3451
-0.9832,0.3486
-0.9832,0.3553
-0.9832,0.3634
-0.9832,0.3669
-0.9832,0.3785
-0.9836,0.3764
-0.9836,0.3764
-0.9834,0.3855
-0.9835,0.3894
-0.9838,0.3924
-0.9837,0.4003
-0.9846,0.3987
-0.9845,0.4068
-0.9850,0.4078
-0.9850,0.4143
-0.9861,0.4148
-0.9861,0.4148
-0.9860,0.4205
-0.9872,0.4202
-0.9875,0.4228
-0.9876,0.4249
-0.9878,0.4264
-0.9881,0.4265
-0.9882,0.4265
-0.9886,0.4265
-0.9890,0.4264
-0.9890,0.4264
-0.9889,0.4265
-0.9888,0.4265
-0.9889,0.4264
-0.9889,0.4265
-0.9890,0.4264
-0.9889,0.4264
-0.9890,0.4265
-0.9890,0.4264
-0.9891,0.4264
-0.9891,0.4264
-0.9892,0.4264
-0.9892,0.4264
-0.9892,0.4264
-0.9893,0.4264
-0.9893,0.4264
-0.9894,0.4264
-0.9894,0.4264
-0.9895,0.4264
-0.9896,0.4263
-0.9896,0.4263
-0.9896,0.4264
-0.9896,0.4264
-0.9898,0.4263
-0.9898,0.4263
-0.9899,0.4263
-0.9900,0.4263
-0.9901,0.4263
-0.9901,0.4263
-0.9901,0.4263
-0.9901,0.4263
-0.9901,0.4263
-0.9902,0.4263
-0.9903,0.4263
-0.9904,0.4263
-0.9905,0.4263
-0.9906,0.4263
-0.9906,0.4263
-0.9906,0.4263
-0.9908,0.4263
-0.9908,0.4263
-0.9909,0.4263
-0.9909,0.4262
-0.9910,0.4262
-0.9910,0.4262
-0.9911,0.4262
-0.9911,0.4262
-0.9911,0.4262
-0.9912,0.4262
-0.9913,0.4262
-0.9913,0.4262
-0.9914,0.4262
-0.9914,0.4262
-0.9915,0.4262
-0.9916,0.4262
-0.9916,0.4262
-0.9917,0.4262
-0.9918,0.4262
-0.9918,0.4261
-0.9918,0.4261
-0.9918,0.4261
-0.9918,0.4262
-0.9918,0.4262
-0.9919,0.4262
-0.9921,0.4261
-0.9921,0.4261
-0.9922,0.4261
-0.9923,0.4261
-0.9923,0.4261
-0.9924,0.4261
-0.9924,0.4261
-0.9925,0.4261
-0.9925,0.4261
-0.9926,0.4261
-0.9927,0.4261
-0.9927,0.4261
-0.9928,0.4261
-0.9928,0.4260
-0.9929,0.4260
-0.9929,0.4261
-0.9929,0.4261
-0.9930,0.4260
-0.9931,0.4260
-0.9931,0.4261
-0.9931,0.4260
-0.9931,0.4260
-0.9931,0.4260
-0.9932,0.4260
-0.9932,0.4260
-0.9932,0.4260
-0.9932,0.4260
-0.9933,0.4260
-0.9934,0.4260
-0.9934,0.4260
-0.9935,0.4260
-0.9934,0.4260
-0.9935,0.4260
-0.9935,0.4260
-0.9936,0.4260
-0.9937,0.4260
-0.9937,0.4260
-0.9938,0.4260
-0.9939,0.4260
-0.9940,0.4260
-0.9941,0.4260
-0.9941,0.4260
-0.9941,0.4259
-0.9942,0.4259
-0.9943,0.4259
-0.9943,0.4259
-0.9943,0.4259
-0.9944,0.4259
-0.9944,0.4259
-0.9945,0.4259
-0.9946,0.4259
-0.9946,0.4259
-0.9947,0.4259
-0.9947,0.4259
-0.9948,0.4259
-0.9948,0.4259
-0.9948,0.4259
-0.9948,0.4259
-0.9949,0.4259
-0.9951,0.4259
-0.9951,0.4258
-0.9951,0.4259
-0.9952,0.4259
-0.9953,0.4258
-0.9953,0.4258
-0.9954,0.4259
-0.9954,0.4259
-0.9954,0.4258
-0.9955,0.4259
-0.9955,0.4258
-0.9956,0.4259
-0.9957,0.4259
-0.9958,0.4259
-0.9959,0.4259
-0.9960,0.4259
-0.9960,0.4259
-0.9960,0.4259
-0.9961,0.4259
-0.9961,0.4259
-0.9962,0.4259
-0.9963,0.4259
-0.9964,0.4259
-0.9964,0.4259
-0.9964,0.4259
-0.9965,0.4259
-0.9966,0.4259
-0.9966,0.4259
-0.9966,0.4259
-0.9966,0.4259
-0.9966,0.4259
-0.9967,0.4258
-0.9967,0.4258
-0.9968,0.4259
-0.9968,0.4258
-0.9969,0.4258
-0.9969,0.4258
-0.9969,0.4258
-0.9970,0.4258
-0.9970,0.4259
-0.9971,0.4258
-0.9971,0.4259
-0.9972,0.4259
-0.9972,0.4258
-0.9973,0.4259
-0.9973,0.4258
-0.9974,0.4258
-0.9974,0.4258
-0.9974,0.4258
-0.9975,0.4259
-0.9975,0.4258
-0.9976,0.4258
-0.9977,0.4258
-0.9977,0.4259
-0.9977,0.4258
-0.9978,0.4259
-0.9978,0.4258
-0.9978,0.4258
-0.9979,0.4258
-0.9979,0.4258
-0.9980,0.4258
-0.9980,0.4259
-0.9981,0.4258
-0.9981,0.4258
-0.9981,0.4258
-0.9982,0.4259
-0.9982,0.4258
-0.9982,0.4258
-0.9983,0.4259
-0.9983,0.4258
-0.9984,0.4259
-0.9985,0.4258
-0.9985,0.4258
-0.9986,0.4258
-0.9986,0.4259
-0.9986,0.4258
-0.9986,0.4259
-0.9986,0.4259
-0.9987,0.4259
-0.9987,0.4259
-0.9988,0.4259
-0.9988,0.4259
-0.9989,0.4260
-0.9989,0.4259
-0.9990,0.4259
-0.9990,0.4259
-0.9991,0.4259
-0.9991,0.4259
-0.9991,0.4259
-0.9992,0.4259
-0.9992,0.4260
-0.9992,0.4259
-0.9993,0.4260
-0.9993,0.4260
-0.9993,0.4260
-0.9993,0.4260
-0.9994,0.4260
-0.9994,0.4260
-0.9994,0.4260
-0.9994,0.4262
-0.9994,0.4261
-0.9994,0.4261
-0.9994,0.4261
-0.9995,0.4262
-0.9995,0.4261
-0.9995,0.4261
-0.9995,0.4261
-0.9995,0.4261
-0.9995,0.4261
-0.9996,0.4261
-0.9996,0.4261
-0.9996,0.4261
-0.9997,0.4261
-0.9997,0.4261
-0.9997,0.4261
-0.9997,0.4262
-0.9997,0.4262
-0.9997,0.4262
-0.9998,0.4262
-0.9998,0.4261
-0.9998,0.4262
-0.9998,0.4262
-0.9998,0.4261
-0.9998,0.4261
-0.9998,0.4260
-0.9998,0.4260
-0.9998,0.4259
-0.9998,0.4259
-0.9998,0.4259
-0.9999,0.4260
-0.9999,0.4260
-0.9999,0.4259
-0.9999,0.4258
-0.9999,0.4259
-0.9999,0.4257
-0.9999,0.4259
-0.9999,0.4259
-0.9999,0.4259
-0.9999,0.4258
-0.9999,0.4258
-0.9999,0.4259
-0.9999,0.4259
-0.9999,0.4257
-0.9999,0.4257
-0.9999,0.4257
-0.9999,0.4258
-0.9999,0.4262
-0.9999,0.4262
-0.9999,0.4260
-0.9999,0.4261
-0.9999,0.4259
-0.9999,0.4259
-0.9999,0.4257
-0.9999,0.4256
-0.9999,0.4256
-0.9999,0.4255
-0.9999,0.4255
-0.9999,0.4255
-0.9999,0.4255
-0.9999,0.4254
-0.9999,0.4253
-0.9999,0.4252
-0.9999,0.4252
-0.9999,0.4251
-0.9999,0.4251
-1.0000,0.4251
-1.0000,0.4253
-1.0000,0.4253
-1.0000,0.4253
-1.0000,0.4252
-1.0000,0.4251
-1.0000,0.4250
-1.0000,0.4249
-1.0000,0.4249
-1.0000,0.4248
-1.0000,0.4248
-1.0000,0.4246
-1.0000,0.4246
-1.0000,0.4246
-1.0000,0.4245
-1.0000,0.4245
-1.0000,0.4249
-1.0000,0.4250
-1.0000,0.4249
-1.0000,0.4249
-1.0000,0.4248
-1.0000,0.4248
-1.0000,0.4248
-1.0000,0.4245
-1.0000,0.4246
-1.0000,0.4245
-1.0000,0.4245
-1.0000,0.4244
-1.0000,0.4244
-1.0000,0.4244
-1.0000,0.4243
-1.0000,0.4244
-1.0000,0.4244
-1.0000,0.4244
-1.0000,0.4245
-1.0000,0.4243
-1.0000,0.4244
-1.0000,0.4244
-1.0000,0.4244
-1.0000,0.4243
-1.0000,0.4244
-1.0000,0.4243
-1.0000,0.4243
-1.0000,0.4244
-1.0000,0.4243
-1.0000,0.4244
-1.0000,0.4243
-1.0000,0.4244
-1.0000,0.4244
-1.0000,0.4243
-1.0000,0.4244
-1.0000,0.4245
-1.0000,0.4245
-1.0000,0.4247
-1.0000,0.4249
-1.0000,0.4252
-1.0000,0.4249
-1.0000,0.4249
-1.0000,0.4249
-1.0000,0.4249
-1.0000,0.4249
-1.0000,0.4249
-1.0000,0.4249
-1.0000,0.4251
-1.0000,0.4251
-1.0000,0.4252
-1.0000,0.4251
-1.0000,0.4252
-1.0000,0.4251
-1.0000,0.4252
-1.0000,0.4252
-1.0000,0.4252
-1.0000,0.4252
-1.0000,0.4253
-1.0000,0.4253
-1.0000,0.4253
-1.0000,0.4254
-1.0000,0.4254
-1.0000,0.4254
-1.0000,0.4254
-1.0000,0.4254
-1.0000,0.4254
-1.0000,0.4254
-1.0000,0.4254
-1.0000,0.4254
-1.0000,0.4255
-1.0000,0.4254
-1.0000,0.4254
-1.0000,0.4257
-1.0000,0.4258
-1.0000,0.4258
-1.0000,0.4257
-1.0000,0.4257
-1.0000,0.4257
-1.0000,0.4258
-1.0000,0.4257
-1.0000,0.4258
-1.0000,0.4258
-1.0000,0.4259
-1.0000,0.4259
-1.0000,0.4259
-1.0000,0.4259
-1.0000,0.4259
-1.0000,0.4259
-1.0000,0.4259
-1.0000,0.4259
-1.0000,0.4259
-1.0000,0.4259
-1.0000,0.4260
-1.0000,0.4259
-1.0000,0.4260
-1.0000,0.4261
-1.0000,0.4261
-1.0000,0.4262
-1.0000,0.4262
-1.0000,0.4263
-1.0000,0.4262
-1.0000,0.4262
-1.0000,0.4262
-1.0000,0.4263
-1.0000,0.4263
-1.0000,0.4263
-1.0000,0.4263
-1.0000,0.4264
-1.0000,0.4263
-1.0000,0.4264
-1.0000,0.4265
-1.0000,0.4265
-1.0000,0.4266
-1.0000,0.4266
-1.0000,0.4267
-1.0000,0.4267
-1.0000,0.4267
-1.0000,0.4270
-1.0000,0.4270
-1.0000,0.4271
-1.0000,0.4271
-1.0000,0.4271
-1.0000,0.4271
-1.0000,0.4271
-1.0000,0.4271
-1.0000,0.4270
-1.0000,0.4270
-1.0000,0.4272
-1.0000,0.4272
-1.0000,0.4272
-1.0000,0.4273
-1.0000,0.4272
-1.0000,0.4272
-1.0000,0.4272
-1.0000,0.4272
-1.0000,0.4272
-1.0000,0.4272
-1.0000,0.4272
-1.0000,0.4274
-1.0000,0.4273
-1.0000,0.4275
-1.0000,0.4275
-1.0000,0.4274
-1.0000,0.4274
-1.0000,0.4275
-1.0000,0.4275
-1.0000,0.4275
-1.0000,0.4276
-1.0000,0.4276
-1.0000,0.4277
-1.0000,0.4277
-1.0000,0.4277
-1.0000,0.4277
-1.0000,0.4277
-1.0000,0.4276
-1.0000,0.4277
-1.0000,0.4277
-1.0000,0.4277
-1.0000,0.4277
-1.0000,0.4279
-1.0000,0.4278
-1.0000,0.4279
-1.0000,0.4279
-1.0000,0.4280
-1.0000,0.4280
-1.0000,0.4280
-1.0000,0.4280
-1.0000,0.4280
-1.0000,0.4281
-1.0000,0.4281
-1.0000,0.4280
-1.0000,0.4281
-1.0000,0.4281
-1.0000,0.4280
-1.0000,0.4281
-1.0000,0.4281
-1.0000,0.4281
-1.0000,0.4284
-1.0000,0.4284
-1.0000,0.4284
-1.0000,0.4285
-1.0000,0.4285
-1.0000,0.4285
-1.0000,0.4285
-1.0000,0.4284
-1.0000,0.4285
-1.0000,0.4285
-1.0000,0.4285
-1.0000,0.4284
-1.0000,0.4285
-1.0000,0.4285
-1.0000,0.4286
-1.0000,0.4286
-1.0000,0.4288
-1.0000,0.4288
-1.0000,0.4288
-1.0000,0.4288
-1.0000,0.4288
-1.0000,0.4288
-1.0000,0.4288
-1.0000,0.4288
-1.0000,0.4288
-1.0000,0.4289
-1.0000,0.4289
-1.0000,0.4289
-1.0000,0.4290
-1.0000,0.4290
-1.0000,0.4290
-1.0000,0.4290
-1.0000,0.4290
-1.0000,0.4291
-1.0000,0.4291
-1.0000,0.4292
-1.0000,0.4292
-1.0000,0.4291
-1.0000,0.4293
-1.0000,0.4293
-1.0000,0.4293
-1.0000,0.4292
-1.0000,0.4293
-1.0000,0.4292
-1.0000,0.4293
-1.0000,0.4293
-1.0000,0.4293
-1.0000,0.4296
-1.0000,0.4296
-1.0000,0.4296
-1.0000,0.4297
-1.0000,0.4297
-1.0000,0.4296
-1.0000,0.4297
-1.0000,0.4297
-1.0000,0.4297
-1.0000,0.4297
-1.0000,0.4297
-1.0000,0.4296
-1.0000,0.4296
-1.0000,0.4299
-1.0000,0.4299
-1.0000,0.4300
-1.0000,0.4300
-1.0000,0.4300
-1.0000,0.4300
-1.0000,0.4300
-1.0000,0.4301
-1.0000,0.4301
-1.0000,0.4301
-1.0000,0.4300
-1.0000,0.4301
-1.0000,0.4301
-1.0000,0.4303
-1.0000,0.4303
-1.0000,0.4303
-1.0000,0.4303
-1.0000,0.4304
-1.0000,0.4304
-1.0000,0.4304
-1.0000,0.4305
-1.0000,0.4305
-1.0000,0.4305
-1.0000,0.4305
-1.0000,0.4305
-1.0000,0.4305
-1.0000,0.4305
-1.0000,0.4305
-1.0000,0.4305
-1.0000,0.4305
-1.0000,0.4305
-1.0000,0.4305
-1.0000,0.4308
-1.0000,0.4309
-1.0000,0.4310
-1.0000,0.4309
-1.0000,0.4311
-1.0000,0.4311
-1.0000,0.4310
-1.0000,0.4310
-1.0000,0.4310
-1.0000,0.4311
-1.0000,0.4310
-1.0000,0.4311
-1.0000,0.4310
-1.0000,0.4314
-1.0000,0.4314
-1.0000,0.4314
-1.0000,0.4314
-1.0000,0.4314
-1.0000,0.4315
-1.0000,0.4315
-1.0000,0.4316
-1.0000,0.4315
-1.0000,0.4314
-1.0000,0.4315
-1.0000,0.4315
-1.0000,0.4316
-1.0000,0.4316
-1.0000,0.4316
-1.0000,0.4315
-1.0000,0.4315
-1.0000,0.4315
-1.0000,0.4314
-1.0000,0.4315
-1.0000,0.4315
-1.0000,0.4316
-1.0000,0.4317
-1.0000,0.4317
-1.0000,0.4317
-1.0000,0.4317
-1.0000,0.4318
-1.0000,0.4319
-1.0000,0.4319
-1.0000,0.4319
-1.0000,0.4319
-1.0000,0.4319
-1.0000,0.4318
-1.0000,0.4320
-1.0000,0.4320
-1.0000,0.4320
-1.0000,0.4321
-1.0000,0.4321
-1.0000,0.4322
-1.0000,0.4322
-1.0000,0.4322
-1.0000,0.4323
-1.0000,0.4324
-1.0000,0.4324
-1.0000,0.4324
-1.0000,0.4324
-1.0000,0.4324
-1.0000,0.4323
-1.0000,0.4324
-1.0000,0.4324
-1.0000,0.4323
-1.0000,0.4324
-1.0000,0.4324
-1.0000,0.4324
-1.0000,0.4324
-1.0000,0.4329
-1.0000,0.4329
-1.0000,0.4329
-1.0000,0.4329
-1.0000,0.4328
-1.0000,0.4328
-1.0000,0.4328
-1.0000,0.4328
-1.0000,0.4328
-1.0000,0.4328
-1.0000,0.4327
-1.0000,0.4328
-1.0000,0.4327
-1.0000,0.4328
-1.0000,0.4327
-1.0000,0.4327
-1.0000,0.4327
-1.0000,0.4327
-1.0000,0.4328
-1.0000,0.4328
-1.0000,0.4327
-1.0000,0.4328
-1.0000,0.4328
-1.0000,0.4328
-1.0000,0.4328
-1.0000,0.4328
-1.0000,0.4328
-1.0000,0.4327
-1.0000,0.4328
-1.0000,0.4328
-1.0000,0.4329
-1.0000,0.4330
-1.0000,0.4329
-1.0000,0.4329
-1.0000,0.4329
-1.0000,0.4329
-1.0000,0.4330
-1.0000,0.4329
-1.0000,0.4330
-1.0000,0.4330
-1.0000,0.4331
-1.0000,0.4337
-1.0000,0.4339
-1.0000,0.4340
-1.0000,0.4339
-1.0000,0.4340
-1.0000,0.4339
-1.0000,0.4339
-1.0000,0.4339
-1.0000,0.4339
-1.0000,0.4340
-1.0000,0.4339
-1.0000,0.4338
-1.0000,0.4339
-1.0000,0.4339
-1.0000,0.4339
-1.0000,0.4338
-1.0000,0.4339
-1.0000,0.4339
-1.0000,0.4339
-1.0000,0.4339
-1.0000,0.4341
-1.0000,0.4342
-1.0000,0.4342
-1.0000,0.4341
-1.0000,0.4341
-1.0000,0.4341
-1.0000,0.4342
-1.0000,0.4341
-1.0000,0.4341
-1.0000,0.4341
-1.0000,0.4341
-1.0000,0.4342
-1.0000,0.4341
-1.0000,0.4341
-1.0000,0.4342
-1.0000,0.4341
-1.0000,0.4341
-1.0000,0.4342
-1.0000,0.4342
-1.0000,0.4341
-1.0000,0.4342
-1.0000,0.4342
-1.0000,0.4342
-1.0000,0.4342
-1.0000,0.4342
-1.0000,0.4343
-1.0000,0.4344
-1.0000,0.4345
-1.0000,0.4345
-1.0000,0.4345
-1.0000,0.4345
-1.0000,0.4345
-1.0000,0.4346
-1.0000,0.4345
-1.0000,0.4346
-1.0000,0.4347
-1.0000,0.4353
-1.0000,0.4352
-1.0000,0.4352
-1.0000,0.4353
-1.0000,0.4352
-1.0000,0.4352
-1.0000,0.4352
-1.0000,0.4351
-1.0000,0.4352
-1.0000,0.4351
-1.0000,0.4351
-1.0000,0.4351
-1.0000,0.4351
-1.0000,0.4351
-1.0000,0.4351
-1.0000,0.4351
-1.0000,0.4351
-1.0000,0.4351
-1.0000,0.4351
-1.0000,0.4351
-1.0000,0.4351
-1.0000,0.4352
-1.0000,0.4352
-1.0000,0.4351
-1.0000,0.4351
-1.0000,0.4352
-1.0000,0.4351
-1.0000,0.4351
-1.0000,0.4352
-1.0000,0.4352
-1.0000,0.4352
-1.0000,0.4352
-1.0000,0.4352
-1.0000,0.4353
-1.0000,0.4353
-1.0000,0.4353
-1.0000,0.4353
-1.0000,0.4353
-1.0000,0.4353
-1.0000,0.4354
-1.0000,0.4355
-1.0000,0.4363
-1.0000,0.4363
-1.0000,0.4365
-1.0000,0.4366
-1.0000,0.4365
-1.0000,0.4363
-1.0000,0.4364
-1.0000,0.4363
-1.0000,0.4363
-1.0000,0.4362
-1.0000,0.4362
-1.0000,0.4362
-1.0000,0.4362
-1.0000,0.4363
-1.0000,0.4362
-1.0000,0.4362
-1.0000,0.4363
-1.0000,0.4362
-1.0000,0.4363
-1.0000,0.4363
-1.0000,0.4363
-1.0000,0.4363
-1.0000,0.4362
-1.0000,0.4363
-1.0000,0.4363
-1.0000,0.4363
-1.0000,0.4363
-1.0000,0.4364
-1.0000,0.4363
-1.0000,0.4364
-1.0000,0.4363
-1.0000,0.4363
-1.0000,0.4365
-1.0000,0.4364
-1.0000,0.4365
-1.0000,0.4365
-1.0000,0.4365
-1.0000,0.4364
-1.0000,0.4365
-1.0000,0.4365
-1.0000,0.4364
-1.0000,0.4364
-1.0000,0.4365
-1.0000,0.4365
-1.0000,0.4365
-1.0000,0.4365
-1.0000,0.4365
-1.0000,0.4365
-1.0000,0.4365
-1.0000,0.4365
-1.0000,0.4364
-1.0000,0.4364
-1.0000,0.4365
-1.0000,0.4366
-1.0000,0.4365
-1.0000,0.4368
-1.0000,0.4368
-1.0000,0.4368
-1.0000,0.4367
-1.0000,0.4368
-1.0000,0.4367
-1.0000,0.4367
-1.0000,0.4368
-1.0000,0.4367
-1.0000,0.4368
-1.0000,0.4369
-1.0000,0.4369
-1.0000,0.4370
-1.0000,0.4370
-1.0000,0.4369
-1.0000,0.4372
-1.0000,0.4372
-1.0000,0.4370
-1.0000,0.4372
-1.0000,0.4371
-1.0000,0.4371
-1.0000,0.4371
-1.0000,0.4371
-1.0000,0.4372
-1.0000,0.4372
-1.0000,0.4371
-1.0000,0.4371
-1.0000,0.4372
-1.0000,0.4372
-1.0000,0.4373
-1.0000,0.4372
-1.0000,0.4373
-1.0000,0.4373
-1.0000,0.4372
-1.0000,0.4372
-1.0000,0.4372
-1.0000,0.4372
-1.0000,0.4373
-1.0000,0.4372
-1.0000,0.4371
-1.0000,0.4375
-1.0000,0.4376
-1.0000,0.4377
-1.0000,0.4377
-1.0000,0.4376
-1.0000,0.4377
-1.0000,0.4377
-1.0000,0.4376
-1.0000,0.4377
-1.0000,0.4377
-1.0000,0.4377
-1.0000,0.4377
-1.0000,0.4377
-1.0000,0.4377
-1.0000,0.4377
-1.0000,0.4377
-1.0000,0.4377
-1.0000,0.4377
-1.0000,0.4377
-1.0000,0.4377
-1.0000,0.4377
-1.0000,0.4377
-1.0000,0.4377
-1.0000,0.4377
-1.0000,0.4377
-1.0000,0.4377
-1.0000,0.4377
-1.0000,0.4378
-1.0000,0.4378
-1.0000,0.4378
-1.0000,0.4378
-1.0000,0.4379
-1.0000,0.4380
-1.0000,0.4387
-1.0000,0.4389
-1.0000,0.4388
-1.0000,0.4388
-1.0000,0.4388
-1.0000,0.4388
-1.0000,0.4388
-1.0000,0.4388
-1.0000,0.4387
-1.0000,0.4387
-1.0000,0.4387
-1.0000,0.4387
-1.0000,0.4387
-1.0000,0.4387
-1.0000,0.4386
-1.0000,0.4386
-1.0000,0.4387
-1.0000,0.4386
-1.0000,0.4386
-1.0000,0.4385
-1.0000,0.4387
-1.0000,0.4385
-1.0000,0.4386
-1.0000,0.4386
-1.0000,0.4386
-1.0000,0.4386
-1.0000,0.4386
-1.0000,0.4386
-1.0000,0.4386
-1.0000,0.4386
-1.0000,0.4386
-1.0000,0.4386
-1.0000,0.4386
-1.0000,0.4386
-1.0000,0.4386
-1.0000,0.4385
-1.0000,0.4386
-1.0000,0.4386
-1.0000,0.4386
-1.0000,0.4386
-1.0000,0.4387
-1.0000,0.4387
-1.0000,0.4386
-1.0000,0.4386
-1.0000,0.4387
-1.0000,0.4390
-1.0000,0.4392
-1.0000,0.4391
-1.0000,0.4391
-1.0000,0.4391
-1.0000,0.4391
-1.0000,0.4391
-1.0000,0.4391
-1.0000,0.4391
-1.0000,0.4390
-1.0000,0.4390
-1.0000,0.4390
-1.0000,0.4390
-1.0000,0.4390
-1.0000,0.4390
-1.0000,0.4390
-1.0000,0.4391
-1.0000,0.4391
-1.0000,0.4391
-1.0000,0.4390
-1.0000,0.4391
-1.0000,0.4390
-1.0000,0.4391
-1.0000,0.4391
-1.0000,0.4392
-1.0000,0.4392
-1.0000,0.4393
-1.0000,0.4392
-1.0000,0.4392
-1.0000,0.4394
-1.0000,0.4395
-1.0000,0.4395
-1.0000,0.4394
-1.0000,0.4395
-1.0000,0.4395
-1.0000,0.4394
-1.0000,0.4394
-1.0000,0.4395
-1.0000,0.4395
-1.0000,0.4395
-1.0000,0.4395
-1.0000,0.4396
-1.0000,0.4395
-1.0000,0.4395
-1.0000,0.4395
-1.0000,0.4396
-1.0000,0.4395
-1.0000,0.4395
-1.0000,0.4395
-1.0000,0.4400
-1.0000,0.4400
-1.0000,0.4400
-1.0000,0.4400
-1.0000,0.4400
-1.0000,0.4400
-1.0000,0.4400
-1.0000,0.4400
-1.0000,0.4400
-1.0000,0.4400
-1.0000,0.4399
-1.0000,0.4400
-1.0000,0.4400
-1.0000,0.4400
-1.0000,0.4400
-1.0000,0.4401
-1.0000,0.4400
-1.0000,0.4401
-1.0000,0.4401
-1.0000,0.4401
-1.0000,0.4400
-1.0000,0.4401
-1.0000,0.4400
-1.0000,0.4401
-1.0000,0.4401
-1.0000,0.4400
-1.0000,0.4400
-1.0000,0.4400
-1.0000,0.4401
-1.0000,0.4401
-1.0000,0.4400
-1.0000,0.4401
-1.0000,0.4400
-1.0000,0.4400
-1.0000,0.4402
-1.0000,0.4402
-1.0000,0.4402
-1.0000,0.4402
-1.0000,0.4402
-1.0000,0.4402
-1.0000,0.4402
-1.0000,0.4402
-1.0000,0.4402
-1.0000,0.4403
-1.0000,0.4402
-1.0000,0.4402
-1.0000,0.4403
-1.0000,0.4403
-1.0000,0.4403
-1.0000,0.4403
-1.0000,0.4402
-1.0000,0.4402
-1.0000,0.4402
-1.0000,0.4408
-1.0000,0.4408
-1.0000,0.4408
-1.0000,0.4408
-1.0000,0.4408
-1.0000,0.4407
-1.0000,0.4407
-1.0000,0.4408
-1.0000,0.4408
-1.0000,0.4407
-1.0000,0.4408
-1.0000,0.4407
-1.0000,0.4407
-1.0000,0.4407
-1.0000,0.4407
-1.0000,0.4408
-1.0000,0.4408
-1.0000,0.4407
-1.0000,0.4407
-1.0000,0.4407
-1.0000,0.4408
-1.0000,0.4408
-1.0000,0.4407
-1.0000,0.4407
-1.0000,0.4407
-1.0000,0.4407
-1.0000,0.4407
-1.0000,0.4408
-1.0000,0.4406
-1.0000,0.4407
-1.0000,0.4409
-1.0000,0.4407
-1.0000,0.4407
-1.0000,0.4407
-1.0000,0.4406
-1.0000,0.4408
-1.0000,0.4408
-1.0000,0.4408
-1.0000,0.4409
-1.0000,0.4408
-1.0000,0.4408
-1.0000,0.4408
-1.0000,0.4409
-1.0000,0.4408
-1.0000,0.4408
-1.0000,0.4408
-1.0000,0.4408
-1.0000,0.4408
-1.0000,0.4408
-1.0000,0.4409
-1.0000,0.4410
-1.0000,0.4410
-1.0000,0.4410
-1.0000,0.4410
-1.0000,0.4410
-1.0000,0.4410
-1.0000,0.4410
-1.0000,0.4410
-1.0000,0.4412
-1.0000,0.4412
-1.0000,0.4413
-1.0000,0.4413
-1.0000,0.4413
-1.0000,0.4413
-1.0000,0.4413
-1.0000,0.4412
-1.0000,0.4412
-1.0000,0.4413
-1.0000,0.4413
-1.0000,0.4413
-1.0000,0.4414
-1.0000,0.4414
-1.0000,0.4414
-1.0000,0.4414
-1.0000,0.4414
-1.0000,0.4414
-1.0000,0.4414
-1.0000,0.4420
-1.0000,0.4421
-1.0000,0.4420
-1.0000,0.4420
-1.0000,0.4420
-1.0000,0.4420
-1.0000,0.4420
-1.0000,0.4420
-1.0000,0.4420
-1.0000,0.4420
-1.0000,0.4419
-1.0000,0.4420
-1.0000,0.4419
-1.0000,0.4419
-1.0000,0.4419
-1.0000,0.4419
-1.0000,0.4420
-1.0000,0.4420
-1.0000,0.4420
-1.0000,0.4420
-1.0000,0.4419
-1.0000,0.4420
-1.0000,0.4420
-1.0000,0.4419
-1.0000,0.4419
-1.0000,0.4420
-1.0000,0.4419
-1.0000,0.4419
-1.0000,0.4420
-1.0000,0.4420
-1.0000,0.4419
-1.0000,0.4420
-1.0000,0.4420
-1.0000,0.4420
-1.0000,0.4419
-1.0000,0.4420
-1.0000,0.4422
-1.0000,0.4420
-1.0000,0.4421
-1.0000,0.4421
-1.0000,0.4421
-1.0000,0.4421
-1.0000,0.4422
-1.0000,0.4421
-1.0000,0.4421
-1.0000,0.4421
-1.0000,0.4422
-1.0000,0.4421
-1.0000,0.4422
-1.0000,0.4422
-1.0000,0.4421
-1.0000,0.4421
-1.0000,0.4422
-1.0000,0.4421
-1.0000,0.4422
-1.0000,0.4421
-1.0000,0.4422
-1.0000,0.4422
-1.0000,0.4422
-1.0000,0.4422
-1.0000,0.4423
-1.0000,0.4422
-1.0000,0.4422
-1.0000,0.4422
-1.0000,0.4422
-1.0000,0.4422
-1.0000,0.4423
-1.0000,0.4422
-1.0000,0.4423
-1.0000,0.4423
-1.0000,0.4423
-1.0000,0.4423
-1.0000,0.4422
-1.0000,0.4424
-1.0000,0.4424
-1.0000,0.4423
-1.0000,0.4424
-1.0000,0.4424
-1.0000,0.4424
-1.0000,0.4424
-1.0000,0.4427
-1.0000,0.4428
-1.0000,0.4427
-1.0000,0.4428
-1.0000,0.4428
-1.0000,0.4428
-1.0000,0.4428
-1.0000,0.4428
-1.0000,0.4428
-1.0000,0.4428
-1.0000,0.4426
-1.0000,0.4427
-1.0000,0.4428
-1.0000,0.4427
-1.0000,0.4427
-1.0000,0.4428
-1.0000,0.4428
-1.0000,0.4426
-1.0000,0.4430
-1.0000,0.4430
-1.0000,0.4429
-1.0000,0.4430
-1.0000,0.4430
-1.0000,0.4430
-1.0000,0.4430
-1.0000,0.4430
-1.0000,0.4430
-1.0000,0.4429
-1.0000,0.4429
-1.0000,0.4429
-1.0000,0.4430
-1.0000,0.4430
-1.0000,0.4429
-1.0000,0.4430
-1.0000,0.4430
-1.0000,0.4430
-1.0000,0.4430
-1.0000,0.4430
-1.0000,0.4430
-1.0000,0.4430
-1.0000,0.4430
-1.0000,0.4430
-1.0000,0.4430
-1.0000,0.4429
-1.0000,0.4433
-1.0000,0.4434
-1.0000,0.4434
-1.0000,0.4434
-1.0000,0.4434
-1.0000,0.4434
-1.0000,0.4434
-1.0000,0.4434
-1.0000,0.4434
-1.0000,0.4434
-1.0000,0.4434
-1.0000,0.4434
-1.0000,0.4434
-1.0000,0.4432
-1.0000,0.4434
-1.0000,0.4434
-1.0000,0.4433
-1.0000,0.4433
-1.0000,0.4433
-1.0000,0.4433
-1.0000,0.4433
-1.0000,0.4433
-1.0000,0.4434
-1.0000,0.4433
-1.0000,0.4433
-1.0000,0.4433
-1.0000,0.4433
-1.0000,0.4433
-1.0000,0.4434
-1.0000,0.4433
-1.0000,0.4433
-1.0000,0.4434
-1.0000,0.4433
-1.0000,0.4433
-1.0000,0.4433
-1.0000,0.4433
-1.0000,0.4433
-1.0000,0.4433
-1.0000,0.4434
-1.0000,0.4434
-1.0000,0.4434
-1.0000,0.4434
-1.0000,0.4434
-1.0000,0.4434
-1.0000,0.4434
-1.0000,0.4434
-1.0000,0.4434
-1.0000,0.4433
-1.0000,0.4434
-1.0000,0.4436
-1.0000,0.4436
-1.0000,0.4436
-1.0000,0.4435
-1.0000,0.4435
-1.0000,0.4436
-1.0000,0.4436
-1.0000,0.4435
-1.0000,0.4436
-1.0000,0.4436
-1.0000,0.4436
-1.0000,0.4436
-1.0000,0.4435
-1.0000,0.4435
-1.0000,0.4441
-1.0000,0.4441
-1.0000,0.4441
-1.0000,0.4442
-1.0000,0.4442
-1.0000,0.4442
-1.0000,0.4441
-1.0000,0.4442
-1.0000,0.4442
-1.0000,0.4442
-1.0000,0.4442
-1.0000,0.4441
-1.0000,0.4441
-1.0000,0.4441
-1.0000,0.4442
-1.0000,0.4441
-1.0000,0.4441
-1.0000,0.4442
-1.0000,0.4441
-1.0000,0.4441
-1.0000,0.4441
-1.0000,0.4441
-1.0000,0.4441
-1.0000,0.4443
-1.0000,0.4445
-1.0000,0.4445
-1.0000,0.4446
-1.0000,0.4446
-1.0000,0.4446
-1.0000,0.4445
-1.0000,0.4446
-1.0000,0.4446
-1.0000,0.4446
-1.0000,0.4446
-1.0000,0.4446
-1.0000,0.4446
-1.0000,0.4445
-1.0000,0.4446
-1.0000,0.4446
-1.0000,0.4447
-1.0000,0.4447
-1.0000,0.4446
-1.0000,0.4446
-1.0000,0.4446
-1.0000,0.4447
-1.0000,0.4446
-1.0000,0.4447
-1.0000,0.4447
-1.0000,0.4447
-1.0000,0.4448
-1.0000,0.4448
-1.0000,0.4448
-1.0000,0.4448
-1.0000,0.4447
-1.0000,0.4448
-1.0000,0.4448
-1.0000,0.4448
-1.0000,0.4448
-1.0000,0.4448
-1.0000,0.4448
-1.0000,0.4448
-1.0000,0.4448
-1.0000,0.4448
-1.0000,0.4447
-1.0000,0.4448
-1.0000,0.4448
-1.0000,0.4449
-1.0000,0.4448
-1.0000,0.4447
-1.0000,0.4452
-1.0000,0.4452
-1.0000,0.4452
-1.0000,0.4452
-1.0000,0.4452
-1.0000,0.4452
-1.0000,0.4452
-1.0000,0.4452
-1.0000,0.4453
-1.0000,0.4453
-1.0000,0.4452
-1.0000,0.4452
-1.0000,0.4452
-1.0000,0.4452
-1.0000,0.4453
-1.0000,0.4453
-1.0000,0.4453
-1.0000,0.4453
-1.0000,0.4453
-1.0000,0.4453
-1.0000,0.4453
-1.0000,0.4453
-1.0000,0.4452
-1.0000,0.4452
-1.0000,0.4453
-1.0000,0.4454
-1.0000,0.4453
-1.0000,0.4453
-1.0000,0.4453
-1.0000,0.4453
-1.0000,0.4454
-1.0000,0.4453
-1.0000,0.4453
-1.0000,0.4453
-1.0000,0.4453
-1.0000,0.4452
-1.0000,0.4453
-1.0000,0.4453
-1.0000,0.4453
-1.0000,0.4453
-1.0000,0.4453
-1.0000,0.4454
-1.0000,0.4453
-1.0000,0.4453
-1.0000,0.4453
-1.0000,0.4453
-1.0000,0.4453
-1.0000,0.4453
-1.0000,0.4453
-1.0000,0.4454
-1.0000,0.4453
-1.0000,0.4454
-1.0000,0.4456
-1.0000,0.4456
-1.0000,0.4456
-1.0000,0.4456
-1.0000,0.4456
-1.0000,0.4456
-1.0000,0.4456
-1.0000,0.4456
-1.0000,0.4455
-1.0000,0.4456
-1.0000,0.4456
-1.0000,0.4456
-1.0000,0.4456
-1.0000,0.4456
-1.0000,0.4456
-1.0000,0.4456
-1.0000,0.4456
-1.0000,0.4456
-1.0000,0.4457
-1.0000,0.4456
-1.0000,0.4456
-1.0000,0.4456
-1.0000,0.4455
-1.0000,0.4455
-1.0000,0.4456
-1.0000,0.4456
-1.0000,0.4456
-1.0000,0.4455
-1.0000,0.4455
-1.0000,0.4456
-1.0000,0.4457
-1.0000,0.4457
-1.0000,0.4458
-1.0000,0.4457
-1.0000,0.4457
-1.0000,0.4457
-1.0000,0.4458
-1.0000,0.4457
-1.0000,0.4457
-1.0000,0.4457
-1.0000,0.4457
-1.0000,0.4457
-1.0000,0.4457
-1.0000,0.4457
-1.0000,0.4459
-1.0000,0.4458
-1.0000,0.4459
-1.0000,0.4458
-1.0000,0.4459
-1.0000,0.4459
-1.0000,0.4459
-1.0000,0.4459
-1.0000,0.4458
-1.0000,0.4458
-1.0000,0.4459
-1.0000,0.4458
-1.0000,0.4459
-1.0000,0.4459
-1.0000,0.4459
-1.0000,0.4459
-1.0000,0.4458
-1.0000,0.4458
-1.0000,0.4459
-1.0000,0.4459
-1.0000,0.4458
-1.0000,0.4459
-1.0000,0.4460
-1.0000,0.4461
-1.0000,0.4460
-1.0000,0.4460
-1.0000,0.4460
-1.0000,0.4460
-1.0000,0.4460
-1.0000,0.4460
-1.0000,0.4460
-1.0000,0.4460
-1.0000,0.4460
-1.0000,0.4460
-1.0000,0.4460
-1.0000,0.4460
-1.0000,0.4460
-1.0000,0.4460
-1.0000,0.4460
-1.0000,0.4460
-1.0000,0.4460
-1.0000,0.4461
-1.0000,0.4461
-1.0000,0.4460
-1.0000,0.4463
-1.0000,0.4462
-1.0000,0.4462
-1.0000,0.4462
-1.0000,0.4462
-1.0000,0.4462
-1.0000,0.4461
-1.0000,0.4462
-1.0000,0.4461
-1.0000,0.4462
-1.0000,0.4464
-1.0000,0.4463
-1.0000,0.4463
-1.0000,0.4463
-1.0000,0.4462
-1.0000,0.4462
-1.0000,0.4463
-1.0000,0.4463
-1.0000,0.4463
-1.0000,0.4463
-1.0000,0.4463
-1.0000,0.4463
-1.0000,0.4463
-1.0000,0.4463
-1.0000,0.4463
-1.0000,0.4463
-1.0000,0.4463
-1.0000,0.4463
-1.0000,0.4463
-1.0000,0.4463
-1.0000,0.4463
-1.0000,0.4463
-1.0000,0.4464
-1.0000,0.4464
-1.0000,0.4465
-1.0000,0.4464
-1.0000,0.4465
-1.0000,0.4465
-1.0000,0.4465
-1.0000,0.4465
-1.0000,0.4466
-1.0000,0.4465
-1.0000,0.4465
-1.0000,0.4465
-1.0000,0.4465
-1.0000,0.4464
-1.0000,0.4465
-1.0000,0.4465
-1.0000,0.4465
-1.0000,0.4465
-1.0000,0.4465
-1.0000,0.4466
-1.0000,0.4464
-1.0000,0.4464
-1.0000,0.4467
-1.0000,0.4469
-1.0000,0.4467
-1.0000,0.4467
-1.0000,0.4468
-1.0000,0.4468
-1.0000,0.4468
-1.0000,0.4467
-1.0000,0.4468
-1.0000,0.4468
-1.0000,0.4468
-1.0000,0.4468
-1.0000,0.4468
-1.0000,0.4468
-1.0000,0.4469
-1.0000,0.4469
-1.0000,0.4468
-1.0000,0.4468
-1.0000,0.4469
-1.0000,0.4469
-1.0000,0.4469
-1.0000,0.4469
-1.0000,0.4469
-1.0000,0.4469
-1.0000,0.4469
-1.0000,0.4469
-1.0000,0.4469
-1.0000,0.4470
-1.0000,0.4470
-1.0000,0.4470
-1.0000,0.4469
-1.0000,0.4469
-1.0000,0.4469
-1.0000,0.4470
-1.0000,0.4469
-1.0000,0.4470
-1.0000,0.4470
-1.0000,0.4470
-1.0000,0.4470
-1.0000,0.4470
-1.0000,0.4470
-1.0000,0.4471
-1.0000,0.4470
-1.0000,0.4470
-1.0000,0.4468
-1.0000,0.4469
-1.0000,0.4469
-1.0000,0.4469
-1.0000,0.4468
-1.0000,0.4468
-1.0000,0.4469
-1.0000,0.4468
-1.0000,0.4469
-1.0000,0.4469
-1.0000,0.4469
-1.0000,0.4470
-1.0000,0.4469
-1.0000,0.4470
-1.0000,0.4471
-1.0000,0.4471
-1.0000,0.4470
-1.0000,0.4470
-1.0000,0.4470
-1.0000,0.4471
-1.0000,0.4470
-1.0000,0.4470
-1.0000,0.4474
-1.0000,0.4473
-1.0000,0.4473
-1.0000,0.4473
-1.0000,0.4474
-1.0000,0.4473
-1.0000,0.4473
-1.0000,0.4473
-1.0000,0.4474
-1.0000,0.4474
-1.0000,0.4474
-1.0000,0.4474
-1.0000,0.4474
-1.0000,0.4474
-1.0000,0.4474
-1.0000,0.4474
-1.0000,0.4475
-1.0000,0.4474
-1.0000,0.4475
-1.0000,0.4475
-1.0000,0.4475
-1.0000,0.4474
-1.0000,0.4476
-1.0000,0.4476
-1.0000,0.4476
-1.0000,0.4476
-1.0000,0.4477
-1.0000,0.4476
-1.0000,0.4477
-1.0000,0.4477
-1.0000,0.4476
-1.0000,0.4478
-1.0000,0.4479
-1.0000,0.4479
-1.0000,0.4479
-1.0000,0.4478
-1.0000,0.4479
-1.0000,0.4479
-1.0000,0.4478
-1.0000,0.4479
-1.0000,0.4479
-1.0000,0.4479
-1.0000,0.4479
-1.0000,0.4479
-1.0000,0.4479
-1.0000,0.4479
-1.0000,0.4479
-1.0000,0.4479
-1.0000,0.4480
-1.0000,0.4479
-1.0000,0.4481
-1.0000,0.4481
-1.0000,0.4480
-1.0000,0.4480
-1.0000,0.4482
-1.0000,0.4483
-1.0000,0.4483
-1.0000,0.4482
-1.0000,0.4482
-1.0000,0.4482
-1.0000,0.4483
-1.0000,0.4483
-1.0000,0.4484
-1.0000,0.4484
-1.0000,0.4483
-1.0000,0.4483
-1.0000,0.4483
-1.0000,0.4484
-1.0000,0.4484
-1.0000,0.4484
-1.0000,0.4484
-1.0000,0.4485
-1.0000,0.4485
-1.0000,0.4485
-1.0000,0.4485
-1.0000,0.4485
-1.0000,0.4485
-1.0000,0.4486
-1.0000,0.4486
-1.0000,0.4487
-1.0000,0.4487
-1.0000,0.4486
-1.0000,0.4487
-1.0000,0.4487
-1.0000,0.4488
-1.0000,0.4488
-1.0000,0.4489
-1.0000,0.4490
-1.0000,0.4491
-1.0000,0.4491
-1.0000,0.4492
-1.0000,0.4493
-1.0000,0.4492
-1.0000,0.4492
-1.0000,0.4494
-1.0000,0.4494
-1.0000,0.4495
-1.0000,0.4497
-1.0000,0.4497
-1.0000,0.4497
-1.0000,0.4498
-1.0000,0.4499
-1.0000,0.4500
-1.0000,0.4500
-1.0000,0.4501
-1.0000,0.4502
-1.0000,0.4503
-1.0000,0.4504
-1.0000,0.4505
-1.0000,0.4506
-1.0000,0.4507
-1.0000,0.4507
-1.0000,0.4508
-1.0000,0.4508
-1.0000,0.4509
-1.0000,0.4510
-1.0000,0.4510
-1.0000,0.4511
-1.0000,0.4511
-1.0000,0.4512
-1.0000,0.4513
-1.0000,0.4513
-1.0000,0.4514
-1.0000,0.4514
-1.0000,0.4514
-1.0000,0.4515
-1.0000,0.4515
-1.0000,0.4515
-1.0000,0.4516
-1.0000,0.4516
-1.0000,0.4516
-1.0000,0.4518
-1.0000,0.4518
-1.0000,0.4518
-1.0000,0.4518
-1.0000,0.4518
-1.0000,0.4519
-1.0000,0.4520
-1.0000,0.4520
-1.0000,0.4520
-1.0000,0.4520
-1.0000,0.4520
-1.0000,0.4521
-1.0000,0.4521
-1.0000,0.4521
-1.0000,0.4521
-1.0000,0.4521
-1.0000,0.4521
-1.0000,0.4522
-1.0000,0.4522
-1.0000,0.4522
-1.0000,0.4522
-1.0000,0.4522
-1.0000,0.4522
-1.0000,0.4522
-1.0000,0.4523
-1.0000,0.4522
-1.0000,0.4523
-1.0000,0.4523
-1.0000,0.4523
-1.0000,0.4524
-1.0000,0.4524
-1.0000,0.4524
-1.0000,0.4524
-1.0000,0.4525
-1.0000,0.4525
-1.0000,0.4525
-1.0000,0.4526
-1.0000,0.4526
-1.0000,0.4527
-1.0000,0.4527
-1.0000,0.4528
-1.0000,0.4527
-1.0000,0.4527
-1.0000,0.4529
-1.0000,0.4527
-1.0000,0.4528
-1.0000,0.4527
-1.0000,0.4528
-1.0000,0.4528
-1.0000,0.4528
-1.0000,0.4528
-1.0000,0.4528
-1.0000,0.4528
-1.0000,0.4529
-1.0000,0.4529
-1.0000,0.4529
-1.0000,0.4530
-1.0000,0.4529
-1.0000,0.4530
-1.0000,0.4530
-1.0000,0.4530
-1.0000,0.4530
-1.0000,0.4530
-1.0000,0.4530
-1.0000,0.4530
-1.0000,0.4533
-1.0000,0.4531
-1.0000,0.4533
-1.0000,0.4532
-1.0000,0.4533
-1.0000,0.4532
-1.0000,0.4532
-1.0000,0.4532
-1.0000,0.4533
-1.0000,0.4533
-1.0000,0.4533
-1.0000,0.4533
-1.0000,0.4534
-1.0000,0.4534
-1.0000,0.4534
-1.0000,0.4534
-1.0000,0.4535
-1.0000,0.4535
-1.0000,0.4535
-1.0000,0.4534
-1.0000,0.4534
-1.0000,0.4536
-1.0000,0.4536
-1.0000,0.4537
-1.0000,0.4537
-1.0000,0.4537
-1.0000,0.4537
-1.0000,0.4537
-1.0000,0.4537
-1.0000,0.4538
-1.0000,0.4538
-1.0000,0.4538
-1.0000,0.4539
-1.0000,0.4539
-1.0000,0.4539
-1.0000,0.4539
-1.0000,0.4539
-1.0000,0.4539
-1.0000,0.4539
-1.0000,0.4539
-1.0000,0.4539
-1.0000,0.4540
-1.0000,0.4540
-1.0000,0.4540
-1.0000,0.4540
-1.0000,0.4540
-1.0000,0.4540
-1.0000,0.4540
-1.0000,0.4540
-1.0000,0.4540
-1.0000,0.4540
-1.0000,0.4540
-1.0000,0.4540
-1.0000,0.4541
-1.0000,0.4541
-1.0000,0.4541
-1.0000,0.4541
-1.0000,0.4541
-1.0000,0.4542
-1.0000,0.4541
-1.0000,0.4541
-1.0000,0.4542
-1.0000,0.4541
-1.0000,0.4541
-1.0000,0.4542
-1.0000,0.4542
-1.0000,0.4543
-1.0000,0.4543
-1.0000,0.4542
-1.0000,0.4543
-1.0000,0.4542
-1.0000,0.4543
-1.0000,0.4543
-1.0000,0.4543
-1.0000,0.4543
-1.0000,0.4542
-1.0000,0.4543
-1.0000,0.4543
-1.0000,0.4544
-1.0000,0.4544
-1.0000,0.4550
-1.0000,0.4553
-1.0000,0.4553
-1.0000,0.4554
-1.0000,0.4555
-1.0000,0.4555
-1.0000,0.4555
-1.0000,0.4555
-1.0000,0.4555
-1.0000,0.4556
-1.0000,0.4556
-1.0000,0.4556
-1.0000,0.4556
-1.0000,0.4557
-1.0000,0.4557
-1.0000,0.4557
-1.0000,-1.0000,0.4557
-1.0000,0.4557
-1.0000,0.4557
-1.0000,0.4557
-1.0000,0.4557
-1.0000,0.4557
-1.0000,0.4557
-1.0000,0.4557
-1.0000,0.4557
-1.0000,0.4557
-1.0000,0.4557
-1.0000,0.4557
-1.0000,0.4557
-1.0000,0.4557
-1.0000,0.4557
-1.0000,0.4557
-1.0000,0.4557
-1.0000,0.4557
-1.0000,0.4557
-1.0000,0.4557
-1.0000,0.4557
-1.0000,0.4557
-1.0000,0.4557
-1.0000,0.4557
-1.0000,0.4557
-1.0000,0.4557
-1.0000,0.4557
-1.0000,0.4557
-1.0000,0.4557
-1.0000,0.4557
-1.0000,0.4557
-1.0000,0.4557
-1.0000,0.4557
-1.0000,0.4557
-1.0000,0.4557
-1.0000,0.4557
-1.0000,0.4557
-1.0000,0.4557
-1.0000,0.4557
-1.0000,0.4557
-1.0000,0.4557
-1.0000,0.4557
-1.0000,0.4557
-1.0000,0.4557
-1.0000,0.4557
-1.0000,0.4557
-1.0000,0.4557
-1.0000,0.4557
-1.0000,0.4557
-1.0000,0.4557
-1.0000,0.4557
-1.0000,0.4557
-1.0000,0.4557
-1.0000,0.4557
-1.0000,0.4557
-1.0000,0.4557
-1.0000,0.4557
-1.0000,0.4557
-1.0000,0.4557
-1.0000,0.4557
-1.0000,0.4557
-1.0000,0.4557
-1.0000,0.4557
-1.0000,0.4557
-1.0000,0.4557
-1.0000,0.4557
-1.0000,0.4557
-1.0000,0.4557
-1.0000,0.4557
-1.0000,0.4557
-1.0000,0.4557
-1.0000,0.4557
-1.0000,0.4557
-1.0000,0.4557
-1.0000,0.4557
-1.0000,0.4557
-1.0000,0.4557
-1.0000,0.4557
-1.0000,0.4557
-1.0000,0.4557
-1.0000,0.4557
-1.0000,0.4557
-1.0000,0.4557
-1.0000,0.4557
-1.0000,0.4557
-1.0000,0.4557
-1.0000,0.4557
-1.0000,0.4557
-1.0000,0.4557
-1.0000,0.4557
-1.0000,0.4557
-1.0000,0.4557
-1.0000,0.4557
-1.0000,0.4557
-1.0000,0.4557
-1.0000,0.4557
-1.0000,0.4557
-1.0000,0.4557
-1.0000,0.4557
-1.0000,0.4557
-1.0000,0.4557
-1.0000,0.4557
-1.0000,0.4557
-1.0000,0.4557
-1.0000,0.4557
-1.0000,0.4557
-1.0000,0.4557
-1.0000,0.4557
-1.0000,0.4557
-1.0000,0.4557
-1.0000,0.4557
-1.0000,0.4557
-1.0000,0.4557
-1.0000,0.4557
-1.0000,0.4557
-1.0000,0.4557
-1.0000,0.4557
-1.0000,0.4557
-1.0000,0.4557
-1.0000,0.4557
-1.0000,0.4557
-1.0000,0.4557
-1.0000,0.4557
-1.0000,0.4557
-1.0000,0.4557
-1.0000,0.4557
-1.0000,0.4557
-1.0000,0.4557
-1.0000,0.4557
-1.0000,0.4557
-1.0000,0.4557
-1.0000,0.4557
-1.0000,0.4557
-1.0000,0.4557
-1.0000,0.4557
-1.0000,0.4557
-1.0000,0.4557
-1.0000,0.4557
-1.0000,0.4557
-1.0000,0.4557
-1.0000,0.4557
-1.0000,0.4557
-1.0000,0.4557
-1.0000,0.4557
-1.0000,0.4557
-1.0000,0.4557
-1.0000,0.4557
-1.0000,0.4557
-1.0000,0.4557
-1.0000,0.4557
-1.0000,0.4557
-1.0000,0.4557
-1.0000,0.4557
-1.0000,0.4557
-1.0000,0.4557
-1.0000,0.4557
-1.0000,0.4557
-1.0000,0.4557
-1.0000,0.4557
-1.0000,0.4557
-1.0000,0.4557
-1.0000,0.4557
-1.0000,0.4557
-1.0000,0.4557
-1.0000,0.4557
-1.0000,0.4557
-1.0000,0.4557
-1.0000,0.4557
-1.0000,0.4557
-1.0000,0.4557
-1.0000,0.4557
-1.0000,0.4557
-1.0000,0.4557
-1.0000,0.4557
-1.0000,0.4557
-1.0000,0.4557
-1.0000,0.4557
-1.0000,0.4557
-1.0000,0.4557
-1.0000,0.4557
-1.0000,0.4557
-1.0000,0.4557
-1.0000,0.4557
-1.0000,0.4557
-1.0000,0.4557
-1.0000,0.4557
-1.0000,0.4557
-1.0000,0.4557
-1.0000,0.4557
-1.0000,0.4557
-1.0000,0.4557
-1.0000,0.4557
-1.0000,0.4557
-1.0000,0.4557
-1.0000,0.4557
-1.0000,0.4557
-1.0000,0.4557
-1.0000,0.4557
-1.0000,0.4557
-1.0000,0.4557
-1.0000,0.4557
-1.0000,0.4557
-1.0000,-1.0000,0.4557
-1.0000,0.4557
-1.0000,0.4557
-1.0000,0.4557
-1.0000,0.4557
-1.0000,0.4557
-1.0000,0.4557
-1.0000,0.4557
-1.0000,0.4557
-1.0000,0.4557
-1.0000,0.4557
-1.0000,0.4557
-1.0000,0.4557
-1.0000,0.4557
-1.0000,0.4557
-1.0000,0.4557
-1.0000,0.4557
-1.0000,0.4557
-1.0000,0.4557
-1.0000,0.4557
-1.0000,0.4557
-1.0000,0.4557
-1.0000,0.4557
-1.0000,0.4557
-1.0000,0.4557
-1.0000,0.4557
-1.0000,0.4557
-1.0000,0.4557
-1.0000,0.4557
-1.0000,0.4557
-1.0000,0.4557
-1.0000,0.4557
-1.0000,0.4557
-1.0000,0.4557
-1.0000,0.4557
-1.0000,0.4557
-1.0000,0.4557
-1.0000,0.4557
-1.0000,0.4557
-1.0000,0.4557
-1.0000,0.4557
-1.0000,0.4557
-1.0000,0.4557
-1.0000,0.4557
-1.0000,0.4557
-1.0000,0.4557
-1.0000,0.4557
-1.0000,0.4557
-1.0000,0.4557
-1.0000,0.4557
-1.0000,0.4557
-1.0000,0.4557
-1.0000,0.4557
-1.0000,0.4557
-1.0000,0.4557
-1.0000,0.4557
-1.0000,0.4557
-1.0000,0.4557
-1.0000,0.4557
-1.0000,0.4557
-1.0000,0.4557
-1.0000,0.4557
-1.0000,0.4557
-1.0000,0.4557
-1.0000,0.4557
-1.0000,0.4557
-1.0000,0.4557
-1.0000,0.4557
-1.0000,0.4557
-1.0000,0.4557
-1.0000,0.4557
-1.0000,0.4557
-1.0000,0.4557
-1.0000,0.4557
-1.0000,0.4557
-1.0000,0.4557
-1.0000,0.4557
-1.0000,0.4557
-1.0000,0.4557
-1.0000,0.4557
-1.0000,0.4557
-1.0000,0.4557
-1.0000,0.4557
-1.0000,0.4557
-1.0000,0.4557
-1.0000,0.4557
-1.0000,0.4557
-1.0000,0.4557
-1.0000,0.4557
-1.0000,0.4557
-1.0000,0.4557
-1.0000,0.4557
-1.0000,0.4557
-1.0000,0.4557
-1.0000,0.4557
-1.0000,0.4557
-1.0000,0.4557
-1.0000,0.4557
-1.0000,0.4557
-1.0000,0.4557
-1.0000,0.4557
-1.0000,0.4557
-1.0000,0.4557
-1.0000,0.4557
-1.0000,0.4557
-1.0000,0.4557
-1.0000,0.4557
-1.0000,0.4557
-1.0000,0.4557
-1.0000,0.4557
-1.0000,0.4557
-1.0000,0.4557
-1.0000,0.4557
-1.0000,0.4557
-1.0000,0.4557
-1.0000,0.4557
-1.0000,0.4557
-1.0000,0.4557
-1.0000,0.4557
-1.0000,0.4557
-1.0000,0.4557
-1.0000,0.4557
-1.0000,0.4557
-1.0000,0.4557
-1.0000,0.4557
-1.0000,0.4557
-1.0000,0.4557
-1.0000,0.4557
-1.0000,0.4557
-1.0000,0.4557
-1.0000,0.4557
-1.0000,0.4557
-1.0000,0.4557
-1.0000,0.4557
-1.0000,0.4557
-1.0000,0.4557
-1.0000,0.4557
-1.0000,0.4557
-1.0000,0.4557
-1.0000,0.4557
-1.0000,0.4557
-1.0000,0.4557
-1.0000,0.4557
-1.0000,0.4557
-1.0000,0.4557
-1.0000,0.4557
-1.0000,0.4557
-1.0000,0.4557
-1.0000,0.4557
-1.0000,0.4557
-1.0000,0.4557
-1.0000,0.4557
-1.0000,0.4557
-1.0000,0.4557
-1.0000,0.4557
-1.0000,0.4557
-1.0000,0.4557
-1.0000,0.4557
-1.0000,0.4557
-1.0000,0.4557
-1.0000,0.4557
-1.0000,0.4557
-1.0000,0.4557
-1.0000,0.4557
-1.0000,0.4557
-1.0000,0.4557
-1.0000,0.4557
-1.0000,0.4557
-1.0000,0.4557
-1.0000,0.4557
-1.0000,0.4557
-1.0000,0.4557
-1.0000,0.4557
-1.0000,0.4557
-1.0000,0.4557
-1.0000,0.4557
-1.0000,0.4557
-1.0000,0.4557
-1.0000,0.4557
-1.0000,0.4557
-1.0000,0.4557
-1.0000,0.4557
-1.0000,0.4557
-1.0000,0.4557
-1.0000,0.4557
-1.0000,0.4557
-1.0000,0.4557
-1.0000,0.4557
-1.0000,0.4557
-1.0000,0.4557
-1.0000,0.4557
-1.0000,0.4557
-1.0000,0.4557
-1.0000,0.4557
-1.0000,0.4557
-1.0000,0.4557
-1.0000,0.4557
-1.0000,0.4557
-1.0000,0.4557
-1.0000,0.4557
-1.0000,0.4557
-1.0000,0.4557
-1.0000,-1.0000,0.4557
