1128.8297,1037.1663
1035.9756,1037.1586
1034.7975,1037.1666
1032.1804,1037.1599
1031.9253,1037.1514
1031.7231,1037.1550
1031.7906,1037.1527
1031.4357,1037.1653
1030.5970,1037.1619
1029.9095,1037.1564
1029.8135,1037.1514
1028.7380,1037.1602
1028.0011,1037.1504
1025.5941,1037.1764
1033.0273,1037.1641
1023.4789,1037.1631
1022.7111,1037.1635
1020.0342,1037.1649
1023.6055,1037.1582
1013.5582,1037.1581
1008.4868,1037.1547
1014.5106,1037.1550
995.4634,1037.1511
1026.0593,1037.1521
991.9053,1037.1718
988.9905,1037.1602
1009.4999,1037.1708
968.0030,1037.1599
950.5124,1037.1495
950.3399,1037.1697
928.7273,1037.1542
953.3278,1037.1516
933.8941,1037.1636
903.4091,1037.1615
996.6483,1037.1569
879.7163,1037.1558
898.1864,1037.1498
838.8442,1037.1609
892.0497,1037.1635
859.5893,1037.1646
814.8070,1037.1581
1025.6073,1037.1556
865.3470,1037.1678
825.5279,1037.1676
814.7947,1037.1647
738.9161,1037.1749
726.1412,1037.1743
1027.6115,1037.1533
740.3054,1037.1541
707.4891,1037.1550
691.6671,1037.1569
1130.5393,1037.1537
685.8853,1037.1558
676.2363,1037.1545
666.9426,1037.1525
735.1492,1037.1622
661.0232,1037.1691
629.4543,1037.1602
1086.7739,1037.1721
819.3672,1037.1598
620.4578,1037.1598
602.5687,1037.1445
1369.2909,1037.1741
604.0713,1037.1685
693.9614,1037.1592
641.6497,1037.1600
576.9889,1037.1583
565.0855,1037.1399
844.3705,1037.1716
674.8434,1037.1588
603.5306,1037.1774
586.1855,1037.1750
572.6524,1037.1576
1245.9263,1037.1627
627.6284,1037.1575
598.6705,1037.1648
695.0753,1037.1556
685.0402,1037.1561
556.2369,1037.1399
593.5371,1037.1472
952.8795,1037.1398
624.4488,1037.1527
607.7121,1037.1603
609.7203,1037.1555
590.9855,1037.1587
586.6432,1037.1652
566.2943,1037.1527
561.3729,1037.1460
550.0555,1037.1581
681.8271,1037.1586
590.8031,1037.1692
721.7797,1037.1631
639.2248,1037.1632
557.1567,1037.1622
528.0350,1037.1569
667.7297,1037.1562
532.9161,1037.1508
528.8344,1037.1617
593.2345,1037.1499
582.7643,1037.1494
825.7930,1037.1442
536.5435,1037.1625
565.3478,1037.1631
542.8515,1037.1632
504.9985,1037.1605
1008.9736,1037.1517
676.7577,1037.1615
505.9556,1037.1699
502.7949,1037.1616
499.9177,1037.1553
560.6234,1037.1520
504.6269,1037.1600
490.2389,1037.1632
531.6518,1037.1569
708.0299,1037.1597
483.5247,1037.1556
483.1430,1037.1669
919.2648,1037.1631
573.4165,1037.1589
524.0834,1037.1653
498.1195,1037.1512
534.1948,1037.1488
550.7847,1037.1499
518.0394,1037.1539
522.5743,1037.1527
476.1342,1037.1414
498.6092,1037.1641
576.3000,1037.1619
668.4289,1037.1528
487.4086,1037.1594
482.8013,1037.1514
478.1024,1037.1464
543.2890,1037.1526
517.9177,1037.1536
692.4310,1037.1703
500.4830,1037.1581
487.0777,1037.1517
476.1298,1037.1592
480.8400,1037.1541
778.1180,1037.1599
566.4600,1037.1685
541.0323,1037.1548
598.8276,1037.1586
503.9391,1037.1578
530.6113,1037.1498
492.4384,1037.1450
546.6490,1037.1669
465.3948,1037.1547
476.8265,1037.1570
459.9738,1037.1517
538.9188,1037.1650
487.2148,1037.1613
568.5916,1037.1512
517.6843,1037.1678
514.0375,1037.1593
558.0013,1037.1625
461.6324,1037.1682
453.9578,1037.1576
698.8674,1037.1588
458.5862,1037.1562
1259.1514,1037.1597
547.6937,1037.1510
471.7882,1037.1564
483.4619,1037.1655
472.9645,1037.1558
450.1028,1037.1558
536.9205,1037.1578
748.4515,1037.1520
528.5385,1037.1531
539.6560,1037.1582
776.5334,1037.1581
450.0030,1037.1663
449.2777,1037.1592
460.0366,1037.1364
510.4671,1037.1548
559.1481,1037.1609
460.9157,1037.1499
445.7509,1037.1669
558.0634,1037.1528
476.9331,1037.1639
496.1953,1037.1666
494.3031,1037.1532
445.9443,1037.1526
456.7175,1037.1566
444.4642,1037.1692
459.8320,1037.1494
442.1580,1037.1543
445.9200,1037.1697
763.2951,1037.1499
442.8682,1037.1560
513.0985,1037.1550
524.5397,1037.1488
454.1956,1037.1548
439.8891,1037.1647
447.6636,1037.1625
803.5417,1037.1517
471.7641,1037.1555
652.0399,1037.1561
452.9531,1037.1481
467.6425,1037.1595
445.9469,1037.1633
439.5141,1044.7440
