17055.4219
17055.2812
17055.1074
17055.2480
17055.1035
17055.4062
17055.3320
17055.1250
17054.9961
17055.2344
17055.3945
17055.3711
17054.9180
17055.2109
17055.4277
17055.3301
17055.0840
17055.1387
17055.2539
17054.7539
17055.1504
17055.0430
17055.3516
17055.0820
17055.1914
17055.1602
17055.2695
17055.0234
17054.9512
17055.0254
17055.1719
17055.4727
17055.2031
17055.1953
17055.2148
17055.0000
17055.2266
17055.3965
17055.3535
17055.3223
17055.0098
17055.4473
17055.1914
17055.2695
17054.9688
17055.2109
17055.2188
17055.1211
17055.2812
17055.2695
17055.1562
17055.4902
17055.5469
17055.3047
17055.0977
17055.1836
17055.1211
17055.2324
17054.8867
17055.2305
17055.2539
17055.2871
17055.3789
17055.1758
17055.3203
17055.1484
17055.0840
17055.2148
17055.0586
17055.0586
17055.0059
17055.1562
17055.0781
17055.0352
17055.1484
17055.1992
17055.0352
17055.2969
17055.2578
17055.4648
17055.2422
17055.2852
17055.2148
17055.1914
17055.3867
17055.2520
17055.0820
17055.1055
17055.1328
17055.5117
17055.1250
17055.1172
17055.1719
17055.2949
17055.0898
17055.2812
17055.3301
17054.9473
17054.9102
17055.2480
17055.0781
17055.0977
17055.2832
17055.3086
17054.9707
17055.1250
17055.2227
17055.3242
17055.3086
17054.9609
17055.2617
17055.1230
17055.1406
17055.5430
17055.1426
17054.8984
17054.8984
17055.0820
17055.1836
17054.9648
17055.1738
17055.0938
17054.9219
17054.9473
17055.0156
17055.4531
17054.9805
17055.3047
17055.3691
17055.1719
17055.2969
17055.0898
17055.2246
17055.1152
17054.9980
17055.1406
17055.3359
17055.1172
17055.2812
17055.3711
17055.1836
17055.2344
17055.0859
17055.0234
17055.4414
17055.0977
17055.0625
17055.3750
17055.3359
17055.1426
17055.0938
17055.0234
17055.3750
17055.3594
17055.0664
17055.3262
17055.4336
17055.1270
17055.4609
17055.2012
17055.3613
17055.2578
17055.0332
17055.0430
17055.1211
17055.2637
17055.4062
17055.0801
17055.3242
17054.8750
17055.2266
17055.1426
17055.1836
17055.2344
17055.3398
17055.0820
17055.4688
17055.2070
17055.0547
17055.2031
17055.4316
17054.9980
17055.4102
17055.5234
17055.1445
17055.2695
17055.1230
17055.1484
17055.1250
17055.1582
17055.3555
17055.2031
17055.2070
17055.2461
17055.1699
17055.0195
17055.2500
17054.9004
17055.1094
17055.2285
17055.2227
17281.9434
17055.0625
17055.2422
17055.0703
17055.2266
17055.5078
17055.0996
17055.1445
17055.2031
17054.9297
17055.5781
17055.0273
17054.8086
17055.0352
17055.2812
17055.1602
17054.9805
17055.3008
17055.0742
17055.5293
17055.0000
17055.4141
17054.9805
17055.5684
17055.1289
17054.8477
17055.2227
17055.5254
17055.2070
17055.2305
17055.1992
17055.1621
17054.9258
17054.6719
17055.2754
17055.1777
17055.0156
17055.1367
17055.3359
17055.1094
17055.2148
17055.1406
17055.3359
17055.1758
17055.1758
17055.3438
17055.1914
17055.4453
17055.2539
17055.2578
17055.0078
17055.1250
17055.1562
17055.1953
17055.1387
17054.8750
17054.9453
17055.1348
17055.3750
17055.3242
17055.0898
17054.8887
17054.9844
17055.4492
17055.3125
17055.0625
17055.4180
17055.2031
17054.9492
17055.3086
17055.1230
17054.9531
17055.1387
17055.2188
17055.1758
17055.1797
17055.5352
17055.1504
17055.4609
17054.9531
17055.2754
17055.1055
17055.4082
17055.0703
17054.9180
17055.1016
17055.0352
17055.0020
17054.9746
17055.1680
17055.1367
17055.1426
17055.2344
17055.1836
17055.1953
17054.9766
17055.0996
17055.4570
17055.2617
17055.1797
17055.2266
17055.1992
17055.2363
17055.4336
17055.0352
17055.2051
17055.4297
17055.6055
17055.2695
17055.0898
17055.3926
17055.3516
17054.9609
17054.8086
17055.2383
17054.9590
17055.2227
17055.1562
17055.5918
17054.7793
17055.0117
17054.9570
17054.9570
17055.1250
17055.4023
17055.0996
17055.3477
17055.5508
17055.0469
17055.1699
17055.2617
17054.9258
17054.9531
17055.2090
17055.2402
17054.9102
17055.1973
17055.3516
17055.4844
17055.3906
17055.2500
17055.0352
17055.0098
17055.2812
17055.1992
17055.1445
17055.2617
17055.2148
17055.2383
17054.9375
17055.5469
17055.3242
17054.9805
17055.5039
17055.3516
17055.3379
17055.2969
17055.1562
17055.1953
17054.8984
17055.0293
17055.0527
17055.2012
17055.0859
17055.3008
17055.3438
17055.2227
17055.2305
17055.1992
17055.1836
17055.3750
17055.3008
17055.1641
17055.3906
17055.1445
17055.4648
17055.4316
17055.0156
17055.4727
17055.1836
17054.9316
17055.1211
17055.0898
17055.3164
17055.0781
17055.1445
17055.2891
17055.1426
17055.3125
17055.1836
17055.1758
17055.0332
17055.5039
17055.2656
17054.9414
17055.2031
17054.8945
17054.9629
17055.3750
17054.8809
17055.4297
17055.0234
17282.4102
