0.24620340764522552
0.1914788782596588
0.10080190747976303
0.10296088457107544
0.10136742889881134
0.10403075814247131
0.09836152195930481
0.10147133469581604
0.09951245039701462
0.10253966599702835
0.09909557551145554
0.10216253250837326
0.09876900166273117
0.10249471664428711
0.0989665761590004
0.10243701189756393
0.09867385774850845
0.1025409996509552
0.09864476323127747
0.10247024893760681
0.09877295047044754
0.1025124043226242
0.09867770224809647
0.10260941833257675
0.09864918887615204
0.10273615270853043
0.09868239611387253
0.10248417407274246
0.09882175177335739
0.10243120044469833
0.09926920384168625
0.10266127437353134
0.0995238721370697
0.10278333723545074
0.10000725090503693
0.103172667324543
0.10076072067022324
0.10291175544261932
0.10169178247451782
0.10319240391254425
0.10231576859951019
0.10286302864551544
0.1023203581571579
0.10274771600961685
0.10193923860788345
0.10296684503555298
0.1016845628619194
0.10269186645746231
0.10224545001983643
0.10224875807762146
0.10232976824045181
0.10248365253210068
0.10170810669660568
0.10216448456048965
0.10216807574033737
0.10185457766056061
0.10122328251600266
0.10152927786111832
0.10108151286840439
0.10154403001070023
0.10050789266824722
0.10147669166326523
0.10123638063669205
0.10132735222578049
0.10085128992795944
0.10106612741947174
0.10113290697336197
0.10144470632076263
0.10108444094657898
0.10115794837474823
0.10060400515794754
0.10092229396104813
0.10050559043884277
0.10078637301921844
0.1005266085267067
0.10102903097867966
0.10123708099126816
0.10118468850851059
0.1011682078242302
0.10122621804475784
0.10080540925264359
0.10092483460903168
0.10068601369857788
0.1009124293923378
0.10053495317697525
0.10135826468467712
0.10027249902486801
0.10049228370189667
0.1004166230559349
0.10041250288486481
0.10083084553480148
0.10095812380313873
0.1006162166595459
0.10080990940332413
0.10048830509185791
0.10110002756118774
0.10069219022989273
0.10095056891441345
0.10077270120382309
0.10060629993677139
0.10039567947387695
0.10104259103536606
0.10085996985435486
0.10043466091156006
0.10025130957365036
0.10044927895069122
0.10040220618247986
0.10093054175376892
0.10048549622297287
0.10057303309440613
0.1009150967001915
0.10032151639461517
0.1007290929555893
0.1001909002661705
0.10045109689235687
0.10100107640028
0.10007698088884354
0.10123845189809799
0.1000165343284607
0.1003497764468193
0.10065063089132309
0.10018238425254822
0.10064857453107834
0.10021238774061203
0.10061515867710114
0.10011683404445648
0.10018927603960037
0.10049647092819214
0.1005449965596199
0.10083148628473282
0.10048642009496689
0.10049986094236374
0.10064242035150528
0.10025884211063385
0.1003040075302124
0.10036569088697433
0.10031861066818237
0.10072004795074463
0.10035160183906555
0.10034406185150146
0.10040535777807236
0.10056223720312119
0.10068108141422272
0.10043221712112427
0.10039215534925461
0.1000966876745224
0.10064773261547089
0.10055743902921677
0.1005069836974144
0.10072880983352661
0.10041169822216034
0.1000344529747963
0.10014478117227554
0.10008890926837921
0.10042385011911392
0.10002272576093674
0.10040678083896637
0.10062231123447418
0.09982671588659286
0.10022810101509094
0.10030914098024368
0.10047407448291779
0.09998295456171036
0.10065244138240814
0.10017530620098114
0.10037089884281158
0.10047430545091629
0.10063130408525467
0.10041357576847076
0.09998814016580582
0.10039583593606949
0.1004529595375061
0.10003755986690521
0.10032907128334045
0.10001363605260849
0.10058492422103882
0.10039308667182922
0.10023827105760574
0.10015654563903809
0.10073640942573547
0.10049693286418915
0.10030817240476608
0.10040363669395447
0.10004398971796036
0.10070167481899261
0.10041225701570511
0.1001177430152893
0.10018797218799591
0.10046054422855377
0.10050757974386215
0.09990181028842926
0.10042046755552292
0.100021593272686
0.10045000165700912
0.1000971868634224
0.10016085207462311
0.10009581595659256
0.10038673877716064
0.10002246499061584
0.10042169690132141
0.10030753165483475
0.1004374623298645
0.09988655894994736
0.1002691462635994
0.10040505975484848
0.10006747394800186
0.10023286193609238
0.09994075447320938
0.10035517066717148
0.10024895519018173
0.10054292529821396
0.10020612180233002
0.10032612830400467
0.10019249469041824
0.10031906515359879
0.10075659304857254
0.10025575757026672
0.10033026337623596
0.10016181319952011
0.10019834339618683
0.10018182545900345
0.10052700340747833
0.0999986082315445
0.10061471909284592
0.09995850175619125
0.10052881389856339
0.1002030149102211
0.1001906469464302
0.10033556818962097
0.09999900311231613
0.0999380499124527
0.09994889795780182
0.10034765303134918
0.09989679604768753
0.10000541806221008
0.10013230890035629
0.10041544586420059
0.10020740330219269
0.10016047209501266
0.10038521885871887
0.10022418946027756
0.10042751580476761
0.10019659250974655
0.10042180866003036
0.10010740906000137
0.10045614093542099
0.10041220486164093
0.10028687119483948
0.09985586255788803
0.10048747062683105
0.10014798492193222
0.10020636022090912
0.10021714866161346
0.10023514926433563
0.1001894623041153
0.10019104927778244
0.10019798576831818
0.100185826420784
0.10017998516559601
0.10017570108175278
0.10019547492265701
0.10020323097705841
0.10017148405313492
0.10018850117921829
0.10016518831253052
0.10012592375278473
0.10021709650754929
0.10017397999763489
0.10017085820436478
0.10019738972187042
0.1002097800374031
0.1001768410205841
0.10023438185453415
0.1002013087272644
0.10021205991506577
0.10019903630018234
