0.07259879261255264
0.07259879261255264
0.0011343649821355939
0.0011343649821355939
0.009423378854990005
0.009423378854990005
0.004898412618786097
0.004898412618786097
0.00025016171275638044
0.00025016171275638044
0.00023194252571556717
0.00023194252571556717
0.0002119543933076784
0.0002119543933076784
0.00023669525398872793
0.00023669525398872793
0.0002146736514987424
0.0002146736514987424
0.0002216483699157834
0.0002216483699157834
0.00020022362878080457
0.00020022362878080457
0.00021457034745253623
0.00021457034745253623
0.0001929979771375656
0.0001929979771375656
0.00020843530364800245
0.00020843530364800245
0.0001841530465753749
0.0001841530465753749
0.00020582907018251717
0.00020582907018251717
0.0001816460135160014
0.0001816460135160014
0.000197011191630736
0.000197011191630736
0.00017730541003402323
0.00017730541003402323
0.0001877740432973951
0.0001877740432973951
0.00017224512703251094
0.00017224512703251094
0.00018723741231951863
0.00018723741231951863
0.00016665704606566578
0.00016665704606566578
0.00018076891137752682
0.00018076891137752682
0.00016301788855344057
0.00016301788855344057
0.00017608686175663024
0.00017608686175663024
0.00016391649842262268
0.00016391649842262268
0.0001707767805783078
0.0001707767805783078
0.00016232364578172565
0.00016232364578172565
0.00016158554353751242
0.00016158554353751242
0.0001582858239999041
0.0001582858239999041
0.00015599843754898757
0.00015599843754898757
0.00015155153232626617
0.00015155153232626617
0.00014688468945678324
0.00014688468945678324
0.0001475580793339759
0.0001475580793339759
0.0001395366998622194
0.0001395366998622194
0.00013243782450444996
0.00013243782450444996
0.0001257228577742353
0.0001257228577742353
0.00011608505883486941
0.00011608505883486941
0.00011328070104354993
0.00011328070104354993
0.00010623537673382089
0.00010623537673382089
9.65509534580633e-05
9.65509534580633e-05
9.150812547886744e-05
9.150812547886744e-05
8.312697900692001e-05
8.312697900692001e-05
7.776921120239422e-05
7.776921120239422e-05
7.408863893942907e-05
7.408863893942907e-05
6.367771857185289e-05
6.367771857185289e-05
5.634138506138697e-05
5.634138506138697e-05
5.1267965318402275e-05
5.1267965318402275e-05
4.53065695182886e-05
4.53065695182886e-05
4.0150473068933934e-05
4.0150473068933934e-05
3.577035749913193e-05
3.577035749913193e-05
3.104388451902196e-05
3.104388451902196e-05
2.6851295842789114e-05
2.6851295842789114e-05
2.366225453442894e-05
2.366225453442894e-05
1.991827411984559e-05
1.991827411984559e-05
1.8395458027953282e-05
1.8395458027953282e-05
1.46965003295918e-05
1.46965003295918e-05
1.2506036910053808e-05
1.2506036910053808e-05
1.2002235962427221e-05
1.2002235962427221e-05
9.449034223507624e-06
9.449034223507624e-06
8.62989963934524e-06
8.62989963934524e-06
7.411936167045496e-06
7.411936167045496e-06
7.897550858615432e-06
7.897550858615432e-06
6.468792435043724e-06
6.468792435043724e-06
5.7401721278438345e-06
5.7401721278438345e-06
5.506308298208751e-06
5.506308298208751e-06
5.1857600738003384e-06
5.1857600738003384e-06
4.890016498393379e-06
4.890016498393379e-06
4.7959460971469525e-06
4.7959460971469525e-06
4.345308298070449e-06
4.345308298070449e-06
4.631334377336316e-06
4.631334377336316e-06
4.605932190315798e-06
4.605932190315798e-06
4.162007826380432e-06
4.162007826380432e-06
3.5545308492146432e-06
3.5545308492146432e-06
3.790051778196357e-06
3.790051778196357e-06
3.4893694191850955e-06
3.4893694191850955e-06
3.5817722618958214e-06
3.5817722618958214e-06
3.5624386782728834e-06
3.5624386782728834e-06
3.2947368708846625e-06
3.2947368708846625e-06
2.832781319739297e-06
2.832781319739297e-06
2.9058037398499437e-06
2.9058037398499437e-06
2.6804850676853675e-06
2.6804850676853675e-06
2.8336355626379373e-06
2.8336355626379373e-06
3.232959215893061e-06
3.232959215893061e-06
3.4986710488738026e-06
3.4986710488738026e-06
5.786704605270643e-06
5.786704605270643e-06
2.713118647079682e-06
2.713118647079682e-06
3.4635579595487798e-06
3.4635579595487798e-06
2.580064347057487e-06
2.580064347057487e-06
2.4672883682796964e-06
2.4672883682796964e-06
2.3898505787656177e-06
2.3898505787656177e-06
2.45950559474295e-06
2.45950559474295e-06
2.3221323317557108e-06
2.3221323317557108e-06
2.1300393200363033e-06
2.1300393200363033e-06
2.2596095732296817e-06
2.2596095732296817e-06
2.0007578314107377e-06
2.0007578314107377e-06
2.1634218683175277e-06
2.1634218683175277e-06
2.2352676296577556e-06
2.2352676296577556e-06
2.420153123239288e-06
2.420153123239288e-06
2.44081229539006e-06
2.44081229539006e-06
2.0287202460167464e-06
2.0287202460167464e-06
1.7892297137223068e-06
1.7892297137223068e-06
1.933530711539788e-06
1.933530711539788e-06
1.8565833670436405e-06
1.8565833670436405e-06
1.8553381551100756e-06
1.8553381551100756e-06
1.548891418678977e-06
1.548891418678977e-06
1.6305876897604321e-06
1.6305876897604321e-06
1.4012556448506075e-06
1.4012556448506075e-06
2.22375592784374e-06
2.22375592784374e-06
2.381894319114508e-06
2.381894319114508e-06
1.4413179769690032e-06
1.4413179769690032e-06
1.8095724954036996e-06
1.8095724954036996e-06
1.3879032394470414e-06
1.3879032394470414e-06
1.993481191675528e-06
1.993481191675528e-06
1.8151829408452613e-06
1.8151829408452613e-06
2.7007306471205084e-06
2.7007306471205084e-06
2.436094746371964e-06
2.436094746371964e-06
1.6724477518437197e-06
1.6724477518437197e-06
1.127189079852542e-06
1.127189079852542e-06
1.379592845296429e-06
1.379592845296429e-06
1.2718269317701925e-06
1.2718269317701925e-06
1.3854133840141003e-06
1.3854133840141003e-06
1.2465461622923613e-06
1.2465461622923613e-06
1.3708609003515448e-06
1.3708609003515448e-06
1.1126829804197769e-06
1.1126829804197769e-06
9.062300136974955e-07
9.062300136974955e-07
1.219573505295557e-06
1.219573505295557e-06
1.3710986195292207e-06
1.3710986195292207e-06
9.062695767170226e-07
9.062695767170226e-07
9.469032988818071e-07
9.469032988818071e-07
1.1653849014692241e-06
1.1653849014692241e-06
9.056444127963914e-07
9.056444127963914e-07
1.0246548072245787e-06
1.0246548072245787e-06
7.070394758557086e-07
7.070394758557086e-07
1.1711563274729997e-06
1.1711563274729997e-06
9.506524634161906e-07
9.506524634161906e-07
1.1103203405582462e-06
1.1103203405582462e-06
6.781386332477268e-07
6.781386332477268e-07
9.280144013246172e-07
9.280144013246172e-07
8.476844755023194e-07
8.476844755023194e-07
8.494295116179273e-07
8.494295116179273e-07
7.02169757005322e-07
7.02169757005322e-07
6.395500236067164e-07
6.395500236067164e-07
9.416312991561426e-07
9.416312991561426e-07
1.3763847164227627e-06
1.3763847164227627e-06
8.226821819334873e-07
8.226821819334873e-07
6.715209792673704e-07
6.715209792673704e-07
1.3271871921460843e-06
1.3271871921460843e-06
7.322859119085479e-07
7.322859119085479e-07
1.029090071824612e-06
1.029090071824612e-06
8.601605259173084e-07
8.601605259173084e-07
7.57098689518898e-07
7.57098689518898e-07
7.517218136854353e-07
7.517218136854353e-07
8.627159786556149e-07
8.627159786556149e-07
6.242021299840417e-07
6.242021299840417e-07
8.725018005861784e-07
8.725018005861784e-07
1.0542943300606566e-06
1.0542943300606566e-06
5.117408932164835e-07
5.117408932164835e-07
6.469615527748829e-07
6.469615527748829e-07
6.421047942239966e-07
6.421047942239966e-07
1.2851156725446344e-06
1.2851156725446344e-06
4.855084512200847e-07
4.855084512200847e-07
5.432128773463774e-07
5.432128773463774e-07
3.653289013527683e-07
3.653289013527683e-07
8.921493872549036e-07
8.921493872549036e-07
5.874744601896964e-07
5.874744601896964e-07
4.52022874242175e-07
4.52022874242175e-07
7.799787908879807e-07
7.799787908879807e-07
5.543826091525261e-07
5.543826091525261e-07
3.54567362137459e-07
3.54567362137459e-07
6.101163307903334e-07
6.101163307903334e-07
3.3939346621991717e-07
3.3939346621991717e-07
7.831234256627795e-07
7.831234256627795e-07
3.969619513100042e-07
3.969619513100042e-07
4.5793964886797767e-07
4.5793964886797767e-07
5.905568514208426e-07
5.905568514208426e-07
8.999388683150755e-07
8.999388683150755e-07
9.535978051644634e-07
9.535978051644634e-07
4.993192419533443e-07
4.993192419533443e-07
3.366940859450551e-07
3.366940859450551e-07
5.996516847517341e-07
5.996516847517341e-07
4.440969405550277e-07
4.440969405550277e-07
7.565882924609468e-07
7.565882924609468e-07
8.553345764994447e-07
8.553345764994447e-07
4.6333792624864145e-07
4.6333792624864145e-07
3.6097762290410174e-07
3.6097762290410174e-07
4.7262463453989767e-07
4.7262463453989767e-07
7.217723236863094e-07
7.217723236863094e-07
8.471418482258741e-07
8.471418482258741e-07
3.293341137577954e-07
3.293341137577954e-07
6.331813438009704e-07
6.331813438009704e-07
3.8902942378626904e-07
3.8902942378626904e-07
4.610235748714331e-07
4.610235748714331e-07
4.75197907690017e-07
4.75197907690017e-07
4.412053158375784e-07
4.412053158375784e-07
4.5963267325532797e-07
4.5963267325532797e-07
5.228106374488561e-07
5.228106374488561e-07
3.7166950050959713e-07
3.7166950050959713e-07
3.8597673324147763e-07
3.8597673324147763e-07
3.034713245142484e-07
3.034713245142484e-07
1.3612947213914595e-06
1.3612947213914595e-06
2.801152163556253e-07
2.801152163556253e-07
8.865872018759546e-07
8.865872018759546e-07
4.436356277892628e-07
4.436356277892628e-07
4.550917935830512e-07
4.550917935830512e-07
9.561110800859751e-07
9.561110800859751e-07
3.3130422139038274e-07
3.3130422139038274e-07
6.122202194092097e-07
6.122202194092097e-07
1.2335771089055925e-06
1.2335771089055925e-06
3.579274050480308e-07
3.579274050480308e-07
4.924825702801172e-07
4.924825702801172e-07
2.8515438543763594e-07
2.8515438543763594e-07
3.8308567695821694e-07
3.8308567695821694e-07
1.3630107105200295e-06
1.3630107105200295e-06
3.7718999124081165e-07
3.7718999124081165e-07
2.3517927161265106e-07
2.3517927161265106e-07
3.714917795605288e-07
3.714917795605288e-07
2.7340058750269236e-07
2.7340058750269236e-07
3.246702817705227e-07
3.246702817705227e-07
4.2156051449637744e-07
4.2156051449637744e-07
6.064553303986031e-07
6.064553303986031e-07
7.650169777662086e-07
7.650169777662086e-07
4.963385435985401e-07
4.963385435985401e-07
8.14315399111365e-07
8.14315399111365e-07
3.4254136949130043e-07
3.4254136949130043e-07
2.6328939384256955e-07
2.6328939384256955e-07
6.140767254692037e-07
6.140767254692037e-07
4.957578312314581e-07
4.957578312314581e-07
5.616675480268896e-07
5.616675480268896e-07
1.0476120451130555e-06
1.0476120451130555e-06
3.1647491027797514e-07
3.1647491027797514e-07
6.109126502451545e-07
6.109126502451545e-07
4.354502323167253e-07
4.354502323167253e-07
3.2717343856347725e-07
3.2717343856347725e-07
8.06360105798376e-07
8.06360105798376e-07
2.0882620788142958e-07
2.0882620788142958e-07
3.2411776373919565e-07
3.2411776373919565e-07
4.115462388654123e-07
4.115462388654123e-07
3.882994974446774e-07
3.882994974446774e-07
3.1167874681159446e-07
3.1167874681159446e-07
3.5679636312124785e-07
3.5679636312124785e-07
4.823003223464184e-07
4.823003223464184e-07
3.957548244670761e-07
3.957548244670761e-07
3.108294208686857e-07
3.108294208686857e-07
2.995398062921595e-07
2.995398062921595e-07
2.461601411596348e-07
2.461601411596348e-07
6.985015943428152e-07
6.985015943428152e-07
6.635443696723087e-07
6.635443696723087e-07
4.7097779543037177e-07
4.7097779543037177e-07
2.1204236588800995e-07
2.1204236588800995e-07
2.2375003538854799e-07
2.2375003538854799e-07
2.1091622670610377e-07
2.1091622670610377e-07
2.1643754166689178e-07
2.1643754166689178e-07
2.1224371948846965e-07
2.1224371948846965e-07
2.1488095569566212e-07
2.1488095569566212e-07
2.1903385061250447e-07
2.1903385061250447e-07
2.197963908656675e-07
2.197963908656675e-07
2.1892249435495614e-07
2.1892249435495614e-07
2.0339955142389954e-07
2.0339955142389954e-07
2.2051590065075288e-07
2.2051590065075288e-07
2.2288884338195203e-07
2.2288884338195203e-07
2.2074291905482823e-07
2.2074291905482823e-07
2.1520048676393344e-07
2.1520048676393344e-07
2.366382574336967e-07
2.366382574336967e-07
2.1291012330948433e-07
2.1291012330948433e-07
2.2052496717606118e-07
2.2052496717606118e-07
2.1743709055499494e-07
2.1743709055499494e-07
2.1121611837315868e-07
2.1121611837315868e-07
2.1434287589272571e-07
2.1434287589272571e-07
2.1935028371444787e-07
2.1935028371444787e-07
2.0948570522705268e-07
2.0948570522705268e-07
2.1128748528553842e-07
2.1128748528553842e-07
2.369989999806421e-07
2.369989999806421e-07
2.1500575542177103e-07
2.1500575542177103e-07
