0.30174073576927185
0.06865552067756653
0.7597185969352722
0.7533062100410461
0.07146084308624268
0.059048011898994446
0.06774245202541351
0.07018294930458069
0.07028721272945404
0.0665120929479599
0.06911647319793701
0.06360837817192078
0.0661391168832779
0.06425675749778748
0.06350408494472504
0.06390334665775299
0.0642135888338089
0.059806764125823975
0.06355616450309753
0.05894775688648224
0.06266891956329346
0.05839644372463226
0.060325220227241516
0.05708050727844238
0.05926688015460968
0.05634351074695587
0.05944530665874481
0.05462130904197693
0.05915716290473938
0.05397269129753113
0.057978078722953796
0.05214118957519531
0.05531710386276245
0.05005927383899689
0.05453239381313324
0.050076231360435486
0.0493188202381134
0.04608049988746643
0.04304125905036926
0.04244467616081238
0.040350571274757385
0.03558313846588135
0.033566802740097046
0.028822198510169983
0.028004437685012817
0.024340778589248657
0.023043885827064514
0.021477296948432922
0.02196846902370453
0.02078653872013092
0.020068377256393433
0.021061420440673828
0.020603328943252563
0.01821589469909668
0.0189792662858963
0.018011435866355896
0.01838602125644684
0.016704291105270386
0.015709176659584045
0.014901340007781982
0.01390501856803894
0.014132320880889893
0.011118501424789429
0.013003721833229065
0.010970279574394226
0.010045468807220459
0.009545862674713135
0.009060084819793701
0.008006066083908081
0.008064627647399902
0.008241653442382812
0.007637098431587219
0.007710352540016174
0.0065778642892837524
0.007160663604736328
0.006286144256591797
0.00645563006401062
0.005748778581619263
0.005448848009109497
0.006811216473579407
0.0061594098806381226
0.005316570401191711
0.0051697492599487305
0.005270838737487793
0.004830107092857361
0.005941823124885559
0.007173746824264526
0.005162626504898071
0.006082490086555481
0.005187779664993286
0.006100565195083618
0.004879683256149292
0.006154552102088928
0.005231112241744995
0.004537642002105713
0.004468932747840881
0.005110621452331543
0.004471808671951294
0.004596352577209473
0.0054677873849868774
0.00456710159778595
0.0040677934885025024
0.004038721323013306
0.004920393228530884
0.005102202296257019
0.00507768988609314
0.004321888089179993
0.004372581839561462
0.0035333484411239624
0.0035963356494903564
0.00477755069732666
0.0037903636693954468
0.003937423229217529
0.003860071301460266
0.005319505929946899
0.005086347460746765
0.003389984369277954
0.004783555865287781
0.004421129822731018
0.003628969192504883
0.003660917282104492
0.00432133674621582
0.0034898966550827026
0.0039553046226501465
0.003535926342010498
0.0043402910232543945
0.003471463918685913
0.003613710403442383
0.003470897674560547
0.0036379843950271606
0.0032985955476760864
0.0032980144023895264
0.003305986523628235
0.00408366322517395
0.0027671456336975098
0.004075735807418823
0.0030859410762786865
0.004008203744888306
0.0027913302183151245
0.00402483344078064
0.002678394317626953
0.0029840469360351562
0.0026852935552597046
0.0035527050495147705
0.0029711872339248657
0.003031313419342041
0.0028868019580841064
0.003487110137939453
0.003635495901107788
0.003582984209060669
0.0033169686794281006
0.004298403859138489
0.0029938817024230957
0.0035039931535720825
0.0030434131622314453
0.0038408637046813965
0.00211334228515625
0.004802316427230835
0.0026592016220092773
0.0040086060762405396
0.0022716671228408813
0.0047515928745269775
0.0016892999410629272
0.004063338041305542
0.001980230212211609
0.0033653080463409424
0.0018919259309768677
0.0035184770822525024
0.003193974494934082
0.003779366612434387
0.002276301383972168
0.004431694746017456
0.002241164445877075
0.00451330840587616
0.0017181336879730225
0.0036744028329849243
0.002649828791618347
0.004372447729110718
0.0020695924758911133
0.003255307674407959
0.002389252185821533
0.003646939992904663
0.003036290407180786
0.0030279457569122314
0.002484336495399475
0.00405295193195343
0.0024877339601516724
0.003447607159614563
0.0020896941423416138
0.0047855377197265625
0.0019429326057434082
0.004510283470153809
0.0017474442720413208
0.004133358597755432
0.0025192201137542725
0.004070639610290527
0.002172812819480896
0.004511937499046326
0.0019480586051940918
0.00390036404132843
0.0018969923257827759
0.0049774497747421265
0.0024328231811523438
0.0035157054662704468
0.0028366893529891968
0.004013746976852417
0.0032325685024261475
0.0036568939685821533
0.0026024580001831055
0.0033908039331436157
0.0026247352361679077
0.004050001502037048
0.0026606321334838867
0.003789842128753662
0.002510473132133484
0.0037849992513656616
0.002089068293571472
0.0036193877458572388
0.002544596791267395
0.003811672329902649
0.0018418431282043457
0.0044151246547698975
0.0021922439336776733
0.004320099949836731
0.0018097013235092163
0.003444492816925049
0.00255410373210907
0.003248751163482666
0.00300714373588562
0.004463627934455872
0.0030328035354614258
0.003735750913619995
0.003232523798942566
0.0042824894189834595
0.002487272024154663
0.0033079534769058228
0.002516418695449829
0.003728926181793213
0.001811206340789795
0.003623276948928833
0.002150505781173706
0.0039140284061431885
0.0018353909254074097
0.004256382584571838
0.0020537376403808594
0.003284662961959839
0.0022677630186080933
0.0045375823974609375
0.0018320828676223755
0.004022926092147827
0.0024894624948501587
0.0025027841329574585
0.0024895966053009033
0.0025075525045394897
0.0025022029876708984
0.0025089532136917114
0.002497270703315735
0.0025033801794052124
0.002566918730735779
0.002529442310333252
0.0025046467781066895
0.002473205327987671
0.00253334641456604
0.0024944543838500977
0.0024621039628982544
0.00249616801738739
0.0024791359901428223
0.0025107115507125854
0.0025182217359542847
0.00254116952419281
0.0024625658988952637
0.0024986863136291504
0.002502754330635071
0.0025451481342315674
0.002491384744644165
