0.0844012126326561
0.04919830337166786
0.005032653454691172
0.002382395090535283
0.0024605141952633858
0.0018414383521303535
0.0019216469954699278
0.0016838191077113152
0.0017545303562656045
0.0016516183968633413
0.0017446702113375068
0.0016179749509319663
0.0017466354183852673
0.0015975702553987503
0.0017079808749258518
0.0015779309906065464
0.0017115352675318718
0.0015649233246222138
0.0016972708981484175
0.0015496817650273442
0.001668864511884749
0.0015375062357634306
0.0016673181671649218
0.0015303539112210274
0.0016553231980651617
0.001525074359960854
0.0016445594374090433
0.001516372081823647
0.0016242245910689235
0.0015116655267775059
0.0015897287521511316
0.0015043242601677775
0.0015685202088207006
0.0014900410315021873
0.0015394684160128236
0.001474308781325817
0.001486054970882833
0.0014337474713101983
0.0014294489519670606
0.0013908561086282134
0.0013647457817569375
0.0013261890271678567
0.001292573637329042
0.0012544378405436873
0.0012194863520562649
0.001170495292171836
0.0011491375043988228
0.0010767943458631635
0.0010310608195140958
0.0009752343758009374
0.0009237949852831662
0.0008688050438649952
0.0008115947712212801
0.0007559763616882265
0.0007189253810793161
0.0006593435537070036
0.0006115008727647364
0.0005781096406280994
0.0005219929735176265
0.00048358613275922835
0.00047662746510468423
0.0004234722291585058
0.00039944436866790056
0.00038090802263468504
0.0003836630785372108
0.0003511661780066788
0.00033516931580379605
0.0003273224283475429
0.0003193911106791347
0.0003126226074527949
0.00030915465322323143
0.00029136482044123113
0.0003029050421901047
0.00030039798002690077
0.0002889397437684238
0.000264375819824636
0.00027493314701132476
0.00026447061100043356
0.00026984207215718925
0.0002688317035790533
0.00025398985599167645
0.00023584652808494866
0.0002423913247184828
0.00023220597358886153
0.0002387716231169179
0.0002554888487793505
0.00026377852191217244
0.0003352538915351033
0.0002345223620068282
0.0002618132275529206
0.00022963405353948474
0.00021859978733118623
0.00021854936494491994
0.0002175895351683721
0.00021346819994505495
0.00020679255248978734
0.0002142958401236683
0.00019839983724523336
0.00020877951465081424
0.00021322851534932852
0.0002181446470785886
0.00022242459817789495
0.00020348078396636993
0.0001904127566376701
0.00019671916379593313
0.0001906608958961442
0.00019060472550336272
0.00017552248027641326
0.00018012667715083808
0.00016715780657250434
0.000213704101042822
0.00021637238387484103
0.00016905897064134479
0.0001902200747281313
0.00016705557936802506
0.0001970762968994677
0.00019322529260534793
0.00023580709239467978
0.00022136856568977237
0.00018140871543437243
0.00015006324974820018
0.00016765495820436627
0.00015827220340725034
0.00016830362437758595
0.00015707557031419128
0.0001674031955190003
0.00014964950969442725
0.0001339697919320315
0.00015868453192524612
0.00016814433911349624
0.0001346334902336821
0.0001370150421280414
0.00015326711582019925
0.00013380442396737635
0.00014335286687128246
0.00011931767221540213
0.00015553591947536916
0.00013751750520896167
0.00014892843319103122
0.00011631163215497509
0.00013726840552408248
0.0001317037094850093
0.00013212484191171825
0.0001187095622299239
0.00011340112541802227
0.00013737975677940995
0.00016812351532280445
0.00012929225340485573
0.00011682347394526005
0.00016564894758630544
0.00012103644257877022
0.00014518039824906737
0.00013141034287400544
0.00012481297017075121
0.00012190880079288036
0.00013350344670470804
0.00011232207180000842
0.0001342508476227522
0.00014710097457282245
0.00010158673103433102
0.00011442495451774448
0.00011516024096636102
0.00016198963567148894
0.00010011759150074795
0.00010518536873860285
8.610371878603473e-05
0.00013583540567196906
0.00010989652946591377
9.63748898357153e-05
0.00012631362187676132
0.00010584073606878519
8.526119927410036e-05
0.00011158452252857387
8.337564941029996e-05
0.0001271300861844793
9.077101276488975e-05
9.66465740930289e-05
0.00010705862223403528
0.00013525244139600545
0.0001409994438290596
0.00010050991841126233
8.263566269306466e-05
0.0001105626070057042
9.556484292261302e-05
0.00012436049291864038
0.00013261366984806955
9.771755139809102e-05
8.55718317325227e-05
9.828402835410088e-05
0.0001222761784447357
0.00013242381101008505
8.177846029866487e-05
0.00011351206921972334
8.924620487960055e-05
9.744161798153073e-05
9.84492216957733e-05
9.485275222687051e-05
9.743142436491325e-05
0.00010338705033063889
8.761064964346588e-05
8.857320062816143e-05
7.894917507655919e-05
0.00016611917817499489
7.564268162241206e-05
0.0001353522384306416
9.508106450084597e-05
9.683359530754387e-05
0.00014030761667527258
8.269953104900196e-05
0.0001111616293201223
0.0001592601474840194
8.39887943584472e-05
0.00010009975812863559
7.627200102433562e-05
8.870600868249312e-05
0.00016825996863190085
8.74378893058747e-05
6.969452078919858e-05
8.706124208401889e-05
7.469676347682253e-05
8.159541903296486e-05
9.30004971451126e-05
0.00011149449710501358
0.00012612879800144583
0.00010118706995854154
0.00012994787539355457
8.348251867573708e-05
7.269207708304748e-05
0.00011205122427782044
0.00010063379886560142
0.00010768415813799948
0.00014642476162407547
8.078348764684051e-05
0.00011217048449907452
9.471725934417918e-05
8.120606798911467e-05
0.00012910440273117274
6.56791526125744e-05
8.168835483957082e-05
9.235916513716802e-05
8.892080950317904e-05
8.020398672670126e-05
8.537079702364281e-05
9.94476504274644e-05
8.974187221610919e-05
8.006679854588583e-05
7.853301212890074e-05
7.024382648523897e-05
0.00012005701137240976
0.00011719189205905423
9.823518485063687e-05
6.606106035178527e-05
6.782270065741614e-05
6.593664147658274e-05
6.657949415966868e-05
6.601045606657863e-05
6.650140130659565e-05
6.696108175674453e-05
6.720497185597196e-05
6.692206807201728e-05
6.47686974843964e-05
6.705783744109794e-05
6.753062189090997e-05
6.694894545944408e-05
6.659728387603536e-05
6.945108907530084e-05
6.600587221328169e-05
6.740433309460059e-05
6.672202289337292e-05
6.595336890313774e-05
6.634798046434298e-05
6.72626483719796e-05
6.573872087756172e-05
6.598962499992922e-05
6.928335642442107e-05
6.62420061416924e-05
