0.11794301122426987
0.07247958332300186
0.007185876835137606
0.0032696430571377277
0.003661187831312418
0.0023528607562184334
0.0027746614068746567
0.0021873547229915857
0.00226307800039649
0.0021251619327813387
0.0023612084332853556
0.002099110744893551
0.002433723770081997
0.0020933954510837793
0.0023731535766273737
0.002099129371345043
0.002447163686156273
0.0021072356030344963
0.0024640823248773813
0.002084127627313137
0.002461767289787531
0.0020929290913045406
0.002477427711710334
0.0021342311520129442
0.0025163989048451185
0.0021636055316776037
0.0025360179133713245
0.0020948746241629124
0.0025215481873601675
0.0021061219740659
0.0024851462803781033
0.002118253381922841
0.0024510968942195177
0.0021114819683134556
0.002418487099930644
0.00209167436696589
0.0022596351336687803
0.0020263998303562403
0.002152053639292717
0.002026897855103016
0.001992390491068363
0.0018555897986516356
0.0018654748564586043
0.0017373639857396483
0.0017356306780129671
0.001635102555155754
0.001555258291773498
0.001505570369772613
0.0014879547525197268
0.0013390870299190283
0.0013185041025280952
0.001221083221025765
0.001097441534511745
0.0010315561667084694
0.0010542363161221147
0.0008325240341946483
0.0008137986296787858
0.0006941748433746397
0.0006657377816736698
0.000605945591814816
0.0006544638308696449
0.0005465768044814467
0.00048568882630206645
0.0005052467458881438
0.00047659443225711584
0.0004291981167625636
0.0004498274065554142
0.000446683174232021
0.0004439480835571885
0.0004184212302789092
0.00043517458834685385
0.00037825724575668573
0.00043918503797613084
0.0004042394575662911
0.00042722266516648233
0.0003419904096517712
0.0003902270400431007
0.00036639440804719925
0.00040809097117744386
0.0004065317043568939
0.00034924340434372425
0.000305823894450441
0.0003537836892064661
0.00031126156682148576
0.0003481726162135601
0.00041291111847385764
0.00041942173265852034
0.0004355093406047672
0.00035102906986139715
0.0003900030569639057
0.00032881644438020885
0.00026657464331947267
0.00030893521034158766
0.00025586647097952664
0.0002932134666480124
0.00031115420279093087
0.00030703083029948175
0.0002700108743738383
0.00031069116084836423
0.0002841859241016209
0.0003123556380160153
0.0003242538368795067
0.00031090411357581615
0.000272918667178601
0.0003088217054028064
0.0002453858614899218
0.00026900964439846575
0.0002564147289376706
0.0002544043236412108
0.00021445570746436715
0.0003577417810447514
0.00029027232085354626
0.00023917201906442642
0.00027669593691825867
0.00024302242673002183
0.0002791115257423371
0.0003342504205647856
0.00044001388596370816
0.0003698867803905159
0.0002391412272118032
0.0002224847994511947
0.0002525098097976297
0.0002217980509158224
0.0002585080801509321
0.00022514851298183203
0.00027498003328219056
0.00024819374084472656
0.00017665459017734975
0.00024376432702410966
0.00027224363293498755
0.00019987717678304762
0.00017434573965147138
0.00024277690681628883
0.00017750760889612138
0.00022376913693733513
0.00016270171909127384
0.0002477312518749386
0.00020065011631231755
0.00022754563542548567
0.00015889779024291784
0.00022236286895349622
0.0001964516704902053
0.0002255392464576289
0.0001584086858201772
0.00018199563783127815
0.00020486534049268812
0.00029951793840155005
0.00020830263383686543
0.00019676114607136697
0.0002619595034047961
0.0001880348427221179
0.0002532143844291568
0.00022621991229243577
0.00020845982362516224
0.0001863422803580761
0.000228336633881554
0.00019405018247198313
0.0002458158996887505
0.0002998723939526826
0.00015921529848128557
0.00019648623128887266
0.0001881807402241975
0.0003028374630957842
0.00019595147750806063
0.00019626064749900252
0.00014345228555612266
0.0002378547069383785
0.00021755139459855855
0.0001858069736044854
0.000231428217375651
0.00018842617282643914
0.00014612342056352645
0.0002230076352134347
0.00014554837252944708
0.0002555693790782243
0.00018673237354960293
0.00018266943516209722
0.00014090057811699808
0.0002368366695009172
0.00028404625481925905
0.00018444207671564072
0.00013985318946652114
0.00020502926781773567
0.00017418830248061568
0.00024028577900025994
0.00020541886624414474
0.00019884368521161377
0.00014182068116497248
0.00019149832951370627
0.00022505936794914305
0.00028653943445533514
0.00014908141747582704
0.00022691520280204713
0.00016997091006487608
0.00019547026022337377
0.00015509243530686945
0.00018605672812554985
0.00017902212857734412
0.00021614212892018259
0.00017414026660844684
0.00017737822781782597
0.00015745357086416334
0.0003098019806202501
0.00013729366764891893
0.00024111848324537277
0.0001690422504907474
0.0001868178223958239
0.0002619219885673374
0.00017383841623086482
0.0001740731531754136
0.00026702991453930736
0.00013888459943700582
0.00018928400822915137
0.0001425913505954668
0.00017941382247954607
0.00033460481790825725
0.00016761910228524357
0.0001404233044013381
0.0001719732244964689
0.0001393100683344528
0.00016949145356193185
0.00018018289119936526
0.0002206540375482291
0.00025873599224723876
0.00021892755466978997
0.0002564641763456166
0.00015721807722002268
0.00012502235767897218
0.0001958422508323565
0.00018398759129922837
0.00022645207354798913
0.00025001296307891607
0.00016994781617540866
0.0002195977867813781
0.00019831607642117888
0.00013773443060927093
0.00024308693537022918
0.00013377748837228864
0.00016574889014009386
0.00018141909094993025
0.0001699804561212659
0.00016037060413509607
0.0001734149846015498
0.00019529926066752523
0.00018815576913766563
0.0001617203961359337
0.00016603205585852265
0.00013247135211713612
0.00025564158568158746
0.00022527403780259192
0.00018631547573022544
0.0001329086080659181
0.00013559918443206698
0.00013295587268657982
0.00013212150952313095
0.00013193419727031142
0.00013368715008255094
0.00013176944048609585
0.0001350339298369363
0.0001331202802248299
0.00013194257917348295
0.00013208368909545243
0.000132947854581289
0.00013190640311222523
0.00013338224380277097
0.0001357982837362215
0.00013085389218758792
0.00013411571853794158
0.00013250387564767152
0.00013273734657559544
0.00013325439067557454
0.00013439642498269677
0.0001323489414062351
0.00013274005323182791
0.00013368483632802963
0.00013146782293915749
