5.133942127227783
2.9792895317077637
0.31415998935699463
0.10243858397006989
0.10262198746204376
0.0581548772752285
0.06660841405391693
0.05681569501757622
0.06378427147865295
0.06183532997965813
0.06283332407474518
0.05925125628709793
0.06485208868980408
0.06239324435591698
0.06702305376529694
0.06369761377573013
0.06880322098731995
0.06494978815317154
0.07129761576652527
0.06645739078521729
0.07111308723688126
0.06722626090049744
0.07443102449178696
0.06819555908441544
0.07426033914089203
0.06878451257944107
0.07444266974925995
0.07265299558639526
0.07627637684345245
0.07445971667766571
0.07469557970762253
0.07481133192777634
0.0762137696146965
0.07574624568223953
0.07515038549900055
0.07760747522115707
0.076616071164608
0.07595294713973999
0.07642325758934021
0.07317132502794266
0.07952669262886047
0.07911263406276703
0.0797196701169014
0.0833633616566658
0.08196273446083069
0.0835847333073616
0.08519238233566284
0.08077198266983032
0.0759514644742012
0.07594110071659088
0.07081027328968048
0.06787795573472977
0.06979436427354813
0.06653884798288345
0.0583968460559845
0.06083044037222862
0.05648414418101311
0.05839884653687477
0.05165518820285797
0.048415206372737885
0.04610138386487961
0.042028725147247314
0.04249890521168709
0.0334697924554348
0.039917513728141785
0.03330976143479347
0.030132796615362167
0.028492426499724388
0.02740304358303547
0.024556690827012062
0.024864457547664642
0.02533598802983761
0.02385900728404522
0.024279776960611343
0.021096231415867805
0.02193663828074932
0.01963556371629238
0.019861683249473572
0.01754768379032612
0.017665404826402664
0.020819472149014473
0.018813731148838997
0.015990331768989563
0.01626739837229252
0.01668497920036316
0.01567034050822258
0.01884828880429268
0.023279301822185516
0.014640546403825283
0.01945590227842331
0.013268963433802128
0.01856054738163948
0.013694723136723042
0.018354857340455055
0.016217542812228203
0.014014089480042458
0.012968228198587894
0.015380297787487507
0.012747588567435741
0.012815049849450588
0.016821345314383507
0.013794442638754845
0.012373642064630985
0.011509661562740803
0.013834535144269466
0.015490539371967316
0.015870453789830208
0.01296303141862154
0.013663542456924915
0.011280404403805733
0.011054742150008678
0.015132301487028599
0.011834398843348026
0.012792953290045261
0.011687600053846836
0.016156019642949104
0.010794916190207005
0.012362702749669552
0.014589403755962849
0.01437070220708847
0.01141672395169735
0.009830676950514317
0.013435887172818184
0.009161748923361301
0.012596729211509228
0.009138364344835281
0.010772814974188805
0.010865358635783195
0.008867628872394562
0.008952423930168152
0.010239425115287304
0.010037519969046116
0.010128816589713097
0.010322639718651772
0.010791188105940819
0.008575539104640484
0.008626463823020458
0.008993771858513355
0.011395865119993687
0.008645960129797459
0.008301928639411926
0.0076035428792238235
0.007080322131514549
0.006593938916921616
0.00856704916805029
0.009982333518564701
0.008083401247859001
0.008282853290438652
0.00775987608358264
0.008052036166191101
0.009221784770488739
0.007911373861134052
0.009865975938737392
0.006047913804650307
0.009445702657103539
0.006103158928453922
0.00730547122657299
0.006344189867377281
0.007658103015273809
0.0075000436045229435
0.006594454869627953
0.005451624747365713
0.00910605862736702
0.004931617062538862
0.006228025536984205
0.005298805423080921
0.006467611528933048
0.005973166320472956
0.005069036968052387
0.006831703707575798
0.005427556112408638
0.0036721283104270697
0.005746722221374512
0.003838201053440571
0.0058847456239163876
0.0042193373665213585
0.005738777574151754
0.003998212981969118
0.007528638932853937
0.006542108487337828
0.004117906093597412
0.0038004133384674788
0.004645389970391989
0.004173623397946358
0.0046224710531532764
0.0071607488207519054
0.0048166299238801
0.004979132208973169
0.00621979171410203
0.005329081788659096
0.006427566055208445
0.004095000214874744
0.005278504453599453
0.004118356853723526
0.004812235943973064
0.003950605168938637
0.006295191124081612
0.004831342492252588
0.005995870102196932
0.0040780543349683285
0.004345764871686697
0.0037646382115781307
0.008095708675682545
0.0034558549523353577
0.006401298567652702
0.005360137205570936
0.004975511226803064
0.005854585207998753
0.004364129155874252
0.006112180184572935
0.005444485694169998
0.00325830839574337
0.005441313609480858
0.003448173636570573
0.004518979694694281
0.006459557451307774
0.00458416435867548
0.0033182092010974884
0.004708955530077219
0.00419250363484025
0.004808499477803707
0.00514401588588953
0.005550508853048086
0.006242760457098484
0.005171182099729776
0.005052582826465368
0.005409365985542536
0.0033926235046237707
0.0045682708732783794
0.006618347018957138
0.005130284931510687
0.006511921528726816
0.004103273153305054
0.005387509241700172
0.005677219480276108
0.005966253578662872
0.005939411465078592
0.0032137692905962467
0.0040920935571193695
0.004427483305335045
0.005835141520947218
0.0033527908381074667
0.004316866397857666
0.004756960552185774
0.0046639335341751575
0.004003584384918213
0.00384766748175025
0.00328010693192482
0.00579116540029645
0.004929446615278721
0.006244532763957977
0.0031345237512141466
0.0032294783741235733
0.0032130589243024588
0.0031444753985852003
0.0030769428703933954
0.0031974483281373978
0.0031430653762072325
0.003227879526093602
0.00309452204965055
0.003079111222177744
0.00315899308770895
0.003185831941664219
0.0031382539309561253
0.003255285322666168
0.0035510750021785498
0.003121554385870695
0.0032150065526366234
0.003279585624113679
0.0032195928506553173
0.003162943758070469
0.003327268175780773
0.0032042793463915586
0.0032397315371781588
0.0031540824566036463
0.003109286306425929
