0.5542078018188477
0.3894852101802826
0.1656404435634613
0.17104296386241913
0.1645885556936264
0.17050997912883759
0.15606902539730072
0.16308486461639404
0.1582443118095398
0.1649213582277298
0.1566743403673172
0.16350634396076202
0.15544749796390533
0.16370902955532074
0.1554340124130249
0.16315065324306488
0.15430310368537903
0.1628129929304123
0.15370836853981018
0.16215479373931885
0.1534814089536667
0.16171452403068542
0.15281203389167786
0.1614321917295456
0.1522776037454605
0.16106633841991425
0.1518797129392624
0.16009537875652313
0.1517012119293213
0.15933646261692047
0.15208928287029266
0.15933990478515625
0.15215428173542023
0.1591765135526657
0.15289519727230072
0.16001386940479279
0.1546480506658554
0.16014479100704193
0.15735986828804016
0.16204287111759186
0.16030995547771454
0.16341529786586761
0.16217392683029175
0.1646668165922165
0.16297173500061035
0.16673016548156738
0.16401393711566925
0.1674652099609375
0.16642113029956818
0.16771861910820007
0.16803759336471558
0.16961084306240082
0.16821345686912537
0.17048127949237823
0.17053396999835968
0.17092610895633698
0.16971059143543243
0.1713566780090332
0.170495867729187
0.17249196767807007
0.17009219527244568
0.17300133407115936
0.17259061336517334
0.17356380820274353
0.17183180153369904
0.17307299375534058
0.17274539172649384
0.17424823343753815
0.17303496599197388
0.17368829250335693
0.1722661405801773
0.17314589023590088
0.17197349667549133
0.1729048192501068
0.17213302850723267
0.17394156754016876
0.17347599565982819
0.174458846449852
0.1737290918827057
0.17466890811920166
0.17282390594482422
0.1739417463541031
0.17259469628334045
0.17400653660297394
0.1725168377161026
0.1749921441078186
0.1718776673078537
0.1732202023267746
0.1723712831735611
0.17289939522743225
0.17312084138393402
0.17431391775608063
0.17261706292629242
0.17405128479003906
0.17246034741401672
0.17456850409507751
0.1727260798215866
0.17431391775608063
0.17265547811985016
0.17359918355941772
0.17235815525054932
0.17452941834926605
0.17314015328884125
0.17301370203495026
0.17188362777233124
0.17337365448474884
0.17221030592918396
0.1740652471780777
0.17221488058567047
0.173539936542511
0.17331652343273163
0.172801673412323
0.17265719175338745
0.17290259897708893
0.17238062620162964
0.17439647018909454
0.1712290197610855
0.17474870383739471
0.17130836844444275
0.1728692352771759
0.1723974049091339
0.17248432338237762
0.17219655215740204
0.172265887260437
0.17189861834049225
0.17210052907466888
0.1712113320827484
0.17265494167804718
0.17197805643081665
0.17354081571102142
0.17163698375225067
0.1727653443813324
0.1718052178621292
0.17222042381763458
0.17095910012722015
0.17245818674564362
0.1707536280155182
0.17297928035259247
0.17078225314617157
0.17203520238399506
0.17066554725170135
0.17226505279541016
0.17135553061962128
0.17189191281795502
0.17074118554592133
0.17143414914608002
0.1711307018995285
0.17233677208423615
0.17059221863746643
0.17251384258270264
0.17035621404647827
0.17062193155288696
0.1696215569972992
0.17067840695381165
0.17008431255817413
0.17059333622455597
0.16978612542152405
0.17176441848278046
0.1687627136707306
0.17080199718475342
0.16945040225982666
0.17128415405750275
0.1686869114637375
0.17135687172412872
0.16915374994277954
0.17112068831920624
0.16966240108013153
0.17139261960983276
0.16945040225982666
0.1696678102016449
0.16913776099681854
0.1704683005809784
0.16847409307956696
0.17033815383911133
0.16821159422397614
0.17066499590873718
0.16895349323749542
0.169965460896492
0.1682092249393463
0.17087067663669586
0.168991357088089
0.16981250047683716
0.16864296793937683
0.16919472813606262
0.16913296282291412
0.17001459002494812
0.16811756789684296
0.16951029002666473
0.16860397160053253
0.16997869312763214
0.16736765205860138
0.16985540091991425
0.16751286387443542
0.16980037093162537
0.16771908104419708
0.16909334063529968
0.1677064746618271
0.16937613487243652
0.16725707054138184
0.16943103075027466
0.1677384376525879
0.16943249106407166
0.16681109368801117
0.16886641085147858
0.1678294986486435
0.16842247545719147
0.1673283725976944
0.16802659630775452
0.16755887866020203
0.16855232417583466
0.16787512600421906
0.1684248298406601
0.16717426478862762
0.16834552586078644
0.16725565493106842
0.16967502236366272
0.16731224954128265
0.16875143349170685
0.16733336448669434
0.16834667325019836
0.1671016812324524
0.16889624297618866
0.1665719747543335
0.16929204761981964
0.16661164164543152
0.16895528137683868
0.1673518866300583
0.16813257336616516
0.16735884547233582
0.1676814705133438
0.16625049710273743
0.167494535446167
0.16694900393486023
0.16738727688789368
0.1663861870765686
0.16797621548175812
0.167135089635849
0.1678110659122467
0.16665586829185486
0.1683407872915268
0.16674305498600006
0.16813552379608154
0.16641934216022491
0.16830073297023773
0.16618865728378296
0.16804221272468567
0.16685883700847626
0.16777010262012482
0.16569194197654724
0.16804301738739014
0.16612738370895386
0.1671953797340393
0.16712886095046997
0.1671529859304428
0.16716285049915314
0.1671416312456131
0.16716286540031433
0.16717128455638885
0.16715943813323975
0.16715388000011444
0.16716094315052032
0.16715556383132935
0.1671619862318039
0.16715312004089355
0.16717828810214996
0.16717056930065155
0.16718442738056183
0.1671438366174698
0.1671690195798874
0.16716578602790833
0.1671389639377594
0.16716168820858002
0.16718822717666626
0.16716651618480682
0.16713891923427582
0.1671498715877533
