0.5540136098861694
0.3894403278827667
0.16563785076141357
0.1710454672574997
0.1645909994840622
0.17049549520015717
0.1560555398464203
0.1630721539258957
0.15823140740394592
0.16490860283374786
0.15666259825229645
0.16349278390407562
0.15543419122695923
0.16369493305683136
0.15542152523994446
0.1631360650062561
0.1542898565530777
0.16279906034469604
0.15369540452957153
0.16214056313037872
0.1534677892923355
0.16170121729373932
0.15279905498027802
0.16141647100448608
0.15226362645626068
0.16105175018310547
0.15186570584774017
0.16008001565933228
0.151686429977417
0.15932220220565796
0.15207499265670776
0.15932217240333557
0.15213781595230103
0.15916042029857635
0.1528787463903427
0.15999700129032135
0.1546313762664795
0.16012613475322723
0.15734311938285828
0.16202309727668762
0.16029363870620728
0.16339606046676636
0.162156343460083
0.1646481305360794
0.16295485198497772
0.16671282052993774
0.16399677097797394
0.16744740307331085
0.1664038747549057
0.16770100593566895
0.16801978647708893
0.16959315538406372
0.16819758713245392
0.17046427726745605
0.17051871120929718
0.17090637981891632
0.169694721698761
0.1713406890630722
0.17048022150993347
0.17247675359249115
0.1700771600008011
0.17298494279384613
0.17257337272167206
0.17354723811149597
0.1718158721923828
0.17305754125118256
0.17272935807704926
0.17423216998577118
0.17301926016807556
0.1736731082201004
0.1722494661808014
0.17312875390052795
0.17195597290992737
0.1728871613740921
0.17211571335792542
0.17392487823963165
0.17345881462097168
0.17443999648094177
0.1737128049135208
0.17464977502822876
0.17280514538288116
0.17392393946647644
0.17257748544216156
0.17398780584335327
0.17249755561351776
0.1749735325574875
0.17186126112937927
0.17320288717746735
0.17235015332698822
0.17287921905517578
0.1731012463569641
0.1742941439151764
0.1725989729166031
0.17403142154216766
0.17244072258472443
0.17455212771892548
0.17270533740520477
0.17429418861865997
0.172636479139328
0.17357975244522095
0.17234046757221222
0.17450658977031708
0.17312118411064148
0.1729922741651535
0.17186543345451355
0.17335397005081177
0.17218923568725586
0.17404314875602722
0.17219394445419312
0.17351751029491425
0.17329537868499756
0.1727810800075531
0.17263618111610413
0.17288169264793396
0.17235994338989258
0.17437461018562317
0.1712072789669037
0.17472678422927856
0.17128801345825195
0.17284680902957916
0.17237646877765656
0.17246368527412415
0.17217744886875153
0.1722448617219925
0.1718776822090149
0.17208047211170197
0.1711910367012024
0.17263442277908325
0.17195630073547363
0.17351849377155304
0.17161722481250763
0.1727445423603058
0.17178556323051453
0.17219865322113037
0.17093871533870697
0.1724356859922409
0.1707313358783722
0.17295707762241364
0.1707618683576584
0.17201396822929382
0.17064343392848969
0.1722412109375
0.17133352160453796
0.17187084257602692
0.1707179993391037
0.17141181230545044
0.17110854387283325
0.17231515049934387
0.1705719232559204
0.17249074578285217
0.17033536732196808
0.1706019639968872
0.16960056126117706
0.17065761983394623
0.17006433010101318
0.17056941986083984
0.16976509988307953
0.1717418134212494
0.16874335706233978
0.1707797348499298
0.16942813992500305
0.17126071453094482
0.1686643809080124
0.17133693397045135
0.1691320836544037
0.17109905183315277
0.16963966190814972
0.17137019336223602
0.169428750872612
0.1696474254131317
0.16911643743515015
0.17044682800769806
0.16845375299453735
0.170316681265831
0.16819065809249878
0.1706443727016449
0.16893109679222107
0.1699458658695221
0.16818711161613464
0.1708485186100006
0.16896869242191315
0.16979184746742249
0.16862165927886963
0.16917237639427185
0.16911181807518005
0.16999293863773346
0.1680956333875656
0.1694885939359665
0.1685819774866104
0.16995608806610107
0.16734734177589417
0.16983196139335632
0.16748906672000885
0.16977792978286743
0.16769737005233765
0.16907434165477753
0.16768589615821838
0.16935640573501587
0.16723549365997314
0.16940855979919434
0.16771815717220306
0.16941086947917938
0.16679053008556366
0.1688462644815445
0.1678098738193512
0.1684025675058365
0.16730795800685883
0.16800351440906525
0.16753706336021423
0.1685318499803543
0.16785387694835663
0.16840201616287231
0.16715337336063385
0.16832324862480164
0.16723398864269257
0.16965362429618835
0.16729040443897247
0.16873012483119965
0.16731014847755432
0.16832488775253296
0.16707904636859894
0.1688724309206009
0.16655199229717255
0.16927099227905273
0.1665896624326706
0.1689326912164688
0.16733062267303467
0.16811084747314453
0.16733671724796295
0.16766004264354706
0.16622763872146606
0.16747397184371948
0.16692869365215302
0.16736537218093872
0.16636547446250916
0.16795437037944794
0.16711293160915375
0.1677890121936798
0.16663441061973572
0.1683189421892166
0.16672271490097046
0.16811400651931763
0.16639819741249084
0.16827955842018127
0.16616497933864594
0.1680227816104889
0.16683802008628845
0.16774852573871613
0.16567158699035645
0.1680225282907486
0.1661071628332138
0.16778628528118134
0.16780824959278107
0.16780352592468262
0.1678185909986496
0.16778555512428284
0.16779594123363495
0.16781377792358398
0.1678037792444229
0.16779743134975433
0.16781429946422577
0.16780951619148254
0.1678183227777481
0.16781264543533325
0.16784071922302246
0.16779585182666779
0.16781768202781677
0.1678115725517273
0.167817622423172
0.16782993078231812
0.1677866280078888
0.1677979975938797
0.16782747209072113
0.16782668232917786
0.16777293384075165
0.16777575016021729
