-0.02568429708480835
-0.011084198951721191
-0.0014916062355041504
-0.001495063304901123
-0.0014064908027648926
-0.001473546028137207
-0.0012151002883911133
-0.001338183879852295
-0.001261591911315918
-0.001399993896484375
-0.0012218356132507324
-0.0013652443885803223
-0.001208484172821045
-0.0013580918312072754
-0.0012191534042358398
-0.0013974308967590332
-0.0012142062187194824
-0.0014005303382873535
-0.0012015700340270996
-0.0013987421989440918
-0.0012145042419433594
-0.0013740062713623047
-0.001209855079650879
-0.0014265179634094238
-0.00121992826461792
-0.0013738274574279785
-0.0012349486351013184
-0.0013971924781799316
-0.0012336373329162598
-0.001360177993774414
-0.0012513399124145508
-0.0014209151268005371
-0.0012785792350769043
-0.0013870000839233398
-0.0012916922569274902
-0.0014094710350036621
-0.0013219714164733887
-0.0014107823371887207
-0.0013429522514343262
-0.0014171004295349121
-0.0013769268989562988
-0.0014069080352783203
-0.0013903975486755371
-0.0014048218727111816
-0.0013758540153503418
-0.0014330148696899414
-0.0014052391052246094
-0.0014448165893554688
-0.001447141170501709
-0.0014510154724121094
-0.0015109777450561523
-0.0014954805374145508
-0.00150376558303833
-0.0015555024147033691
-0.0015773177146911621
-0.0015329718589782715
-0.0015462040901184082
-0.0016072988510131836
-0.0016203522682189941
-0.0016320347785949707
-0.0016257762908935547
-0.0017004013061523438
-0.0017514228820800781
-0.0017135143280029297
-0.0016631484031677246
-0.0017461776733398438
-0.001665651798248291
-0.001739203929901123
-0.0017359256744384766
-0.0016916990280151367
-0.0017000436782836914
-0.0017318129539489746
-0.001699984073638916
-0.0016333460807800293
-0.0016959905624389648
-0.00176239013671875
-0.0016596317291259766
-0.001747429370880127
-0.0018137097358703613
-0.0018107295036315918
-0.0017135143280029297
-0.0017943978309631348
-0.0017653703689575195
-0.0017771720886230469
-0.0017494559288024902
-0.0017952322959899902
-0.0016691088676452637
-0.0017415881156921387
-0.0016927123069763184
-0.0016953349113464355
-0.001776278018951416
-0.001732468605041504
-0.0017355084419250488
-0.0017452836036682129
-0.0017363429069519043
-0.001749277114868164
-0.0017260313034057617
-0.001742720603942871
-0.0017507672309875488
-0.0017274022102355957
-0.0017327666282653809
-0.001708686351776123
-0.001689612865447998
-0.0017800331115722656
-0.0016842484474182129
-0.0016949176788330078
-0.0017555952072143555
-0.001743912696838379
-0.0016549229621887207
-0.0017449259757995605
-0.0018448829650878906
-0.0017046928405761719
-0.0017414093017578125
-0.0017828941345214844
-0.0017580986022949219
-0.0017970800399780273
-0.0017604827880859375
-0.001750349998474121
-0.0017290711402893066
-0.001757800579071045
-0.001733243465423584
-0.0017344355583190918
-0.0016933679580688477
-0.0017380118370056152
-0.001714468002319336
-0.0017020106315612793
-0.001717686653137207
-0.0016669631004333496
-0.0017705559730529785
-0.0017760992050170898
-0.0017011761665344238
-0.0017521381378173828
-0.001707315444946289
-0.0017468929290771484
-0.001780688762664795
-0.001750349998474121
-0.001720726490020752
-0.001780390739440918
-0.0016977787017822266
-0.001675248146057129
-0.0017429590225219727
-0.0017116069793701172
-0.0017109513282775879
-0.001704096794128418
-0.0017375946044921875
-0.0017137527465820312
-0.0018027424812316895
-0.0017675161361694336
-0.0017159581184387207
-0.0017479658126831055
-0.0016915202140808105
-0.0016222000122070312
-0.0016540884971618652
-0.0016640424728393555
-0.0017167925834655762
-0.0017578601837158203
-0.001646876335144043
-0.0016875267028808594
-0.0016611814498901367
-0.0016968846321105957
-0.0017410516738891602
-0.0017585158348083496
-0.0016829371452331543
-0.0017171502113342285
-0.0017456412315368652
-0.001736283302307129
-0.0017402172088623047
-0.0017746686935424805
-0.0016974806785583496
-0.0015857815742492676
-0.0017161965370178223
-0.0016588568687438965
-0.0016556382179260254
-0.0017219185829162598
-0.0016582012176513672
-0.001673579216003418
-0.0017151832580566406
-0.001659691333770752
-0.0017051100730895996
-0.0017365217208862305
-0.0017306804656982422
-0.0016661286354064941
-0.0017350316047668457
-0.0016448497772216797
-0.0017114877700805664
-0.0017613768577575684
-0.001735091209411621
-0.0017138123512268066
-0.0016911029815673828
-0.0017562508583068848
-0.0016052722930908203
-0.0017507076263427734
-0.001684725284576416
-0.0017102360725402832
-0.0016621947288513184
-0.001627206802368164
-0.001706540584564209
-0.0016821026802062988
-0.0016924738883972168
-0.001742541790008545
-0.001697838306427002
-0.0017231106758117676
-0.0017032027244567871
-0.0016876459121704102
-0.0016399621963500977
-0.0016764998435974121
-0.001643836498260498
-0.0016800761222839355
-0.0017032027244567871
-0.001692354679107666
-0.0016676783561706543
-0.0016823410987854004
-0.001666247844696045
-0.0016731619834899902
-0.0016453266143798828
-0.0017276406288146973
-0.0016744732856750488
-0.0016758441925048828
-0.001695394515991211
-0.00163346529006958
-0.0016504526138305664
-0.0016963481903076172
-0.0016956925392150879
-0.0017101764678955078
-0.0016342401504516602
-0.0017410516738891602
-0.001700282096862793
-0.0016622543334960938
-0.00164031982421875
-0.0017050504684448242
-0.0016399025917053223
-0.0016728639602661133
-0.0016333460807800293
-0.0016368627548217773
-0.001658022403717041
-0.0016845464706420898
-0.0016922354698181152
-0.0016477108001708984
-0.0016841888427734375
-0.0016621947288513184
-0.0016588568687438965
-0.0016561150550842285
-0.0016376376152038574
-0.0016565322875976562
-0.0017018914222717285
-0.0016230940818786621
-0.0016496777534484863
-0.0016449689865112305
-0.0015863776206970215
-0.001681983470916748
-0.0016731619834899902
-0.0016457438468933105
-0.001674354076385498
-0.0016426444053649902
-0.0016838908195495605
-0.001652538776397705
-0.0016658902168273926
-0.0016730427742004395
-0.0016984939575195312
-0.001673579216003418
-0.001674056053161621
-0.0016952157020568848
-0.0017147064208984375
-0.0017116665840148926
-0.0017412900924682617
-0.001740574836730957
-0.001645207405090332
-0.0017024874687194824
-0.0017102360725402832
-0.0016781091690063477
-0.0016590356826782227
-0.001674652099609375
-0.0016398429870605469
-0.0016608238220214844
-0.0016382932662963867
-0.0016634464263916016
