0.24719764292240143
0.17787300050258636
0.07760341465473175
0.07976586371660233
0.07808385044336319
0.08081420511007309
0.07488653063774109
0.0781194195151329
0.0760839581489563
0.07924956828355789
0.07562728971242905
0.07883765548467636
0.07528738677501678
0.07916269451379776
0.07549562305212021
0.07914433628320694
0.07519800215959549
0.07925146818161011
0.07515626400709152
0.07917889207601547
0.07529734075069427
0.07919632643461227
0.07519745081663132
0.07934584468603134
0.07517905533313751
0.07941990345716476
0.0752272680401802
0.07919126749038696
0.07536531239748001
0.0791013091802597
0.07583042979240417
0.07939212769269943
0.07611238956451416
0.07948026061058044
0.07660885900259018
0.07989206165075302
0.0773925930261612
0.07963243871927261
0.07834464311599731
0.07991938292980194
0.07900261878967285
0.07957982271909714
0.07902064174413681
0.0794624537229538
0.07862502336502075
0.07970978319644928
0.07839971780776978
0.07944658398628235
0.07900246977806091
0.07900968939065933
0.07915066927671432
0.07928905636072159
0.07852179557085037
0.07902992516756058
0.07905527204275131
0.07869746536016464
0.07807942479848862
0.07844650745391846
0.07801179587841034
0.07848595082759857
0.07744359970092773
0.07848699390888214
0.07829773426055908
0.07835075259208679
0.07782437652349472
0.07812220603227615
0.07810843735933304
0.07849380373954773
0.07813025265932083
0.07815957069396973
0.07761397212743759
0.07796398550271988
0.07751551270484924
0.07772959768772125
0.07753251492977142
0.07810132205486298
0.07820664346218109
0.07824204117059708
0.07829179614782333
0.07834682613611221
0.07782884687185287
0.07802917063236237
0.07776127010583878
0.07799950987100601
0.0775943249464035
0.07846339792013168
0.07725153118371964
0.07754381000995636
0.07741925120353699
0.07741774618625641
0.07791701704263687
0.0780005007982254
0.07766162604093552
0.0778651088476181
0.07753454148769379
0.07815922051668167
0.07772811502218246
0.07800322026014328
0.07783335447311401
0.07764359563589096
0.0774383619427681
0.07806121557950974
0.07785950601100922
0.0775245949625969
0.07724549621343613
0.07745412737131119
0.07746773213148117
0.07798437774181366
0.07745034247636795
0.07762788236141205
0.07806987315416336
0.07733611017465591
0.07778038829565048
0.07728368043899536
0.07751908153295517
0.0781080424785614
0.07714737206697464
0.07829871028661728
0.07705549895763397
0.07741750031709671
0.07769375294446945
0.07722671329975128
0.07765184342861176
0.07726030796766281
0.07763952016830444
0.07712876796722412
0.07721684873104095
0.07747331261634827
0.07762544602155685
0.07791751623153687
0.07749753445386887
0.07756190747022629
0.07765962183475494
0.07731564342975616
0.07739461958408356
0.07742597162723541
0.07734925299882889
0.0778103694319725
0.07735926657915115
0.07732922583818436
0.07745823264122009
0.07758375257253647
0.07770193368196487
0.07744622975587845
0.07743967324495316
0.07712037116289139
0.07776037603616714
0.07763485610485077
0.07753287255764008
0.07778669148683548
0.07741314172744751
0.07696656882762909
0.07710877805948257
0.07706287503242493
0.07745054364204407
0.07709051668643951
0.07736357301473618
0.0776197612285614
0.07679778337478638
0.0772349089384079
0.07736009359359741
0.07754248380661011
0.07697577774524689
0.07767952978610992
0.07723082602024078
0.07741706818342209
0.07752443850040436
0.07771585881710052
0.07742094248533249
0.07688380032777786
0.07742195576429367
0.07742171734571457
0.0770031213760376
0.07736092805862427
0.07698172330856323
0.0775684043765068
0.07741817831993103
0.07720789313316345
0.07717153429985046
0.07778284698724747
0.07753750681877136
0.07728422433137894
0.07744859158992767
0.076998770236969
0.07772307842969894
0.07748356461524963
0.0771627202630043
0.07721171528100967
0.07746154069900513
0.0775737464427948
0.07681698352098465
0.07748110592365265
0.07701622694730759
0.07747011631727219
0.07706928253173828
0.07709797471761703
0.07711227238178253
0.0773787572979927
0.07702482491731644
0.07747412472963333
0.07731525599956512
0.07747049629688263
0.07689967006444931
0.07726671546697617
0.07735493034124374
0.07705387473106384
0.07718661427497864
0.07693074643611908
0.07736829668283463
0.07725118845701218
0.07752049714326859
0.07719835638999939
0.07730231434106827
0.0771755799651146
0.07727431505918503
0.0777941346168518
0.07724013924598694
0.07731602340936661
0.07716713100671768
0.07714173197746277
0.07714218646287918
0.0775332823395729
0.07700420171022415
0.07763482630252838
0.07690263539552689
0.07757975161075592
0.07721322774887085
0.07716281712055206
0.07728581875562668
0.07701394706964493
0.07688787579536438
0.0769316554069519
0.07729090750217438
0.07684355974197388
0.07697337120771408
0.07712678611278534
0.07741757482290268
0.07716501504182816
0.07715456932783127
0.07735729962587357
0.07719292491674423
0.07739351689815521
0.07714415341615677
0.07738826423883438
0.07711923867464066
0.07738911360502243
0.07737182080745697
0.07724176347255707
0.07675212621688843
0.07747936248779297
0.07713102549314499
0.07716202735900879
0.07720141112804413
0.07718773186206818
0.07718326896429062
0.07715346664190292
0.07717378437519073
0.0771687775850296
0.07718837261199951
0.07715918123722076
0.077179454267025
0.07720836251974106
0.07719609141349792
0.07721009850502014
0.07721640914678574
0.07717642188072205
0.07717220485210419
0.07718635350465775
0.07719103246927261
0.07718540728092194
0.0771787166595459
0.07716140896081924
0.07718415558338165
0.07717204838991165
0.07716026902198792
0.07717239111661911
