0.10813255608081818
0.05516746640205383
0.012303249910473824
0.014015404507517815
0.013559467159211636
0.015002807602286339
0.013116625137627125
0.014267249964177608
0.013748965226113796
0.01483357697725296
0.01370609737932682
0.014720061793923378
0.013682165183126926
0.015062190592288971
0.013902219943702221
0.015100845135748386
0.013942811638116837
0.015295484103262424
0.014008773490786552
0.01543106883764267
0.014135835692286491
0.015553937293589115
0.01422058418393135
0.015711119398474693
0.014367938973009586
0.015822099521756172
0.014568563550710678
0.015896152704954147
0.014647668227553368
0.016049876809120178
0.015044796280562878
0.016228709369897842
0.015171991661190987
0.016345877200365067
0.015432283282279968
0.01651778072118759
0.015668069943785667
0.016304312273859978
0.015866246074438095
0.01610134355723858
0.015817813575267792
0.015597297810018063
0.015576113946735859
0.01548304595053196
0.015280748717486858
0.015549762174487114
0.015318834222853184
0.015609698370099068
0.015659185126423836
0.015636907890439034
0.015926344320178032
0.016001181676983833
0.01598167233169079
0.01628672145307064
0.01659354381263256
0.01638467237353325
0.0164356492459774
0.016702909022569656
0.016758562996983528
0.01695631816983223
0.016853461042046547
0.017336664721369743
0.017328141257166862
0.017500942572951317
0.017381398007273674
0.017487531527876854
0.017601311206817627
0.017557354643940926
0.017641188576817513
0.01752564124763012
0.01749568060040474
0.017584124580025673
0.017333367839455605
0.017398102208971977
0.017428254708647728
0.017693325877189636
0.01766304299235344
0.01769677735865116
0.017700646072626114
0.017808442935347557
0.017620714381337166
0.017647599801421165
0.017578795552253723
0.017501799389719963
0.017418457195162773
0.01767871342599392
0.017321376129984856
0.017385628074407578
0.017494328320026398
0.01759498566389084
0.017729226499795914
0.01764855720102787
0.017446184530854225
0.017631303519010544
0.017526239156723022
0.017555980011820793
0.01748037524521351
0.01760512962937355
0.017634812742471695
0.017640916630625725
0.017471864819526672
0.017589766532182693
0.01752728782594204
0.017288735136389732
0.017300182953476906
0.017436467111110687
0.017458239570260048
0.017578793689608574
0.017404919490218163
0.017425281926989555
0.017717180773615837
0.017357204109430313
0.017621848732233047
0.017325663939118385
0.017620015889406204
0.01751645654439926
0.0172885674983263
0.017663955688476562
0.017300553619861603
0.017288006842136383
0.017513928934931755
0.017288636416196823
0.017583291977643967
0.017178887501358986
0.01744609698653221
0.017120137810707092
0.01729288138449192
0.01742502488195896
0.01737576723098755
0.017421655356884003
0.017528722062706947
0.017167501151561737
0.017522500827908516
0.017158260568976402
0.017470799386501312
0.017291370779275894
0.017318706959486008
0.0174309890717268
0.01732718199491501
0.017313852906227112
0.017266998067498207
0.017392143607139587
0.017347129061818123
0.01734243892133236
0.017402462661266327
0.016987107694149017
0.017364995554089546
0.01739092357456684
0.01727544516324997
0.017449606209993362
0.01737784966826439
0.01707405224442482
0.017437472939491272
0.017216339707374573
0.017263779416680336
0.017161112278699875
0.017263192683458328
0.017361748963594437
0.01712477207183838
0.017315158620476723
0.017352094873785973
0.017215201631188393
0.017182664945721626
0.017343826591968536
0.017293203622102737
0.01727142557501793
0.017548922449350357
0.017400827258825302
0.01721370965242386
0.01718824915587902
0.01741386577486992
0.01722712628543377
0.017282985150814056
0.017163041979074478
0.017112743109464645
0.01733589731156826
0.0172865130007267
0.017186898738145828
0.017129743471741676
0.017364514991641045
0.01727941818535328
0.01705659180879593
0.017324363812804222
0.016983885318040848
0.017586827278137207
0.017158081755042076
0.017166107892990112
0.017169097438454628
0.017261454835534096
0.017257533967494965
0.0170710738748312
0.017204977571964264
0.017141418531537056
0.017170999199151993
0.017241237685084343
0.01725338026881218
0.017308184877038002
0.01721126399934292
0.017351966351270676
0.01732126995921135
0.01732748933136463
0.01707398146390915
0.017184196040034294
0.01702364906668663
0.017463378608226776
0.016988616436719894
0.01725570671260357
0.016984300687909126
0.017311882227659225
0.01719946786761284
0.017389776185154915
0.017253849655389786
0.01738915592432022
0.017195474356412888
0.01740809716284275
0.017323503270745277
0.017285741865634918
0.017165657132864
0.01716688647866249
0.017065132036805153
0.017095288261771202
0.017264461144804955
0.01732172630727291
0.01707266829907894
0.017159393057227135
0.017356636002659798
0.0171293243765831
0.017129261046648026
0.017149489372968674
0.017068134620785713
0.017178455367684364
0.017069289460778236
0.017357369884848595
0.01713414117693901
0.017225753515958786
0.017092488706111908
0.01738383248448372
0.01718311756849289
0.01709265448153019
0.017145592719316483
0.01721906289458275
0.017296433448791504
0.017305539920926094
0.017106246203184128
0.017298584803938866
0.0172528475522995
0.017290635034441948
0.017179276794195175
0.017048640176653862
0.01724681816995144
0.017256008461117744
0.017095742747187614
0.01715856045484543
0.017174920067191124
0.01704322174191475
0.017192071303725243
0.01700185053050518
0.01718435063958168
0.01703537069261074
0.01720556989312172
0.01723426766693592
0.017056355252861977
0.01711634173989296
0.017125094309449196
0.017132284119725227
0.017107607796788216
0.017257846891880035
0.017070839181542397
0.017107335850596428
0.017069363966584206
0.01707855984568596
0.017155909910798073
0.017153766006231308
0.017182040959596634
0.017190447077155113
0.017238423228263855
