2.7235488891601562
1.5725617408752441
0.49194762110710144
0.3215014934539795
0.33361515402793884
0.2868810296058655
0.27714651823043823
0.2767476737499237
0.26951611042022705
0.27459901571273804
0.2630766034126282
0.26736879348754883
0.257233589887619
0.26587051153182983
0.2534047067165375
0.2604959011077881
0.24903340637683868
0.25705209374427795
0.24409103393554688
0.25159502029418945
0.24085038900375366
0.24677851796150208
0.23422116041183472
0.24158059060573578
0.23108051717281342
0.23553428053855896
0.22569969296455383
0.22794310748577118
0.22069092094898224
0.22094564139842987
0.2172013223171234
0.21526756882667542
0.20974116027355194
0.20813164114952087
0.2053912878036499
0.20131951570510864
0.20017805695533752
0.19481375813484192
0.19624339044094086
0.19037339091300964
0.1898534893989563
0.18290355801582336
0.18642500042915344
0.178976371884346
0.1817970871925354
0.17549404501914978
0.17526981234550476
0.17242251336574554
0.17526473104953766
0.1681908369064331
0.1705935001373291
0.1644255816936493
0.1651318073272705
0.1607731580734253
0.16320732235908508
0.1557648479938507
0.1577296108007431
0.15036438405513763
0.15234990417957306
0.14682216942310333
0.14752405881881714
0.14341357350349426
0.1437104344367981
0.13858601450920105
0.1374601274728775
0.13294517993927002
0.13386085629463196
0.1294095516204834
0.1298755705356598
0.12717777490615845
0.12640030682086945
0.12185999006032944
0.12167801707983017
0.11729367077350616
0.11921972781419754
0.11637730896472931
0.11694589257240295
0.1149102970957756
0.11300963163375854
0.11114367842674255
0.11013147234916687
0.10892476886510849
0.10815201699733734
0.10747425258159637
0.10576200485229492
0.10290192812681198
0.10273914039134979
0.10130397230386734
0.10534118115901947
0.099069744348526
0.1007290631532669
0.09718948602676392
0.09736379981040955
0.0951443612575531
0.09609176218509674
0.09253156930208206
0.09455600380897522
0.09165902435779572
0.091188445687294
0.09163756668567657
0.08926132321357727
0.08939173817634583
0.08752454817295074
0.08664125204086304
0.0860869362950325
0.08389506489038467
0.08450815081596375
0.08258257806301117
0.08341993391513824
0.08138132095336914
0.081474669277668
0.07890120148658752
0.07905638962984085
0.0777883380651474
0.07758128643035889
0.075914666056633
0.07718981802463531
0.0758666843175888
0.07533027231693268
0.07280188053846359
0.07436998933553696
0.0729016363620758
0.07254608720541
0.07184024155139923
0.07196170091629028
0.07098598778247833
0.07045421749353409
0.06910952180624008
0.06975400447845459
0.06859330832958221
0.06749004125595093
0.06776055693626404
0.06707175076007843
0.06493154168128967
0.0661284476518631
0.06511837244033813
0.0658257007598877
0.06402946263551712
0.06446980684995651
0.06307832896709442
0.062478214502334595
0.06136726960539818
0.06245329976081848
0.06045190244913101
0.0616522878408432
0.06001368537545204
0.06043662875890732
0.05937298387289047
0.058180518448352814
0.058377962559461594
0.05781726539134979
0.05760623887181282
0.056628093123435974
0.05687400698661804
0.057153258472681046
0.05562940612435341
0.056285127997398376
0.05479970574378967
0.056011393666267395
0.05487694591283798
0.05408627539873123
0.054340507835149765
0.05306237190961838
0.05303863808512688
0.05336819589138031
0.05283377692103386
0.05289313569664955
0.051655031740665436
0.05177650228142738
0.05107416585087776
0.05107000470161438
0.05097763612866402
0.0504731610417366
0.05008044093847275
0.05037415400147438
0.049968115985393524
0.05075240135192871
0.049529872834682465
0.04916080832481384
0.04931757599115372
0.049131348729133606
0.04802284017205238
0.0485992468893528
0.04766418784856796
0.04852358251810074
0.04754091054201126
0.048010822385549545
0.04701480269432068
0.04708113521337509
0.047100670635700226
0.04565979540348053
0.046394363045692444
0.04563405364751816
0.04565160349011421
0.045654989778995514
0.04546970874071121
0.045697394758462906
0.045771654695272446
0.044652972370386124
0.04485753923654556
0.044989556074142456
0.04511703923344612
0.04454805701971054
0.04408949613571167
0.04390648007392883
0.04394589364528656
0.04376928508281708
0.043302200734615326
0.043663494288921356
0.043026402592659
0.04381159320473671
0.042743101716041565
0.04322946071624756
0.04282916709780693
0.04247448220849037
0.043004587292671204
0.04209446161985397
0.04209940880537033
0.04168767109513283
0.04172222316265106
0.04151521623134613
0.041532594710588455
0.04118792712688446
0.04188821092247963
0.040790461003780365
0.04108789563179016
0.04096429795026779
0.04083329439163208
0.040611401200294495
0.04036250710487366
0.040461618453264236
0.04013548791408539
0.04052293673157692
0.039952799677848816
0.03987565636634827
0.03977913409471512
0.04037761688232422
0.03979990631341934
0.03963717445731163
0.03954314440488815
0.039398737251758575
0.03902024030685425
0.039531100541353226
0.03915005177259445
0.038584306836128235
0.03931833803653717
0.038889531046152115
0.03892561048269272
0.03840510547161102
0.03873589634895325
0.03849976509809494
0.039511531591415405
0.03972548246383667
0.039845727384090424
0.03933010995388031
0.039922088384628296
0.03978710621595383
0.04062049835920334
0.03965362161397934
0.03945709764957428
0.03966960310935974
0.04004717618227005
0.040072277188301086
0.03998905047774315
0.03946731612086296
0.039894551038742065
0.03951658308506012
0.0395352840423584
0.039461202919483185
0.039679959416389465
0.04000657796859741
0.03971841558814049
0.039651356637477875
0.039467550814151764
0.040340542793273926
0.039708610624074936
