0.11018917709589005
0.055083297193050385
0.011944075115025043
0.014035535976290703
0.013340036384761333
0.015301475301384926
0.013103614561259747
0.014287837781012058
0.013712143525481224
0.014874649234116077
0.013682571239769459
0.014776981435716152
0.013671031221747398
0.015123928897082806
0.0138848340138793
0.015156928449869156
0.013930383138358593
0.01534633431583643
0.013994911685585976
0.015491174533963203
0.014123332686722279
0.015613122843205929
0.014220968820154667
0.015776699408888817
0.01436585746705532
0.015876390039920807
0.014571347273886204
0.015963781625032425
0.014651183970272541
0.016131391748785973
0.015062745660543442
0.016335150226950645
0.01519855484366417
0.016484251245856285
0.015501650981605053
0.016711318865418434
0.01576063223183155
0.01654885709285736
0.0159994475543499
0.016384519636631012
0.01599050499498844
0.015882909297943115
0.015792354941368103
0.015768520534038544
0.015511998906731606
0.015829388052225113
0.015542383305728436
0.015869485214352608
0.015881359577178955
0.015885619446635246
0.016127582639455795
0.01623881235718727
0.01616569049656391
0.016501380130648613
0.01676381565630436
0.01657867431640625
0.01658223569393158
0.016884157434105873
0.016898205503821373
0.017113804817199707
0.016964484006166458
0.01748170144855976
0.017449725419282913
0.017644433304667473
0.01747172884643078
0.017636148259043694
0.017699627205729485
0.017699887976050377
0.017747556790709496
0.017660675570368767
0.017586801201105118
0.017707977443933487
0.01746421307325363
0.017534125596284866
0.017540043219923973
0.017832109704613686
0.01778801530599594
0.017850913107395172
0.017832888290286064
0.01795264147222042
0.017750930041074753
0.017812635749578476
0.017723986878991127
0.01766178570687771
0.017554813995957375
0.017839297652244568
0.017460385337471962
0.01756305620074272
0.017654433846473694
0.017769677564501762
0.017863424494862556
0.01783040724694729
0.017580954357981682
0.01781610958278179
0.01765485852956772
0.017727036029100418
0.017615385353565216
0.017798271030187607
0.01778576523065567
0.017809906974434853
0.017628591507673264
0.01777327060699463
0.017672056332230568
0.01747417077422142
0.01744624599814415
0.017612438648939133
0.017618926241993904
0.01777293160557747
0.017560692504048347
0.017605740576982498
0.017870277166366577
0.017539167776703835
0.017795542255043983
0.0175270214676857
0.017776919528841972
0.017708197236061096
0.017449060454964638
0.017857370898127556
0.017467986792325974
0.01747959665954113
0.01767430640757084
0.01748192310333252
0.017740052193403244
0.01736905612051487
0.017602404579520226
0.017311105504631996
0.0174652598798275
0.017626849934458733
0.017533717676997185
0.017620444297790527
0.017695335671305656
0.017383268103003502
0.017685331404209137
0.017347535118460655
0.01764577068388462
0.017473921179771423
0.017485592514276505
0.017628831788897514
0.017495788633823395
0.017519449815154076
0.01742563024163246
0.0175942350178957
0.017535008490085602
0.017549896612763405
0.01756875216960907
0.017189405858516693
0.01753571629524231
0.0175799410790205
0.0174491535872221
0.017660384997725487
0.017562532797455788
0.017269564792513847
0.017610134556889534
0.017407171428203583
0.01743030734360218
0.017364993691444397
0.017439987510442734
0.0175592303276062
0.017276931554079056
0.017518023028969765
0.01753588393330574
0.017422758042812347
0.017358647659420967
0.01753801293671131
0.017455141991376877
0.017471300438046455
0.017715781927108765
0.017593413591384888
0.017386680468916893
0.017390742897987366
0.01758471131324768
0.01742246001958847
0.017449846491217613
0.017357120290398598
0.017286760732531548
0.017534304410219193
0.017451731488108635
0.017374219372868538
0.017300400882959366
0.017561838030815125
0.01744677871465683
0.017255211248993874
0.017488492652773857
0.017168674618005753
0.01775112748146057
0.017343919724225998
0.01733819767832756
0.017351476475596428
0.01742350310087204
0.01744413562119007
0.017240645363926888
0.01740243472158909
0.0173073410987854
0.017357410863041878
0.01739405281841755
0.017438635230064392
0.01747184991836548
0.017390692606568336
0.017515718936920166
0.017502853646874428
0.01748817041516304
0.01727173663675785
0.01735459268093109
0.017209172248840332
0.01761939376592636
0.017179442569613457
0.01741480641067028
0.017171481624245644
0.017477327957749367
0.017380155622959137
0.017546094954013824
0.017429225146770477
0.01755836047232151
0.017370721325278282
0.01756853610277176
0.017507173120975494
0.017450451850891113
0.017344379797577858
0.017323847860097885
0.017252223566174507
0.017258720472455025
0.01744028553366661
0.017479296773672104
0.01725219376385212
0.017322441563010216
0.01754866912961006
0.017296619713306427
0.017312191426753998
0.017305830493569374
0.01724938116967678
0.017344890162348747
0.01724645495414734
0.017508750781416893
0.01730690710246563
0.01738477498292923
0.017276180908083916
0.01753876730799675
0.01735316589474678
0.017251530662178993
0.017327889800071716
0.017377566546201706
0.01747673936188221
0.017454437911510468
0.01728029176592827
0.01745031401515007
0.017432140186429024
0.01744530163705349
0.01734354719519615
0.017191683873534203
0.017423726618289948
0.017415808513760567
0.004341852851212025
0.002768248086795211
0.00249721622094512
0.002436914714053273
0.0024164982605725527
0.002355096861720085
0.0023475931957364082
0.0023121703416109085
0.0023167261388152838
0.002283531939610839
0.0022578525822609663
0.0022821249440312386
0.0022680063266307116
0.0022530832793563604
0.002256078878417611
0.002287914976477623
0.0022402878385037184
0.00221170368604362
0.0022425006609410048
0.0022500422783195972
0.0022549391724169254
0.0022417972795665264
0.002236106665804982
0.0022478157188743353
0.0022603687830269337
