0.5752650499343872
0.5752862691879272
0.5752888917922974
0.3119426369667053
0.3119446933269501
0.06663618981838226
0.06664794683456421
0.09012259542942047
0.09013833850622177
0.11108484119176865
0.11106717586517334
0.11149956285953522
0.11159853637218475
0.11014129221439362
0.11023999750614166
0.10666974633932114
0.1067211702466011
0.10139452666044235
0.10121795535087585
0.09851247072219849
0.09856832772493362
0.09777446836233139
0.09791415929794312
0.09521424025297165
0.0947408452630043
0.09506314247846603
0.09477218985557556
0.09438415616750717
0.09454315900802612
0.0936366394162178
0.09367214143276215
0.10003183037042618
0.09972052276134491
0.1034969687461853
0.10392385721206665
0.10288294404745102
0.10300806164741516
0.10657475888729095
0.10646617412567139
0.11255586892366409
0.11251457780599594
0.10908784717321396
0.10897859185934067
0.11131417006254196
0.11104729771614075
0.11796073615550995
0.11781904101371765
0.10824178159236908
0.10820387303829193
0.11656197160482407
0.11662962287664413
0.11449971795082092
0.11453945189714432
0.11494646221399307
0.11481084674596786
0.11565865576267242
0.11554162204265594
0.11872316896915436
0.11868340522050858
0.1094156876206398
0.1096075028181076
0.11097176373004913
0.11068855971097946
0.11528176814317703
0.11525453627109528
0.1187908723950386
0.11921468377113342
0.11541759222745895
0.11558613926172256
0.11458484083414078
0.11432109028100967
0.11192316561937332
0.1118014007806778
0.11544312536716461
0.11541608721017838
0.11301278322935104
0.11315381526947021
0.1116425171494484
0.11156295239925385
0.11202561110258102
0.11210820078849792
0.11461810022592545
0.11445225030183792
0.11220848560333252
0.11223442107439041
0.11193790286779404
0.1116156280040741
0.11576995253562927
0.11602817475795746
0.11526737362146378
0.11555611342191696
0.11640027910470963
0.11621041595935822
0.11282885819673538
0.11317962408065796
0.11641155183315277
0.11664711683988571
0.11363165080547333
0.11372222006320953
0.11444742232561111
0.11447718739509583
0.11691349744796753
0.11684932559728622
0.11371840536594391
0.11376570910215378
0.11424881219863892
0.11442798376083374
0.1163000538945198
0.11644524335861206
0.11324791610240936
0.11344610899686813
0.1145627498626709
0.11466403305530548
0.11604011058807373
0.11594986170530319
0.11394863575696945
0.11406330019235611
0.11545023322105408
0.11529195308685303
0.1136942207813263
0.1137111708521843
0.11360111832618713
0.11340118944644928
0.11502993851900101
0.11506978422403336
0.11304234713315964
0.11325987428426743
0.11573480069637299
0.11594285070896149
0.1113266870379448
0.1112542673945427
0.11566189676523209
0.11537062376737595
0.1134573295712471
0.113474540412426
0.11589474976062775
0.11576011031866074
0.1156083345413208
0.11595436185598373
0.11333182454109192
0.11310116946697235
0.11579082906246185
0.11593808978796005
0.11619254946708679
0.11620160937309265
0.1183396428823471
0.11814512312412262
0.10815785080194473
0.10841449350118637
0.11302057653665543
0.11308912187814713
0.11647035926580429
0.11617269366979599
0.11090816557407379
0.11082381755113602
0.11437563598155975
0.11422807723283768
0.11548201739788055
0.11547300964593887
0.11467114090919495
0.11450072377920151
0.1134171113371849
0.11366353929042816
0.11422515660524368
0.11420538276433945
0.11584635823965073
0.11583099514245987
0.11364741623401642
0.11377763003110886
0.1122225821018219
0.11210940778255463
0.11061857640743256
0.11053060740232468
0.11713798344135284
0.11742004007101059
0.11308465898036957
0.1128159835934639
0.11441298574209213
0.11463390290737152
0.11765841394662857
0.11750621348619461
0.11412062495946884
0.11377354711294174
0.11600865423679352
0.11608231067657471
0.11446956545114517
0.1143651157617569
0.10842648148536682
0.10853470116853714
0.11604949831962585
0.11591985821723938
0.11552614718675613
0.11557497084140778
0.11733757704496384
0.11713122576475143
0.11459898948669434
0.11461909115314484
0.11518578231334686
0.11530888825654984
0.11601618677377701
0.11598768085241318
0.11539933830499649
0.11564282327890396
0.11477456241846085
0.11467628180980682
0.11661218106746674
0.11648213118314743
0.11327371746301651
0.11324380338191986
0.11617348343133926
0.11577029526233673
0.11662011593580246
0.1166984811425209
0.117642842233181
0.11746815592050552
0.1143488958477974
0.11442610621452332
0.11573591828346252
0.11586085706949234
0.117604561150074
0.11769513040781021
0.11798654496669769
0.11795970052480698
0.11767030507326126
0.11764553189277649
0.11748076975345612
0.11772742122411728
0.11454564332962036
0.11443088948726654
0.11601170152425766
0.11605117470026016
0.11485828459262848
0.11493490636348724
0.11402837932109833
0.11397813260555267
0.12023866921663284
0.12018681317567825
0.11379168182611465
0.11370489001274109
0.1155870333313942
0.11544526368379593
0.11605288833379745
0.11613686382770538
0.11571136862039566
0.11580576002597809
0.11288813501596451
0.11258205026388168
0.11526931077241898
0.11529162526130676
0.11777675896883011
0.1175905242562294
0.11754082888364792
0.11544210463762283
0.11577463895082474
0.11583828926086426
0.11558222770690918
0.11590247601270676
0.11540490388870239
0.115483857691288
0.11584576219320297
0.11572245508432388
0.1156570166349411
0.1156393513083458
0.11574362218379974
0.1157948449254036
0.11543802917003632
0.11573389917612076
0.11545489728450775
0.11569777131080627
0.11578702926635742
0.11562501639127731
0.11577827483415604
0.11562931537628174
0.11553104966878891
0.11559984087944031
0.1157473772764206
0.1158517599105835
