0.24036669731140137
0.04065685719251633
0.04055841267108917
0.05182701721787453
0.032281842082738876
0.03459123149514198
0.026237040758132935
0.02505754493176937
0.025062954053282738
0.016266504302620888
0.022273005917668343
0.017534174025058746
0.02544274926185608
0.029190171509981155
0.029194170609116554
0.02892116643488407
0.028957391157746315
0.02440841682255268
0.02855892851948738
0.02407127246260643
0.028248965740203857
0.023912038654088974
0.02807983197271824
0.023649336770176888
0.023657187819480896
0.023521054536104202
0.023516204208135605
0.019582349807024002
0.02340356819331646
0.01944022625684738
0.023238319903612137
0.01576825976371765
0.015758249908685684
0.015671245753765106
0.019260818138718605
0.019308891147375107
0.01571349799633026
0.012304934673011303
0.015606771223247051
0.015592248179018497
0.015593753196299076
0.012153408490121365
0.012164438143372536
0.0121461171656847
0.012146538123488426
0.009193189442157745
0.012131505645811558
0.0120374271646142
0.0017793539445847273
0.0061364914290606976
0.0014619332505390048
0.001100105233490467
0.0010953097371384501
0.0005528807523660362
0.0005537042743526399
0.00035009405110031366
0.0003505950444377959
0.0003264311817474663
0.0003218761121388525
0.00021331777679733932
0.00021125341299921274
0.00013281874998938292
0.00012865902681369334
9.354829671792686e-05
9.576445154380053e-05
6.767355080228299e-05
6.759644747944549e-05
5.45187467650976e-05
5.431561658042483e-05
6.597941683139652e-05
6.977148586884141e-05
5.504816726897843e-05
5.451089236885309e-05
5.5143005738500506e-05
5.4827531130285934e-05
5.159309148439206e-05
5.2887069614371285e-05
5.017046714783646e-05
4.981959500582889e-05
4.121098027098924e-05
4.1936171328416094e-05
5.58570354769472e-05
5.727029565605335e-05
5.019809032091871e-05
5.0540416850708425e-05
6.437380216084421e-05
6.523467891383916e-05
5.613120083580725e-05
5.58260508114472e-05
4.53489446954336e-05
4.4701726437779143e-05
4.016450111521408e-05
3.7722849810961634e-05
4.167288716416806e-05
4.0854003600543365e-05
3.527031367411837e-05
3.6587607610272244e-05
3.465390545898117e-05
3.493605981930159e-05
4.212108251522295e-05
4.186283331364393e-05
3.4935816074721515e-05
3.4245418646605685e-05
3.290825407020748e-05
3.304424899397418e-05
4.1164352296618745e-05
4.129722947254777e-05
3.822405415121466e-05
3.663830284494907e-05
3.2581872801529244e-05
3.2026269764173776e-05
3.853466478176415e-05
3.7495585274882615e-05
3.330419713165611e-05
3.3126139896921813e-05
3.566870145732537e-05
3.588834806578234e-05
3.3785763662308455e-05
3.3753116440493613e-05
3.2174513762583956e-05
3.340609328006394e-05
3.223896419513039e-05
3.267450665589422e-05
3.631779691204429e-05
3.57889621227514e-05
6.07687106821686e-05
5.983662776998244e-05
3.884959369315766e-05
3.897241913364269e-05
3.0508837880915962e-05
3.0412667911150493e-05
4.006358722108416e-05
4.084557804162614e-05
3.2317006116500124e-05
3.210849536117166e-05
3.1436684366781265e-05
3.096884029218927e-05
3.752503471332602e-05
3.857738556689583e-05
3.10420073219575e-05
3.121744157397188e-05
2.969162778754253e-05
2.9384791560005397e-05
3.6391676985658705e-05
3.633050437201746e-05
6.724476406816393e-05
6.679796206299216e-05
4.984302358934656e-05
4.951867595082149e-05
2.91488686343655e-05
2.902844425989315e-05
4.0554437873652205e-05
4.0361472201766446e-05
2.8822923923144117e-05
2.893318196584005e-05
2.9954877390991896e-05
3.087708682869561e-05
3.2858632039278746e-05
3.250248119002208e-05
3.172519427607767e-05
3.217389894416556e-05
5.404644616646692e-05
5.404109106166288e-05
3.4263168345205486e-05
3.5381712223170325e-05
3.4051230613840744e-05
3.434911559452303e-05
3.8226135075092316e-05
3.8470163417514414e-05
4.030067066196352e-05
4.038459883304313e-05
3.009953798027709e-05
3.015457150468137e-05
3.748159360839054e-05
3.710310556925833e-05
3.209223359590396e-05
3.137053136015311e-05
3.3676435123197734e-05
3.334424036438577e-05
3.4549400879768655e-05
3.526612636051141e-05
2.874484380299691e-05
2.885746471292805e-05
2.759489871095866e-05
2.7730275178328156e-05
5.9081379731651396e-05
5.817679630126804e-05
3.721798930200748e-05
3.638209091150202e-05
3.1566301913699135e-05
3.084959098487161e-05
3.493891199468635e-05
3.459316576481797e-05
3.1424926419276744e-05
3.109716635663062e-05
2.677797237993218e-05
2.68557523668278e-05
3.10812501993496e-05
3.057825961150229e-05
2.8601625672308728e-05
2.8605660190805793e-05
3.354405635036528e-05
3.3067659387597814e-05
3.3719541534082964e-05
3.461050437181257e-05
4.009909389424138e-05
3.8342070183716714e-05
2.6988302124664187e-05
2.6874900868278928e-05
2.8161657610326074e-05
2.7998943551210687e-05
6.603254587389529e-05
6.648955604759976e-05
2.8284684958634898e-05
2.821789894369431e-05
3.092416955041699e-05
3.014557842107024e-05
2.8673457563854754e-05
2.8547872716444544e-05
4.4304906623438e-05
4.5270571717992425e-05
3.138641477562487e-05
3.1985353416530415e-05
3.1505795050179586e-05
3.1481802579946816e-05
3.06370529870037e-05
2.959667835966684e-05
4.04269048885908e-05
3.9009926695143804e-05
3.057029971387237e-05
3.0335681003634818e-05
3.512136754579842e-05
3.5721033782465383e-05
4.704149250756018e-05
4.841363988816738e-05
3.482348984107375e-05
3.614945671870373e-05
2.6045128834084608e-05
2.6073706976603717e-05
4.53186767117586e-05
4.47549537057057e-05
3.0185361538315192e-05
3.062579708057456e-05
3.891495362040587e-05
4.104304753127508e-05
3.0405193683691323e-05
3.0481778594548814e-05
2.6912079192698002e-05
2.705491533561144e-05
3.2377625757362694e-05
2.6031548259197734e-05
2.6034189431811683e-05
2.5844199626590125e-05
2.6049163352581672e-05
2.5916004233295098e-05
2.592678356450051e-05
2.6105246433871798e-05
2.603951725177467e-05
2.6052590328617953e-05
2.617045356601011e-05
2.614545519463718e-05
2.5898678359226324e-05
2.606827183626592e-05
2.6024845283245668e-05
2.6140543923247606e-05
2.6117393645108677e-05
2.595947626105044e-05
2.6042023819172755e-05
2.5950763301807456e-05
2.605236295494251e-05
2.6038536816486157e-05
2.5988847482949495e-05
2.597165439510718e-05
2.6055660782731138e-05
2.5904009817168117e-05
