0.5736943483352661
0.29239678382873535
0.29182469844818115
0.7759219408035278
0.7759219408035278
0.8124066591262817
0.7759219408035278
0.7759219408035278
0.7759219408035278
0.7416163086891174
0.7416163086891174
0.7133646607398987
0.7133646607398987
0.7416163086891174
0.7416163086891174
0.7416163086891174
0.7416163086891174
0.7133646607398987
0.7416163086891174
0.7133646607398987
0.7416163086891174
0.7133646607398987
0.7416163086891174
0.7133646607398987
0.7133646607398987
0.7133646607398987
0.7133646607398987
0.6925417184829712
0.7133646607398987
0.6925417184829712
0.7133646607398987
0.6672981977462769
0.6672981977462769
0.6672981977462769
0.6925417184829712
0.6925417184829712
0.6672981977462769
0.6376999020576477
0.6672981977462769
0.6672981977462769
0.6672981977462769
0.6376999020576477
0.6376999020576477
0.6376999020576477
0.6376999020576477
0.61183762550354
0.6376999020576477
0.6376999020576477
0.2242158204317093
0.5908935070037842
0.21243134140968323
0.19026634097099304
0.19062700867652893
0.1368030309677124
0.13656023144721985
0.10543343424797058
0.10554391145706177
0.10526815056800842
0.10488864779472351
0.08517751097679138
0.08470574021339417
0.06813585758209229
0.06644457578659058
0.04176276922225952
0.04237326979637146
0.03071865439414978
0.0319196879863739
0.02957218885421753
0.030355393886566162
0.037138134241104126
0.0380558967590332
0.019407927989959717
0.01960587501525879
0.031236708164215088
0.03061535954475403
0.016550540924072266
0.01837046444416046
0.02072286605834961
0.020127072930336
0.02239072322845459
0.02171197533607483
0.025031059980392456
0.02561408281326294
0.017384260892868042
0.018084555864334106
0.019468486309051514
0.01960262656211853
0.016985595226287842
0.01682072877883911
0.014174684882164001
0.013444602489471436
0.01867365837097168
0.017654091119766235
0.012953951954841614
0.013478294014930725
0.016457587480545044
0.017457902431488037
0.016001105308532715
0.015907958149909973
0.013082444667816162
0.013037949800491333
0.015043675899505615
0.01500767469406128
0.013799130916595459
0.014167308807373047
0.012656107544898987
0.012722626328468323
0.016976207494735718
0.016136139631271362
0.0138322114944458
0.014384448528289795
0.01247251033782959
0.012046098709106445
0.015912890434265137
0.01559564471244812
0.012227997183799744
0.012134552001953125
0.015474170446395874
0.014675110578536987
0.013909384608268738
0.014095425605773926
0.012258388102054596
0.012290380895137787
0.014661014080047607
0.014920264482498169
0.019311606884002686
0.019050508737564087
0.016379013657569885
0.01649792492389679
0.011510349810123444
0.011771775782108307
0.017314612865447998
0.017267316579818726
0.011532619595527649
0.011524707078933716
0.011520043015480042
0.011426225304603577
0.015524566173553467
0.015911579132080078
0.011276952922344208
0.011188715696334839
0.01143491268157959
0.011447057127952576
0.014816224575042725
0.014772593975067139
0.020013026893138885
0.019859440624713898
0.022454142570495605
0.022528648376464844
0.011469170451164246
0.011682778596878052
0.016844704747200012
0.01694774627685547
0.013085104525089264
0.013189725577831268
0.011610075831413269
0.01165945827960968
0.01531672477722168
0.014782845973968506
0.01406501978635788
0.013863861560821533
0.02420976758003235
0.02434876561164856
0.011348448693752289
0.011347047984600067
0.01405632495880127
0.01492282748222351
0.015450231730937958
0.015498965978622437
0.01737399399280548
0.017506614327430725
0.012198984622955322
0.012238219380378723
0.015404462814331055
0.015248417854309082
0.014069080352783203
0.013406813144683838
0.012515619397163391
0.012525901198387146
0.015091270208358765
0.015089988708496094
0.011174730956554413
0.01109941303730011
0.013121947646141052
0.01312287151813507
0.019679829478263855
0.019493483006954193
0.01847827434539795
0.0182209312915802
0.015265166759490967
0.01510930061340332
0.012275144457817078
0.012120440602302551
0.012776471674442291
0.012795984745025635
0.012091383337974548
0.012125968933105469
0.013983696699142456
0.013517141342163086
0.011845596134662628
0.011864468455314636
0.016040027141571045
0.01564350724220276
0.011850178241729736
0.011959701776504517
0.016307801008224487
0.015665501356124878
0.011257484555244446
0.011423036456108093
0.011327013373374939
0.011257648468017578
0.018807679414749146
0.01899048686027527
0.013150006532669067
0.012938074767589569
0.01179138571023941
0.01170540601015091
0.012062907218933105
0.012038379907608032
0.02094784379005432
0.021236449480056763
0.012473717331886292
0.012558817863464355
0.012273520231246948
0.012324720621109009
0.013161242008209229
0.012894384562969208
0.020009905099868774
0.01923796534538269
0.01349303126335144
0.013330817222595215
0.014625102281570435
0.015091270208358765
0.019001483917236328
0.019649416208267212
0.013833492994308472
0.013917103409767151
0.011480063199996948
0.011693306267261505
0.021374225616455078
0.02137833833694458
0.014668703079223633
0.015189141035079956
0.01472383737564087
0.015741854906082153
0.012358509004116058
0.012259699404239655
0.011692166328430176
0.011605441570281982
0.011829286813735962
0.01171935349702835
0.01149110496044159
0.011467285454273224
0.011560022830963135
0.011404313147068024
0.011698655784130096
0.011560097336769104
0.011420480906963348
0.011585190892219543
0.011573374271392822
0.011640235781669617
0.011552393436431885
0.011660359799861908
0.01157766580581665
0.01153576374053955
0.011720694601535797
0.011621683835983276
0.01157405972480774
0.011556446552276611
0.0114765465259552
0.011569470167160034
0.011683858931064606
0.01153942197561264
0.011517830193042755
0.011517219245433807
