236.9246826171875
237.05735778808594
236.08412170410156
67.8555908203125
67.51727294921875
0.42690011858940125
0.4332888722419739
0.3727082312107086
0.3723015785217285
0.4897184669971466
0.48967820405960083
0.45373445749282837
0.4518692195415497
0.421878457069397
0.4221021831035614
0.4154888391494751
0.420393705368042
0.39097127318382263
0.39123666286468506
0.4314325749874115
0.4329984784126282
0.4695005416870117
0.46429234743118286
0.4716176390647888
0.47012290358543396
0.5229980945587158
0.5215733051300049
0.5295052528381348
0.5298038125038147
0.47172245383262634
0.47091397643089294
0.4948974847793579
0.49629366397857666
0.43190881609916687
0.43309056758880615
0.35272032022476196
0.3489198386669159
0.2899585962295532
0.28963470458984375
0.33401429653167725
0.3305392563343048
0.27435529232025146
0.275581419467926
0.4235207736492157
0.42262035608291626
0.40353822708129883
0.405938059091568
0.336391806602478
0.33356136083602905
0.3631081283092499
0.36386170983314514
0.43799060583114624
0.43651407957077026
0.38437432050704956
0.38469281792640686
0.6210626363754272
0.6080856919288635
0.7732042670249939
0.7925097346305847
0.4711671769618988
0.4899885058403015
0.5049090385437012
0.5057522654533386
0.4251190423965454
0.42550066113471985
0.4232768416404724
0.4301961064338684
0.3784632384777069
0.37428879737854004
0.2954375743865967
0.2896271347999573
0.20853182673454285
0.21304810047149658
0.27482330799102783
0.2681359648704529
0.19240540266036987
0.19650740921497345
0.23755808174610138
0.24130719900131226
0.20429860055446625
0.20423713326454163
0.17764057219028473
0.1816006898880005
0.18585439026355743
0.18862198293209076
0.18458129465579987
0.1809312403202057
0.20154403150081635
0.20609840750694275
0.19196517765522003
0.19422757625579834
0.18316885828971863
0.17851532995700836
0.16720566153526306
0.16097111999988556
0.17586657404899597
0.17127631604671478
0.15388540923595428
0.15897899866104126
0.1608278453350067
0.16324278712272644
0.16911731660366058
0.1768566220998764
0.1585252285003662
0.15704233944416046
0.15461371839046478
0.15482671558856964
0.16397443413734436
0.16756656765937805
0.15913783013820648
0.15463684499263763
0.15075738728046417
0.14453484117984772
0.16407375037670135
0.15940143167972565
0.14055757224559784
0.14302054047584534
0.15564408898353577
0.1543424278497696
0.14241479337215424
0.14715875685214996
0.1420518010854721
0.14588619768619537
0.15057937800884247
0.14948204159736633
0.1446952074766159
0.14238333702087402
0.19679689407348633
0.19265444576740265
0.159465953707695
0.15879857540130615
0.13933612406253815
0.14072668552398682
0.14370647072792053
0.14641492068767548
0.14473310112953186
0.1447155922651291
0.14246496558189392
0.14121297001838684
0.14043375849723816
0.14130719006061554
0.1401027888059616
0.14078354835510254
0.13531658053398132
0.13396315276622772
0.13626310229301453
0.13582691550254822
0.1745520830154419
0.17385350167751312
0.14754244685173035
0.14468270540237427
0.13210496306419373
0.12931272387504578
0.1479865163564682
0.14564254879951477
0.13159745931625366
0.13424202799797058
0.13422121107578278
0.14158236980438232
0.12726999819278717
0.12717631459236145
0.1406359225511551
0.14304253458976746
0.13887260854244232
0.13725678622722626
0.1402747631072998
0.1442962884902954
0.1300145536661148
0.12605267763137817
0.12836624681949615
0.13103598356246948
0.14948399364948273
0.14836356043815613
0.12614427506923676
0.1255565881729126
0.12813962996006012
0.12544114887714386
0.11962803453207016
0.1196933388710022
0.14338791370391846
0.1412752866744995
0.12338916957378387
0.12185677140951157
0.1263008862733841
0.12692134082317352
0.12383948266506195
0.12097059190273285
0.17381207644939423
0.17807182669639587
0.12739935517311096
0.12365271896123886
0.11722605675458908
0.11416147649288177
0.1421717405319214
0.14028514921665192
0.1311689019203186
0.13432812690734863
0.11242586374282837
0.11313966661691666
0.11866404861211777
0.11582132428884506
0.11432132869958878
0.1157260462641716
0.1117253452539444
0.11268122494220734
0.13080629706382751
0.13443592190742493
0.12040621787309647
0.11704486608505249
0.11679831147193909
0.11364114284515381
0.11966104805469513
0.11926643550395966
0.1880415678024292
0.19021357595920563
0.12197849899530411
0.12144145369529724
0.12509578466415405
0.12409982830286026
0.11599846184253693
0.11636204272508621
0.12512320280075073
0.13089154660701752
0.1266227513551712
0.12430563569068909
0.12315978854894638
0.1264609545469284
0.1132442057132721
0.10991251468658447
0.11254151910543442
0.11139390617609024
0.10826718807220459
0.10744854062795639
0.11527960747480392
0.11708739399909973
0.1451185792684555
0.14957639575004578
0.11480545997619629
0.11597392708063126
0.11268354952335358
0.1096896231174469
0.12415942549705505
0.12249816954135895
0.10481077432632446
0.10609006136655807
0.11640553921461105
0.11881209164857864
0.11752740293741226
0.11929307878017426
0.10845936089754105
0.10947899520397186
0.11891026794910431
0.10786522179841995
0.10998915135860443
0.10967900604009628
0.10920023918151855
0.11031250655651093
0.10686011612415314
0.10802822560071945
0.11053451895713806
0.10771448165178299
0.10929808020591736
0.10708075761795044
0.1098485067486763
0.10890268534421921
0.11017033457756042
0.10973984748125076
0.10976210981607437
0.10791076719760895
0.10869813710451126
0.10851430147886276
0.11150556057691574
0.10751280933618546
0.10937637835741043
0.1087668165564537
0.10867330431938171
0.10678882151842117
