0.29768869280815125
0.2976382374763489
0.2976728081703186
0.11287649720907211
0.11265572160482407
0.024741513654589653
0.024739602580666542
0.017448991537094116
0.017438944429159164
0.013190553523600101
0.013190146535634995
0.01188951637595892
0.011883298866450787
0.009793516248464584
0.009829496033489704
0.008718326687812805
0.008722979575395584
0.008522155694663525
0.008566057309508324
0.008289546705782413
0.008283461444079876
0.00787355750799179
0.007877430878579617
0.008135011419653893
0.008210418745875359
0.008003752678632736
0.008022851310670376
0.007796058896929026
0.007748566567897797
0.008119475096464157
0.008119535632431507
0.006239316891878843
0.006300245877355337
0.005331790540367365
0.005265362095087767
0.005436951760202646
0.005445731803774834
0.004557114560157061
0.004583185072988272
0.00399705721065402
0.004004997201263905
0.004450389649719
0.00446515204384923
0.004016448277980089
0.004064266104251146
0.004094942007213831
0.004089997615665197
0.00452893553301692
0.004526050295680761
0.0037914621643722057
0.0037868686486035585
0.003554575378075242
0.003553694346919656
0.003527916967868805
0.0035227404441684484
0.0034257234074175358
0.0034191515296697617
0.004000043962150812
0.004002345260232687
0.0038082145620137453
0.0037777468096464872
0.0037198325153440237
0.003742110449820757
0.0031574664171785116
0.0031581686343997717
0.0036866532173007727
0.003707648953422904
0.0031649984885007143
0.003163467161357403
0.0030958412680774927
0.0030950778163969517
0.0034157682675868273
0.00342000019736588
0.00313880224712193
0.003136493032798171
0.003237287513911724
0.003217218676581979
0.003426765790209174
0.003419186221435666
0.0033899361733347178
0.003384033450856805
0.0030591050162911415
0.003062112722545862
0.0034234109334647655
0.003425887320190668
0.003551230300217867
0.0035753364209085703
0.0032757066655904055
0.0032857414335012436
0.0031955635640770197
0.0031877649016678333
0.003125301096588373
0.003119895001873374
0.0032070307061076164
0.0031827022321522236
0.0031247849110513926
0.0031106341630220413
0.0031238594092428684
0.003120842855423689
0.003046412020921707
0.0030510826036334038
0.0031231925822794437
0.00311911734752357
0.003113389480859041
0.0030985502526164055
0.0030655963346362114
0.0030657632742077112
0.0031348855700343847
0.0031431892421096563
0.003172609256580472
0.0031657530926167965
0.003047662554308772
0.0030489915516227484
0.003043918404728174
0.0030395605135709047
0.0030885213054716587
0.003084813943132758
0.003047078615054488
0.0030537822749465704
0.0031311099883168936
0.0031173392198979855
0.003135338192805648
0.003161103930324316
0.0030218251049518585
0.003024475183337927
0.003246629610657692
0.003226242493838072
0.0031731324270367622
0.003169639967381954
0.0034885655622929335
0.003509563161060214
0.0030067814514040947
0.0030095246620476246
0.0032447269186377525
0.0032522366382181644
0.00301224528811872
0.0030076014809310436
0.003007035469636321
0.0030044345185160637
0.0032375941518694162
0.0032732735853642225
0.0030027502216398716
0.0030048443004488945
0.0030045181047171354
0.0030021618586033583
0.0031969049014151096
0.003193648997694254
0.004409614019095898
0.00437770364806056
0.003288404317572713
0.0032949463929980993
0.003001774661242962
0.0029956623911857605
0.0036523572634905577
0.0036587812937796116
0.0030524772591888905
0.003058206755667925
0.003011906985193491
0.0030163549818098545
0.0030571268871426582
0.0030590558890253305
0.003159229876473546
0.003134820144623518
0.0032025983091443777
0.0032018169295042753
0.0030515955295413733
0.003060367424041033
0.0031808672938495874
0.0031715186778455973
0.0034316792152822018
0.003435019636526704
0.0036800489760935307
0.0037057187873870134
0.0030528551433235407
0.0030572297982871532
0.0033124100882560015
0.0033180329483002424
0.0030841510742902756
0.0030806604772806168
0.0030763300601392984
0.003073386149480939
0.0031362096779048443
0.0031723245047032833
0.0029955224599689245
0.0029939142987132072
0.0030570602975785732
0.0030576842837035656
0.004411099944263697
0.004371728748083115
0.003024687059223652
0.0030226209200918674
0.0030106790363788605
0.0030051737558096647
0.0030810516327619553
0.0030706569086760283
0.003054792759940028
0.0030572942923754454
0.0030088999774307013
0.0030101982410997152
0.00300930836237967
0.003011146327480674
0.0030453610233962536
0.0030476662795990705
0.0030882616993039846
0.0030866051092743874
0.0030361132230609655
0.003044952405616641
0.003326090984046459
0.0033014591317623854
0.002982597565278411
0.0029837084002792835
0.0029911338351666927
0.002988744992762804
0.003294739406555891
0.0032871614675968885
0.003079466288909316
0.0030648682732135057
0.003022936638444662
0.0030166006181389093
0.003031165339052677
0.0030257077887654305
0.0030936230905354023
0.0030995707493275404
0.0030592838302254677
0.0030658249743282795
0.003050329862162471
0.0030505135655403137
0.003099786816164851
0.003096653614193201
0.00304009229876101
0.0030373164918273687
0.0030619658064097166
0.0030565387569367886
0.0032030409201979637
0.0032063235994428396
0.0033157370053231716
0.003330046311020851
0.0033009361941367388
0.0033304013777524233
0.0029886644333601
0.002999210963025689
0.0030714627355337143
0.0030620181933045387
0.0030132022220641375
0.0030139784794300795
0.003416583640500903
0.0034583271481096745
0.0031084688380360603
0.00310335960239172
0.0029920428059995174
0.0029929648153483868
0.003034637775272131
0.0029981399420648813
0.002989930799230933
0.0029897745698690414
0.002994343638420105
0.0029870972502976656
0.0029996836092323065
0.0029927780851721764
0.002987633692100644
0.0029928497970104218
0.0029947361908853054
0.0029994461219757795
0.002991309156641364
0.0030002009589225054
0.0029939482919871807
0.002991336863487959
0.0030021194834262133
0.0029947482980787754
0.002993516158312559
0.0029941631946712732
0.002989135216921568
0.002993668196722865
0.0029986430890858173
0.002990779234096408
0.002990914275869727
0.002991272369399667
