0.3047739565372467
0.30495935678482056
0.3038804531097412
0.08952958136796951
0.08912649005651474
0.00641039852052927
0.0064084227196872234
0.00541358208283782
0.005410679616034031
0.004916002508252859
0.004916571546345949
0.004629350267350674
0.004629429429769516
0.004183242563158274
0.004189210012555122
0.003937057219445705
0.003940091002732515
0.0037751966156065464
0.0037832155358046293
0.0035978176165372133
0.003596986411139369
0.003396614920347929
0.003397739725187421
0.003296716371551156
0.0033051595091819763
0.0031801238656044006
0.003181141335517168
0.003073433879762888
0.003071335144340992
0.0029657366685569286
0.002962350845336914
0.002717008115723729
0.0027202898636460304
0.0025756871327757835
0.0025721259880810976
0.0024932154919952154
0.002493278356269002
0.002460362622514367
0.00245810323394835
0.0024342378601431847
0.0024365198332816362
0.002402674173936248
0.0024028720799833536
0.0023688264191150665
0.0023730648681521416
0.002414815593510866
0.0024152544792741537
0.0023729545064270496
0.002373197814449668
0.002353370189666748
0.002343512373045087
0.0022595056798309088
0.002252175472676754
0.0021548329386860132
0.0021521428134292364
0.0019907590467482805
0.001985263777896762
0.00195545912720263
0.0019661588594317436
0.0016921022906899452
0.0016888654790818691
0.0015134037239477038
0.0015106574865058064
0.001267242361791432
0.0012539110612124205
0.0012097394792363048
0.0012248940765857697
0.001027710852213204
0.0010277893161401153
0.0008874643826857209
0.0008818880887702107
0.0009158408502116799
0.000927502172999084
0.000913358002435416
0.0009067169157788157
0.0008438791846856475
0.0008319238550029695
0.0008632923127152026
0.0008681484032422304
0.000820461253169924
0.0008246624493040144
0.0007416187436319888
0.0007401835173368454
0.0008411246817559004
0.0008490309119224548
0.000818125088699162
0.0008245538338087499
0.0010195845970883965
0.001028298633173108
0.0009395400993525982
0.0009322625701315701
0.0008336729952134192
0.0008309577824547887
0.000733958266209811
0.0007200980326160789
0.0008065667934715748
0.0007912199944257736
0.000705032842233777
0.0007114874315448105
0.0006938498700037599
0.0006930709350854158
0.0008142653969116509
0.0008086863090284169
0.0006951124523766339
0.0006910748197697103
0.0006797241512686014
0.0006811111234128475
0.0008003287366591394
0.0008037321968004107
0.0007245906163007021
0.0007143779657781124
0.0006819352856837213
0.0006818223046138883
0.0007705459138378501
0.0007606929866597056
0.0006920458981767297
0.0006891473312862217
0.000735115259885788
0.0007426862139254808
0.0006954546552151442
0.0006905249902047217
0.000679774850141257
0.0006891957018524408
0.0006989462417550385
0.0007040181080810726
0.0007171925972215831
0.0007141359383240342
0.00100006815046072
0.0009908595820888877
0.0007470523705706
0.0007498145569115877
0.0006830929196439683
0.0006802345742471516
0.0007556982454843819
0.0007612761692143977
0.0007096474873833358
0.0007035458111204207
0.0006918973522260785
0.0006889759097248316
0.000731990672647953
0.0007414139690808952
0.0006903080502524972
0.000693832931574434
0.0006752183544449508
0.0006722366088069975
0.0007584629929624498
0.0007566923159174621
0.0009655532776378095
0.0009620962664484978
0.0008336649043485522
0.0008331039571203291
0.0006697018397971988
0.0006666635745204985
0.0007606874569319189
0.0007601960096508265
0.0006552877021022141
0.000656294054351747
0.0006804991862736642
0.0006940033053979278
0.0006961493636481464
0.0006925167399458587
0.0006893786485306919
0.000697642972227186
0.0008743014768697321
0.0008742871577851474
0.0007328461506403983
0.0007472429424524307
0.0007034855661913753
0.0007090633735060692
0.0007430268451571465
0.0007439965847879648
0.0007572576287202537
0.0007587246946059167
0.0006871203659102321
0.0006896877894178033
0.00073803192935884
0.0007357013528235257
0.0006911410600878298
0.0006842060247436166
0.0007343137403950095
0.0007304801838472486
0.0007137215579859912
0.0007214930956251919
0.000669154163915664
0.000669442000798881
0.0006482616881839931
0.0006476120324805379
0.000925000524148345
0.0009183055954053998
0.0007452524150721729
0.0007395123247988522
0.0006923148757778108
0.0006874086684547365
0.0007490395219065249
0.0007449228432960808
0.0006973093841224909
0.0006925321649760008
0.0006417930708266795
0.0006419995916076005
0.0006873057573102415
0.0006836692919023335
0.0006657034391537309
0.0006660429062321782
0.0007067842525430024
0.0007020696648396552
0.0007317618001252413
0.0007426211377605796
0.0007668194593861699
0.000752213119994849
0.0006476380513049662
0.0006435094983316958
0.0006657651974819601
0.0006625170935876667
0.00105035409796983
0.0010543330572545528
0.0006571462727151811
0.0006557555170729756
0.0006966061191633344
0.0006873174570500851
0.0006763848941773176
0.0006744793499819934
0.000818714324850589
0.0008247889345511794
0.0007095077889971435
0.0007154420018196106
0.000710556167177856
0.0007107524434104562
0.0006758090457879007
0.0006663809181191027
0.0007764192996546626
0.0007641505799256265
0.0006779898540116847
0.0006758876261301339
0.0007207434973679483
0.0007255508680827916
0.0008567083859816194
0.000866666785441339
0.0007197128143161535
0.0007319964934140444
0.0006342103588394821
0.0006335746729746461
0.0008112500072456896
0.000807300501037389
0.0006755680660717189
0.0006793919019401073
0.0007565621635876596
0.00077526067616418
0.0006860538851469755
0.0006869244971312582
0.0006524810451082885
0.0006530166720040143
0.0007191689219325781
0.0006331814220175147
0.0006333717028610408
0.0006325701833702624
0.0006330893957056105
0.0006333942874334753
0.000632249575573951
0.0006331648910418153
0.000633627234492451
0.0006331054028123617
0.0006337476661428809
0.0006333550554700196
0.0006333584897220135
0.0006331905024126172
0.0006336015649139881
0.0006337816012091935
0.0006337775266729295
0.0006324638961814344
0.0006332170451059937
0.0006329516763798892
0.0006337587838061154
0.0006328345625661314
0.0006332520861178637
0.0006330506294034421
0.0006334246136248112
0.0006325790891423821
