1.266784429550171
1.26717209815979
1.2671635150909424
0.6111016273498535
0.6111335754394531
0.12238910049200058
0.12234357744455338
0.1644136905670166
0.1644204705953598
0.20086456835269928
0.2009762078523636
0.1962510347366333
0.19631916284561157
0.18328621983528137
0.18309424817562103
0.17266978323459625
0.17272666096687317
0.161651611328125
0.1618219017982483
0.1535547524690628
0.15345324575901031
0.14829912781715393
0.14799894392490387
0.14012806117534637
0.14022956788539886
0.13763877749443054
0.13795968890190125
0.13510861992835999
0.1352870911359787
0.13167820870876312
0.13168127834796906
0.13866563141345978
0.13857655227184296
0.1418534368276596
0.14208538830280304
0.1400303989648819
0.13978439569473267
0.14370788633823395
0.14345811307430267
0.15063472092151642
0.15042172372341156
0.14610925316810608
0.1461288183927536
0.14960885047912598
0.1494569331407547
0.15801070630550385
0.1580897569656372
0.14560508728027344
0.14582940936088562
0.15664713084697723
0.15660567581653595
0.15388649702072144
0.15404105186462402
0.15493479371070862
0.15492261946201324
0.15586593747138977
0.1555962860584259
0.15992656350135803
0.15997382998466492
0.14714762568473816
0.14720329642295837
0.14921875298023224
0.1488312929868698
0.1553748995065689
0.15510882437229156
0.16086849570274353
0.1604546457529068
0.15557891130447388
0.15588052570819855
0.15462879836559296
0.154743492603302
0.1511438935995102
0.1506466567516327
0.15600302815437317
0.15598388016223907
0.1528671830892563
0.15291273593902588
0.15126225352287292
0.15122269093990326
0.15140652656555176
0.1515273004770279
0.15546730160713196
0.15551424026489258
0.15203967690467834
0.152041494846344
0.1513460874557495
0.15147875249385834
0.1573740690946579
0.15719325840473175
0.15692606568336487
0.1565864384174347
0.15749675035476685
0.15768633782863617
0.15335164964199066
0.15354378521442413
0.15789131820201874
0.1573754996061325
0.1539219319820404
0.15393854677677155
0.15499162673950195
0.15502715110778809
0.15827928483486176
0.15837687253952026
0.15400446951389313
0.15432097017765045
0.1546730250120163
0.15478748083114624
0.1579769402742386
0.15806423127651215
0.15421241521835327
0.15388725697994232
0.15553037822246552
0.15532128512859344
0.15719056129455566
0.15716016292572021
0.15457256138324738
0.15412002801895142
0.15582431852817535
0.1563650667667389
0.15402697026729584
0.15417306125164032
0.15389703214168549
0.15377718210220337
0.1562192440032959
0.15591809153556824
0.15305866301059723
0.15315848588943481
0.15670908987522125
0.15720686316490173
0.15082919597625732
0.15050356090068817
0.15724965929985046
0.1570284217596054
0.15423156321048737
0.15402132272720337
0.1570233553647995
0.15771447122097015
0.15714718401432037
0.15691719949245453
0.15354667603969574
0.15322603285312653
0.15759044885635376
0.15812371671199799
0.1582150012254715
0.1580876111984253
0.16055381298065186
0.16062331199645996
0.14582239091396332
0.1457846611738205
0.15274176001548767
0.1523555964231491
0.1578419953584671
0.1577284187078476
0.14978428184986115
0.15021571516990662
0.15476533770561218
0.1544261872768402
0.15744136273860931
0.15751756727695465
0.15544305741786957
0.15558569133281708
0.15396228432655334
0.1540236920118332
0.15493756532669067
0.15479546785354614
0.15750187635421753
0.15747122466564178
0.15443572402000427
0.15426106750965118
0.1523730307817459
0.15241548418998718
0.14948315918445587
0.14925462007522583
0.15920570492744446
0.15899892151355743
0.15329457819461823
0.15331098437309265
0.15511469542980194
0.15459127724170685
0.15923887491226196
0.15970993041992188
0.1548357754945755
0.1544870287179947
0.15721620619297028
0.15777349472045898
0.15472455322742462
0.15486793220043182
0.1467190682888031
0.14708831906318665
0.15770897269248962
0.15789178013801575
0.15682537853717804
0.15688946843147278
0.15942056477069855
0.15923181176185608
0.15556544065475464
0.15552866458892822
0.15650434792041779
0.15629234910011292
0.1574225276708603
0.15716171264648438
0.15698987245559692
0.15643887221813202
0.15549050271511078
0.1555887907743454
0.1579543501138687
0.1578977257013321
0.15340647101402283
0.15348072350025177
0.1571568101644516
0.15716011822223663
0.15848298370838165
0.15836703777313232
0.1596807986497879
0.1595766842365265
0.15506471693515778
0.15536972880363464
0.1565849334001541
0.15654703974723816
0.16045744717121124
0.16035519540309906
0.16152681410312653
0.16182702779769897
0.16020354628562927
0.16040074825286865
0.16077207028865814
0.16040730476379395
0.15596531331539154
0.15599629282951355
0.1587582379579544
0.15826959908008575
0.15672089159488678
0.1565701812505722
0.15536409616470337
0.15523554384708405
0.16460806131362915
0.1648634821176529
0.15573039650917053
0.15556930005550385
0.15857358276844025
0.15824976563453674
0.15947633981704712
0.15960979461669922
0.15849928557872772
0.15855515003204346
0.15418684482574463
0.15430057048797607
0.15793366730213165
0.15805327892303467
0.16090521216392517
0.1611943244934082
0.16073602437973022
0.15767118334770203
0.15780633687973022
0.15785877406597137
0.1577404886484146
0.15786363184452057
0.15756437182426453
0.1576894074678421
0.15790049731731415
0.15770475566387177
0.15764886140823364
0.1575806438922882
0.1576756238937378
0.15756434202194214
0.15767014026641846
0.1577666848897934
0.15751631557941437
0.15764249861240387
0.15768888592720032
0.15764619410037994
0.15772409737110138
0.15774479508399963
0.15760459005832672
0.15772032737731934
0.15775863826274872
0.15771999955177307
