1.2661340236663818
1.2668907642364502
1.2668826580047607
0.6110458970069885
0.6110772490501404
0.12238859385251999
0.12234395742416382
0.1644127517938614
0.1644197255373001
0.20086312294006348
0.2009754776954651
0.1962534785270691
0.19632312655448914
0.18329915404319763
0.1831023395061493
0.17267511785030365
0.17273324728012085
0.16165874898433685
0.16182588040828705
0.15356040000915527
0.15345928072929382
0.14829929172992706
0.1480022668838501
0.1401325911283493
0.1402241587638855
0.13763611018657684
0.1379571557044983
0.13510428369045258
0.13528530299663544
0.13167406618595123
0.13168445229530334
0.13866209983825684
0.13856804370880127
0.1418454647064209
0.14208625257015228
0.14003022015094757
0.13977697491645813
0.14370134472846985
0.14346174895763397
0.15062983334064484
0.15041659772396088
0.14611037075519562
0.14612725377082825
0.14960968494415283
0.14945505559444427
0.1580055058002472
0.15808898210525513
0.1456008404493332
0.14582377672195435
0.15664343535900116
0.15659883618354797
0.15388742089271545
0.1540406197309494
0.15493397414684296
0.15491613745689392
0.15586577355861664
0.1556016355752945
0.15992394089698792
0.15996982157230377
0.14714761078357697
0.14719706773757935
0.1492205560207367
0.14883829653263092
0.1553736925125122
0.15511411428451538
0.16087524592876434
0.1604502648115158
0.1555836796760559
0.15588627755641937
0.15463295578956604
0.15474724769592285
0.15114882588386536
0.1506529152393341
0.1559976190328598
0.15599487721920013
0.15286996960639954
0.15291419625282288
0.1512659192085266
0.1512250304222107
0.15140168368816376
0.15153701603412628
0.1554722785949707
0.1555178165435791
0.15204785764217377
0.15204952657222748
0.15134340524673462
0.15148289501667023
0.1573801338672638
0.15720483660697937
0.1569339483976364
0.156591534614563
0.1575053483247757
0.15768326818943024
0.1533576101064682
0.15355193614959717
0.15789513289928436
0.15737877786159515
0.1539205014705658
0.15394172072410583
0.15498782694339752
0.15502437949180603
0.15828253328800201
0.15838444232940674
0.15401577949523926
0.1543319970369339
0.1546756625175476
0.15479235351085663
0.1579841673374176
0.15807129442691803
0.15421999990940094
0.15388987958431244
0.15553419291973114
0.1553211510181427
0.1571929007768631
0.15716615319252014
0.1545739620923996
0.1541164517402649
0.15583285689353943
0.15637430548667908
0.1540314257144928
0.1541762799024582
0.15388795733451843
0.15378190577030182
0.15622515976428986
0.1559208780527115
0.15306343138217926
0.15316864848136902
0.15671028196811676
0.15721437335014343
0.15083438158035278
0.15050603449344635
0.15725268423557281
0.15703828632831573
0.15424057841300964
0.15402618050575256
0.15702909231185913
0.15771916508674622
0.1571553349494934
0.15692412853240967
0.1535463184118271
0.15322932600975037
0.15758433938026428
0.1581297665834427
0.15822458267211914
0.1580878496170044
0.16056036949157715
0.1606314331293106
0.1458226889371872
0.1457875370979309
0.15274503827095032
0.1523624062538147
0.15784716606140137
0.15773208439350128
0.14978958666324615
0.15021824836730957
0.15477459132671356
0.15443718433380127
0.15743722021579742
0.15752793848514557
0.15543629229068756
0.15558815002441406
0.15397369861602783
0.15403346717357635
0.15494418144226074
0.1548050343990326
0.15750984847545624
0.15747421979904175
0.15444712340831757
0.15426743030548096
0.15237990021705627
0.152420774102211
0.14949698746204376
0.14926166832447052
0.1592201441526413
0.1590040922164917
0.15328843891620636
0.15330763161182404
0.1551193743944168
0.1545899659395218
0.15924642980098724
0.15971094369888306
0.15484043955802917
0.15448901057243347
0.15721984207630157
0.15778225660324097
0.15473535656929016
0.15486900508403778
0.14672620594501495
0.1470964252948761
0.1577148586511612
0.15789712965488434
0.15682725608348846
0.15689171850681305
0.15941838920116425
0.15923449397087097
0.155570849776268
0.15553368628025055
0.15650825202465057
0.15629693865776062
0.1574341207742691
0.1571662276983261
0.1569916307926178
0.15643954277038574
0.15550333261489868
0.15559802949428558
0.1579636186361313
0.1579022854566574
0.15342511236667633
0.1534888744354248
0.15715301036834717
0.1571691930294037
0.15848730504512787
0.15837325155735016
0.1596902757883072
0.15958571434020996
0.15506258606910706
0.15537825226783752
0.15658967196941376
0.15654952824115753
0.16046477854251862
0.16035528481006622
0.16153103113174438
0.16183064877986908
0.16021686792373657
0.16040262579917908
0.16078022122383118
0.16041527688503265
0.15596961975097656
0.15600043535232544
0.15875598788261414
0.1582736372947693
0.15672309696674347
0.15657253563404083
0.15536361932754517
0.15524078905582428
0.16461311280727386
0.16486459970474243
0.1557386815547943
0.15557940304279327
0.15857937932014465
0.15824924409389496
0.15948262810707092
0.15961149334907532
0.1584993302822113
0.15856501460075378
0.15418465435504913
0.1542966067790985
0.157937154173851
0.15805837512016296
0.16090109944343567
0.16119946539402008
0.16074244678020477
0.158359095454216
0.15811999142169952
0.15833494067192078
0.15838545560836792
0.15826432406902313
0.15856169164180756
0.15843062102794647
0.1583489626646042
0.1583825796842575
0.15818215906620026
0.15815532207489014
0.1581011861562729
0.157922625541687
0.1584421843290329
0.15846896171569824
0.15817108750343323
0.1580904871225357
0.15809518098831177
0.15816280245780945
0.15825575590133667
0.15853753685951233
0.1584296077489853
0.15836581587791443
0.158401221036911
0.15817703306674957
