0.6047848463058472
0.6048255562782288
0.6048231720924377
0.31693556904792786
0.31691280007362366
0.0667775571346283
0.0667533427476883
0.09030001610517502
0.09031987190246582
0.11129165440797806
0.1113760769367218
0.11187193542718887
0.1119244396686554
0.11087943613529205
0.11069934070110321
0.10721518099308014
0.10728013515472412
0.10197754204273224
0.10219325125217438
0.09927050769329071
0.09916362166404724
0.09873107820749283
0.09859273582696915
0.09555061161518097
0.09558086842298508
0.09552349150180817
0.09575743973255157
0.09513937681913376
0.0953933522105217
0.094147689640522
0.09413472563028336
0.10089872032403946
0.10071691870689392
0.10423674434423447
0.10438931733369827
0.10370543599128723
0.10359614342451096
0.10752751678228378
0.10730486363172531
0.11333395540714264
0.11319036036729813
0.1097879633307457
0.10976555943489075
0.11220687627792358
0.11206947267055511
0.11871068924665451
0.11861790716648102
0.10904070734977722
0.10923078656196594
0.11747487634420395
0.11746513843536377
0.1151086688041687
0.11523512750864029
0.11589784920215607
0.11591551452875137
0.1164926216006279
0.11625446379184723
0.11958501487970352
0.11964446306228638
0.1103564202785492
0.11038541048765182
0.11163457483053207
0.111383356153965
0.11609387397766113
0.11581104248762131
0.11964163929224014
0.11932507902383804
0.11601506918668747
0.11639237403869629
0.11511127650737762
0.1152324229478836
0.11267173290252686
0.11218345165252686
0.11612927913665771
0.11610778421163559
0.1137673482298851
0.11371699720621109
0.1124080941081047
0.11229061335325241
0.11271864920854568
0.11269401758909225
0.11540505290031433
0.11537307500839233
0.11270026117563248
0.11258263140916824
0.11239060759544373
0.11244643479585648
0.1168127954006195
0.1166352778673172
0.11644918471574783
0.11622234433889389
0.11687400937080383
0.11702967435121536
0.11384343355894089
0.114007368683815
0.11726224422454834
0.11684805154800415
0.114417165517807
0.11441901326179504
0.11517421901226044
0.11520017683506012
0.11754578351974487
0.11760503798723221
0.11441756784915924
0.11466629803180695
0.11472652852535248
0.11486645042896271
0.11726821959018707
0.11731340736150742
0.11449309438467026
0.11437307298183441
0.11544927954673767
0.11529198288917542
0.11664465069770813
0.11660163849592209
0.1149263009428978
0.1143864095211029
0.11569300293922424
0.11611338704824448
0.114308200776577
0.11441593617200851
0.11424202471971512
0.11415865272283554
0.1160561665892601
0.11574818938970566
0.11368801444768906
0.1137024387717247
0.11649410426616669
0.1169910654425621
0.1120949387550354
0.11183375865221024
0.11671910434961319
0.11654125154018402
0.11438065022230148
0.11418573558330536
0.11648470163345337
0.11709035933017731
0.11649620532989502
0.11637916415929794
0.11392872780561447
0.11370015889406204
0.11661525815725327
0.11711173504590988
0.11711690574884415
0.117111437022686
0.11904868483543396
0.11907121539115906
0.10882055014371872
0.10882574319839478
0.1138085126876831
0.11352898180484772
0.11708568781614304
0.11706636101007462
0.11157525330781937
0.11202247440814972
0.1151922345161438
0.11496095359325409
0.11633576452732086
0.1165032684803009
0.11532371491193771
0.11543631553649902
0.11423519998788834
0.1142631396651268
0.11489273607730865
0.11486915498971939
0.11669892072677612
0.11674776673316956
0.11455614119768143
0.11434029787778854
0.1129220649600029
0.11296315491199493
0.11138218641281128
0.11125089228153229
0.11787201464176178
0.11762990802526474
0.11372001469135284
0.11360809206962585
0.11535847187042236
0.11495330929756165
0.11807452142238617
0.11856406927108765
0.11515931785106659
0.11489874869585037
0.11663415282964706
0.11713975667953491
0.11515495926141739
0.11529028415679932
0.10901331156492233
0.10927001386880875
0.11655925959348679
0.11668132990598679
0.1162317767739296
0.11623165756464005
0.11798015236854553
0.11783984303474426
0.1155204251408577
0.11550477892160416
0.11599329113960266
0.11595576256513596
0.11666051298379898
0.11639492958784103
0.11649677157402039
0.11613014340400696
0.11527720838785172
0.11529640853404999
0.11737940460443497
0.11723402887582779
0.11400362104177475
0.11398676037788391
0.11672486364841461
0.11676804721355438
0.11745985597372055
0.11733654886484146
0.11853603273630142
0.11825547367334366
0.11513542383909225
0.11541467159986496
0.11639031022787094
0.11639576405286789
0.11833307892084122
0.11834699660539627
0.11862359941005707
0.11887241899967194
0.11836658418178558
0.1184336245059967
0.11862191557884216
0.11842581629753113
0.11534367501735687
0.11538302898406982
0.11702840775251389
0.11667955666780472
0.1159302294254303
0.11573012918233871
0.11477522552013397
0.11472868919372559
0.12080962210893631
0.1208968311548233
0.11453717201948166
0.11448537558317184
0.11656905710697174
0.11643842607736588
0.1167476624250412
0.11691232770681381
0.11634354293346405
0.11647126078605652
0.11344588547945023
0.11354087293148041
0.11585819721221924
0.11597853153944016
0.11825382709503174
0.118439219892025
0.11809856444597244
0.11636537313461304
0.1162460520863533
0.11645156890153885
0.11644180119037628
0.11637376248836517
0.11664531379938126
0.11645094305276871
0.11640860885381699
0.11653048545122147
0.11628463864326477
0.11631467193365097
0.1162683516740799
0.11618833243846893
0.11648625135421753
0.11661184579133987
0.11627200990915298
0.11623692512512207
0.11624273657798767
0.11626598238945007
0.11645323038101196
0.11661655455827713
0.11657362431287766
0.1164393275976181
0.11651600152254105
0.11636786162853241
