-0.02951979637145996
-0.02953934669494629
-0.029534339904785156
-0.004992961883544922
-0.004968166351318359
-0.00014138221740722656
-0.00010538101196289062
-0.0001773834228515625
-0.00018143653869628906
-0.0002067089080810547
-0.000308990478515625
-0.0003724098205566406
-0.00032591819763183594
-0.0007381439208984375
-0.00045943260192871094
-0.000545501708984375
-0.0005588531494140625
-0.0005829334259033203
-0.0009753704071044922
-0.0007579326629638672
-0.0005953311920166016
-0.0009565353393554688
-0.0006785392761230469
-0.0003364086151123047
-0.0008399486541748047
-0.0004603862762451172
-0.0009851455688476562
-0.00075531005859375
-0.0008502006530761719
-0.0005109310150146484
-0.00046253204345703125
-0.0008668899536132812
-0.0009963512420654297
-0.0007398128509521484
-0.00046539306640625
-0.0008225440979003906
-0.0005881786346435547
-0.0009527206420898438
-0.0008387565612792969
-0.0007781982421875
-0.0006756782531738281
-0.0007002353668212891
-0.0007870197296142578
-0.00089263916015625
-0.0010221004486083984
-0.0007500648498535156
-0.0007989406585693359
-0.0007989406585693359
-0.0010268688201904297
-0.0009129047393798828
-0.000835418701171875
-0.0006089210510253906
-0.0006957054138183594
-0.0009512901306152344
-0.001104593276977539
-0.0008339881896972656
-0.0007128715515136719
-0.0008618831634521484
-0.0009610652923583984
-0.0009407997131347656
-0.0007779598236083984
-0.0006628036499023438
-0.0006947517395019531
-0.0008120536804199219
-0.0005564689636230469
-0.000850677490234375
-0.00011038780212402344
-0.0005974769592285156
-0.0008063316345214844
-0.00052642822265625
-0.0009112358093261719
-0.0007486343383789062
-0.0003819465637207031
-0.0006861686706542969
-0.0006916522979736328
-0.0007545948028564453
-0.0005631446838378906
-0.0007655620574951172
-0.0007276535034179688
-0.0006930828094482422
-0.0005857944488525391
-0.0007870197296142578
-0.0009207725524902344
-0.0004918575286865234
-0.0003483295440673828
-0.0004527568817138672
-0.0008308887481689453
-0.0010428428649902344
-0.0006070137023925781
-0.0011818408966064453
-0.0006661415100097656
-0.0004737377166748047
-0.0008192062377929688
-0.0010144710540771484
-0.000827789306640625
-0.000850677490234375
-0.0002009868621826172
-0.0007855892181396484
-0.0006968975067138672
-0.0007266998291015625
-0.0007228851318359375
-0.0006322860717773438
-0.0007557868957519531
-0.0006992816925048828
-0.0009005069732666016
-0.00047779083251953125
-0.00043845176696777344
-0.0009682178497314453
-0.0008680820465087891
-0.001245260238647461
-0.000926971435546875
-0.0008864402770996094
-0.0006279945373535156
-0.0006046295166015625
-0.0006518363952636719
-0.0009777545928955078
-0.0003230571746826172
-0.00024271011352539062
-0.0008213520050048828
-0.0006139278411865234
-0.0007047653198242188
-0.000640869140625
-0.0007574558258056641
-0.001026153564453125
-0.0006783008575439453
-0.0006456375122070312
-0.0004425048828125
-0.0007593631744384766
-0.0010483264923095703
-0.0007681846618652344
-0.0005795955657958984
-0.0010571479797363281
-0.0011706352233886719
-0.0009233951568603516
-0.0007112026214599609
-0.0005898475646972656
-0.0013301372528076172
-0.0008878707885742188
-0.0004248619079589844
-0.0005970001220703125
-0.000598907470703125
-0.0008244514465332031
-0.0011737346649169922
-0.0009243488311767578
-0.0009098052978515625
-0.0007090568542480469
-0.0009260177612304688
-0.0006628036499023438
-0.0004112720489501953
-0.0007879734039306641
-0.0004398822784423828
-0.0006153583526611328
-0.0008935928344726562
-0.0006670951843261719
-0.0011987686157226562
-0.0008165836334228516
-0.0007328987121582031
-0.0008537769317626953
-0.0010302066802978516
-0.0006525516510009766
-0.0009355545043945312
-0.0008180141448974609
-0.0005996227264404297
-0.000667572021484375
-0.00066375732421875
-0.0008525848388671875
-0.0009167194366455078
-0.0009086132049560547
-0.0005626678466796875
-0.0006995201110839844
-0.0008537769317626953
-0.0007636547088623047
-0.0007202625274658203
-0.0007340908050537109
-0.000209808349609375
-0.0006353855133056641
-0.0007920265197753906
-0.0009455680847167969
-0.00031948089599609375
-0.00041604042053222656
-0.0010578632354736328
-0.0010387897491455078
-0.0011250972747802734
-0.0006256103515625
-0.0010573863983154297
-0.0006854534149169922
-0.0009250640869140625
-0.0005867481231689453
-0.0007352828979492188
-0.0005097389221191406
-0.0007615089416503906
-0.000705718994140625
-0.0006566047668457031
-0.0006425380706787109
-0.0007085800170898438
-0.0009214878082275391
-0.0008857250213623047
-0.0008075237274169922
-0.0006468296051025391
-0.0006444454193115234
-0.00040721893310546875
-0.0010974407196044922
-0.00048732757568359375
-0.0005025863647460938
-0.0006201267242431641
-0.0007672309875488281
-0.0007519721984863281
-0.0007297992706298828
-0.0007429122924804688
-0.0005514621734619141
-0.000997781753540039
-0.0008397102355957031
-0.0006380081176757812
-0.0008931159973144531
-0.0007872581481933594
-0.0007865428924560547
-0.0009884834289550781
-0.0006544589996337891
-0.0005350112915039062
-0.000728607177734375
-0.0006518363952636719
-0.000637054443359375
-0.0009126663208007812
-0.0006961822509765625
-0.0007879734039306641
-0.0011410713195800781
-0.0006983280181884766
-0.0007979869842529297
-0.0009522438049316406
-0.0010166168212890625
-0.0006284713745117188
-0.001071929931640625
-0.0007951259613037109
-0.0007469654083251953
-0.0007505416870117188
-0.0005710124969482422
-0.0007100105285644531
-0.0007455348968505859
-0.0007805824279785156
-0.000982046127319336
-0.0009932518005371094
-0.0006947517395019531
-0.0007755756378173828
-0.0006322860717773438
-0.0006654262542724609
-0.0005576610565185547
-0.0009589195251464844
-0.0005888938903808594
-0.0006868839263916016
-0.00047707557678222656
-0.0008487701416015625
-0.0005576610565185547
-0.00092315673828125
-0.00047135353088378906
-0.0006132125854492188
-0.0008594989776611328
-0.00047135353088378906
-0.0012404918670654297
-0.0009670257568359375
-0.0005629062652587891
-0.0008080005645751953
-0.0006275177001953125
-0.0006754398345947266
-0.0005247592926025391
-0.0003933906555175781
-0.0010483264923095703
-0.0008778572082519531
-0.0008170604705810547
-0.0005390644073486328
-0.00045561790466308594
-0.000640869140625
-0.0006749629974365234
-0.0009872913360595703
-0.0010426044464111328
-0.0008394718170166016
-0.0007686614990234375
-0.0005161762237548828
