14.693278312683105
14.564979553222656
12.006591796875
4.213603496551514
3.3429970741271973
0.23228932917118073
0.1652253270149231
0.26913589239120483
0.19922706484794617
0.32068705558776855
0.26517537236213684
0.3098834156990051
0.271606981754303
0.3592402935028076
0.3152249753475189
0.34049534797668457
0.31400543451309204
0.34414803981781006
0.32764914631843567
0.3635188639163971
0.3494430482387543
0.39266374707221985
0.378519207239151
0.3995315432548523
0.3990984559059143
0.38844358921051025
0.3595619201660156
0.38065797090530396
0.3628353774547577
0.3541608452796936
0.3141966462135315
0.3459221124649048
0.33176952600479126
0.34659042954444885
0.3128253221511841
0.2828420400619507
0.25651657581329346
0.2719953656196594
0.26046401262283325
0.2582208812236786
0.24810829758644104
0.22232167422771454
0.20908422768115997
0.21331989765167236
0.20445537567138672
0.23832792043685913
0.2337585687637329
0.18967749178409576
0.18612928688526154
0.2183443009853363
0.2128933221101761
0.20503643155097961
0.20049266517162323
0.20259037613868713
0.19996792078018188
0.20886853337287903
0.21203050017356873
0.23159487545490265
0.2238316833972931
0.19294452667236328
0.19802139699459076
0.19203497469425201
0.1957746297121048
0.21244415640830994
0.20019176602363586
0.22953444719314575
0.2314704954624176
0.21802283823490143
0.21355730295181274
0.20115995407104492
0.21404175460338593
0.18772956728935242
0.18803055584430695
0.20513883233070374
0.19899213314056396
0.17817357182502747
0.1716526299715042
0.173126682639122
0.16816970705986023
0.16401946544647217
0.1636998951435089
0.17148570716381073
0.16754311323165894
0.16015413403511047
0.15780416131019592
0.1606401801109314
0.15755271911621094
0.18988996744155884
0.1835363507270813
0.1711234152317047
0.17281217873096466
0.16915126144886017
0.17594118416309357
0.16662690043449402
0.16602638363838196
0.17702485620975494
0.18011623620986938
0.1652171015739441
0.1657412350177765
0.16133391857147217
0.1652528941631317
0.17526540160179138
0.1856696903705597
0.1688627302646637
0.17025119066238403
0.1643577218055725
0.1658875048160553
0.17681412398815155
0.17364975810050964
0.1668737530708313
0.16071155667304993
0.16823075711727142
0.1745775192975998
0.17161038517951965
0.1681520938873291
0.16188938915729523
0.16090810298919678
0.17569150030612946
0.17690715193748474
0.16838061809539795
0.15734782814979553
0.1716921031475067
0.171109139919281
0.16903434693813324
0.17422398924827576
0.1672104448080063
0.15453161299228668
0.18330147862434387
0.1781497746706009
0.16937629878520966
0.17225651443004608
0.17694413661956787
0.1781974583864212
0.16271916031837463
0.16736823320388794
0.1768222451210022
0.17403891682624817
0.17291191220283508
0.17326873540878296
0.1594386100769043
0.16188427805900574
0.17057599127292633
0.16983123123645782
0.1763530820608139
0.17061367630958557
0.17660269141197205
0.17699357867240906
0.1538797914981842
0.14915898442268372
0.16095295548439026
0.1545112133026123
0.17890718579292297
0.16787835955619812
0.17148488759994507
0.16652750968933105
0.1613759547472
0.16296279430389404
0.17280608415603638
0.17676271498203278
0.170813649892807
0.16709798574447632
0.17462274432182312
0.17152228951454163
0.16040799021720886
0.16199401021003723
0.1670612394809723
0.1714170128107071
0.1645570695400238
0.1567102074623108
0.15718629956245422
0.15641286969184875
0.1555718034505844
0.16378934681415558
0.169994056224823
0.17831926047801971
0.1580350250005722
0.16078126430511475
0.17324009537696838
0.16564133763313293
0.17929306626319885
0.17603148519992828
0.16889020800590515
0.16623255610466003
0.18159036338329315
0.17277109622955322
0.1629071831703186
0.163784921169281
0.16587640345096588
0.15531837940216064
0.16962894797325134
0.16688841581344604
0.1597694307565689
0.17193734645843506
0.1738916039466858
0.17523953318595886
0.17327146232128143
0.17324578762054443
0.1773567795753479
0.1660521924495697
0.16603654623031616
0.16884557902812958
0.1662331372499466
0.1745413988828659
0.1616419553756714
0.16898556053638458
0.16625133156776428
0.1696062684059143
0.1565864533185959
0.1619873344898224
0.171781986951828
0.16495545208454132
0.16230343282222748
0.16970333456993103
0.18024218082427979
0.1821008026599884
0.16456377506256104
0.16444498300552368
0.16526083648204803
0.17241212725639343
0.1694241613149643
0.17113707959651947
0.16411569714546204
0.1614627093076706
0.17021960020065308
0.17484310269355774
0.17367632687091827
0.17154189944267273
0.16511991620063782
0.1604214906692505
0.17171289026737213
0.15785101056098938
0.16418512165546417
0.15517765283584595
0.1601116955280304
0.1519545316696167
0.16893503069877625
0.16724416613578796
0.1556030958890915
0.1527026891708374
0.1701647937297821
0.15908372402191162
0.1538098305463791
0.16538633406162262
0.16507157683372498
0.1547413170337677
0.1529691368341446
0.16027799248695374
0.1536937952041626
0.15879446268081665
0.17484667897224426
0.16277939081192017
0.1626758575439453
0.16264596581459045
0.17823512852191925
0.15999945998191833
0.15686756372451782
0.1576804518699646
0.15696486830711365
0.16810071468353271
0.17041590809822083
0.16779814660549164
0.1676001250743866
0.1684199571609497
0.1636393666267395
0.1536000818014145
0.1602860987186432
0.16720210015773773
0.1638486087322235
0.16102278232574463
0.1536957323551178
0.15647760033607483
0.16767045855522156
0.15548168122768402
0.1595870554447174
0.154013991355896
0.16766032576560974
0.16430793702602386
