0.6120813488960266
0.6076995134353638
0.6076574325561523
0.19533799588680267
0.19553321599960327
0.010476954281330109
0.010527577251195908
0.019073637202382088
0.019099541008472443
0.031477347016334534
0.03148440271615982
0.03751320391893387
0.03696751594543457
0.0520097054541111
0.05165921151638031
0.05929761752486229
0.05699996277689934
0.06394153833389282
0.06467252224683762
0.0671173557639122
0.0654372051358223
0.06892409920692444
0.06822103261947632
0.06765452027320862
0.06784027069807053
0.07063858956098557
0.06702914834022522
0.07071185111999512
0.06909263134002686
0.06789561361074448
0.06460604816675186
0.07205935567617416
0.0754588171839714
0.07505770772695541
0.07657754421234131
0.07074850797653198
0.0689840316772461
0.07578543573617935
0.07898923009634018
0.0786791667342186
0.07884081453084946
0.07314525544643402
0.07213146984577179
0.07189354300498962
0.07186707109212875
0.08077320456504822
0.07885465025901794
0.07064835727214813
0.06750071048736572
0.078423410654068
0.07824113965034485
0.0749313160777092
0.0745667815208435
0.07623045891523361
0.07387657463550568
0.07638949900865555
0.07652364671230316
0.08075370639562607
0.07974826544523239
0.07114790380001068
0.07115273922681808
0.07312268018722534
0.06872695684432983
0.07488758116960526
0.07326909154653549
0.07997481524944305
0.07894214987754822
0.07423324882984161
0.07721655070781708
0.07265295088291168
0.07527328282594681
0.07128197699785233
0.07327233999967575
0.07565206289291382
0.07611732184886932
0.07307372987270355
0.07202383130788803
0.07490836083889008
0.07050540298223495
0.07477634400129318
0.0743740051984787
0.07411342114210129
0.07439561188220978
0.07148680835962296
0.06984557956457138
0.07345928996801376
0.07511334121227264
0.07562772929668427
0.07553165405988693
0.0765734389424324
0.07441741228103638
0.07451865822076797
0.07620885223150253
0.07377133518457413
0.07304200530052185
0.07706931233406067
0.07704383134841919
0.07143576443195343
0.07293064892292023
0.07497184723615646
0.07259493321180344
0.07602556049823761
0.07956559956073761
0.07636561244726181
0.07139040529727936
0.0705665871500969
0.07134077697992325
0.07678700983524323
0.07737185806035995
0.07175184786319733
0.0742284432053566
0.07404487580060959
0.0758451372385025
0.07529027760028839
0.07667290419340134
0.07481950521469116
0.0740508884191513
0.07720070332288742
0.07374203205108643
0.07366975396871567
0.07128702104091644
0.07220230996608734
0.0729881301522255
0.07524118572473526
0.07487593591213226
0.07212187349796295
0.07387922704219818
0.0764547735452652
0.07601609081029892
0.07507681846618652
0.07316263020038605
0.07373913377523422
0.07651834934949875
0.07183822244405746
0.07433249056339264
0.07421431690454483
0.07488594949245453
0.07720866799354553
0.07619365304708481
0.07172708213329315
0.07218930870294571
0.07770490646362305
0.07633618265390396
0.07601222395896912
0.07602865248918533
0.07606177031993866
0.07847794145345688
0.07125602662563324
0.06631781905889511
0.0746762827038765
0.07302387803792953
0.07638795673847198
0.07595541328191757
0.06947984546422958
0.0696951299905777
0.0738040953874588
0.07246788591146469
0.076945960521698
0.07368119060993195
0.07327912002801895
0.07464906573295593
0.07535756379365921
0.07478341460227966
0.07318136096000671
0.07174326479434967
0.07362999767065048
0.07268168777227402
0.07183341681957245
0.07148458808660507
0.07281509786844254
0.06988101452589035
0.06972365826368332
0.0730719044804573
0.07405984401702881
0.07719991356134415
0.07377799600362778
0.07175234705209732
0.07392459362745285
0.07195530086755753
0.07872895896434784
0.0734667181968689
0.07177881896495819
0.07431136071681976
0.07237782329320908
0.07699844986200333
0.07573354244232178
0.07302800565958023
0.06833887845277786
0.06999994069337845
0.07417772710323334
0.07518521696329117
0.07517001032829285
0.07847700268030167
0.08019543439149857
0.07515053451061249
0.0742064043879509
0.07315348833799362
0.07196084409952164
0.07743258029222488
0.07419761270284653
0.07280976325273514
0.07361722737550735
0.0737403929233551
0.07240982353687286
0.07583507895469666
0.07192601263523102
0.07728999853134155
0.07074777036905289
0.07114118337631226
0.07457011938095093
0.07765945047140121
0.07501450181007385
0.0741787776350975
0.07331699132919312
0.07627202570438385
0.07227254658937454
0.0728902667760849
0.07708911597728729
0.07612141221761703
0.07749383896589279
0.0769786611199379
0.07619258016347885
0.0745602548122406
0.07455199956893921
0.08045168220996857
0.07701709866523743
0.07645351439714432
0.07572198659181595
0.07265765964984894
0.07258094847202301
0.07272639125585556
0.07165010273456573
0.07448025047779083
0.07158960402011871
0.0745915099978447
0.07699280232191086
0.07698903232812881
0.07383843511343002
0.07059772312641144
0.07583334296941757
0.07207431644201279
0.07240000367164612
0.07302110642194748
0.07207316905260086
0.0743197575211525
0.07048226147890091
0.06965460628271103
0.07307015359401703
0.07449661940336227
0.0744837075471878
0.07410939782857895
0.07346580922603607
0.013376664370298386
0.011458171531558037
0.010341850109398365
0.010088630951941013
0.009304248727858067
0.009672543965280056
0.009640024043619633
0.009595878422260284
0.009448929689824581
0.009342744946479797
0.009242954663932323
0.009283095598220825
0.009142032824456692
0.009713787585496902
0.009620719589293003
0.009489974938333035
0.009086739271879196
0.008990427479147911
0.008654826320707798
0.009184302762150764
0.008980943821370602
0.009192956611514091
0.008825717493891716
0.009227887727320194
0.009485050104558468
