0.591050922870636
0.5911106467247009
0.5910563468933105
0.1884443312883377
0.18864081799983978
0.010103612206876278
0.010154378600418568
0.0184495709836483
0.01847158931195736
0.031604085117578506
0.0316200889647007
0.037647753953933716
0.03712024912238121
0.05279066786170006
0.052389901131391525
0.05988985300064087
0.05755634605884552
0.06422261148691177
0.06501083076000214
0.06723977625370026
0.06554029136896133
0.06866399198770523
0.06795695424079895
0.06726217269897461
0.06745319068431854
0.07019679993391037
0.06651698052883148
0.07018960267305374
0.06858529150485992
0.06749192625284195
0.06424951553344727
0.07161971926689148
0.07497197389602661
0.07444117218255997
0.07599584758281708
0.0702223926782608
0.06850815564393997
0.07524502277374268
0.07835716009140015
0.07822225987911224
0.07832597941160202
0.07275418192148209
0.07170139253139496
0.07153697311878204
0.07148420810699463
0.08012068271636963
0.07834474742412567
0.07020142674446106
0.06717076897621155
0.0778944119811058
0.07785723358392715
0.07461240142583847
0.0742969810962677
0.07589255273342133
0.07344529777765274
0.07615496963262558
0.07629375904798508
0.08041811734437943
0.07941333949565887
0.07086683064699173
0.07093103975057602
0.07298114150762558
0.06866304576396942
0.07468332350254059
0.07308629155158997
0.07980102300643921
0.07875929772853851
0.07421725243330002
0.07715993374586105
0.07253704220056534
0.07520556449890137
0.07112708687782288
0.07311180233955383
0.0754552111029625
0.07597160339355469
0.07294300943613052
0.0718240812420845
0.0747791975736618
0.07048679888248444
0.07440763711929321
0.07416623830795288
0.07386811822652817
0.07422768324613571
0.07142641395330429
0.06972567737102509
0.07349134981632233
0.07512107491493225
0.07537847757339478
0.07527878880500793
0.07641500234603882
0.07429996132850647
0.074415422976017
0.076083242893219
0.07360216975212097
0.0729295089840889
0.07699333131313324
0.07691681385040283
0.07137221843004227
0.07281938195228577
0.07482795417308807
0.0724482387304306
0.07595530152320862
0.07952341437339783
0.07623597979545593
0.07120650261640549
0.07037696242332458
0.07117385417222977
0.07652688771486282
0.07717499136924744
0.07164139300584793
0.07418952137231827
0.0738760307431221
0.07574417442083359
0.07516655325889587
0.07656340301036835
0.07466594129800797
0.07382223755121231
0.07698260992765427
0.07352986931800842
0.07348249852657318
0.07106375694274902
0.07207896560430527
0.07286890596151352
0.07513260096311569
0.0747709795832634
0.072018101811409
0.07376257330179214
0.076453298330307
0.07598130404949188
0.07496444135904312
0.0730474442243576
0.07362759858369827
0.07642265409231186
0.07167230546474457
0.07426144182682037
0.07404506951570511
0.07480864971876144
0.07712413370609283
0.07614891231060028
0.07160874456167221
0.07199295610189438
0.07759729027748108
0.076163649559021
0.0758550763130188
0.07588580250740051
0.07584373652935028
0.07829784601926804
0.07117613404989243
0.06613152474164963
0.07448830455541611
0.07290813326835632
0.07628405094146729
0.07590410858392715
0.06940177828073502
0.0696541890501976
0.07361753284931183
0.07232510298490524
0.07681525498628616
0.07353586703538895
0.073136106133461
0.07454085350036621
0.07523360848426819
0.07461126893758774
0.07305438071489334
0.07164887338876724
0.07346616685390472
0.0725201666355133
0.0717579573392868
0.07140650600194931
0.07271623611450195
0.06981711834669113
0.06953293085098267
0.07289445400238037
0.0740296021103859
0.0770471915602684
0.07367976754903793
0.07171332091093063
0.07381773740053177
0.07176175713539124
0.07868459820747375
0.07336141169071198
0.07166600227355957
0.07419216632843018
0.0722382441163063
0.07691764831542969
0.07563348114490509
0.07289901375770569
0.06830579042434692
0.07003940641880035
0.07405433058738708
0.0750928670167923
0.07517972588539124
0.07843483984470367
0.08008934557437897
0.07501215487718582
0.0742281898856163
0.07305591553449631
0.07184361666440964
0.07729829847812653
0.07418522983789444
0.07281878590583801
0.07341098040342331
0.07350676506757736
0.0723697692155838
0.07577884942293167
0.0717761442065239
0.07725463062524796
0.07067061960697174
0.07098866254091263
0.07451462000608444
0.07759785652160645
0.07490696758031845
0.07406576722860336
0.07324902713298798
0.07616546005010605
0.07221148908138275
0.07284247875213623
0.07693992555141449
0.0760526955127716
0.07741399109363556
0.07686483860015869
0.07612082362174988
0.07448197901248932
0.07445449382066727
0.08036861568689346
0.07695089280605316
0.07644514739513397
0.0756736695766449
0.07256895303726196
0.07251374423503876
0.0725637897849083
0.07155200093984604
0.07443352043628693
0.07142015546560287
0.07454788684844971
0.07698406279087067
0.07695716619491577
0.07379966229200363
0.07058317959308624
0.07578058540821075
0.07197779417037964
0.07231752574443817
0.0729280337691307
0.07194913923740387
0.07422834634780884
0.070438914000988
0.06952004134654999
0.07295554876327515
0.07433083653450012
0.07440614700317383
0.07406052201986313
0.07333839684724808
0.07306738197803497
0.07440250366926193
0.07120760530233383
0.07585883140563965
0.07271764427423477
0.07460582256317139
0.07365940511226654
0.07392694801092148
0.07122492790222168
0.07407653331756592
0.07397182285785675
0.07310041040182114
0.0753074660897255
0.07407154887914658
0.0767921581864357
0.07359527796506882
0.0699702575802803
0.07492422312498093
0.07144644856452942
0.0727698877453804
0.07447155565023422
0.07240878790616989
0.07371136546134949
0.07574004679918289
0.07133863866329193
