0.5743117928504944
0.5743201375007629
0.5323885083198547
0.5323900580406189
0.4895433485507965
0.4895404279232025
0.44020918011665344
0.44021207094192505
0.3824487626552582
0.382425993680954
0.3182980716228485
0.31830793619155884
0.25121575593948364
0.25122061371803284
0.18650062382221222
0.18648213148117065
0.13113099336624146
0.13110743463039398
0.10795372724533081
0.10794816166162491
0.1227104514837265
0.12273018807172775
0.12606599926948547
0.12608101963996887
0.1254146695137024
0.12540055811405182
0.12788362801074982
0.12790994346141815
0.12877273559570312
0.12875792384147644
0.1283905953168869
0.12836146354675293
0.13354218006134033
0.13351872563362122
0.13324768841266632
0.13324403762817383
0.13572441041469574
0.13573050498962402
0.13085465133190155
0.13075175881385803
0.12454051524400711
0.12449640035629272
0.12211345136165619
0.1221708431839943
0.12062186002731323
0.12074199318885803
0.12005485594272614
0.12005691975355148
0.1196286529302597
0.11969815939664841
0.12289302051067352
0.12277382612228394
0.12442313879728317
0.12441228330135345
0.12439572066068649
0.12443588674068451
0.12284010648727417
0.12292913347482681
0.12526533007621765
0.12535405158996582
0.12633094191551208
0.12640134990215302
0.12517087161540985
0.12510515749454498
0.12298396229743958
0.12297146767377853
0.126221165060997
0.12614357471466064
0.12522326409816742
0.1252937912940979
0.1246519461274147
0.12482210993766785
0.1251022070646286
0.1250285655260086
0.1260087937116623
0.12601345777511597
0.12589797377586365
0.1257956475019455
0.12584076821804047
0.12580591440200806
0.12487100809812546
0.12480989098548889
0.12364503741264343
0.12355263531208038
0.12601730227470398
0.12606723606586456
0.12607792019844055
0.12605656683444977
0.12746092677116394
0.12732599675655365
0.12510909140110016
0.12521839141845703
0.1254298835992813
0.12541183829307556
0.1279865950345993
0.12798793613910675
0.12425130605697632
0.12428461760282516
0.12808489799499512
0.12799425423145294
0.12919452786445618
0.1291314959526062
0.1263500452041626
0.12636344134807587
0.12702712416648865
0.1270357072353363
0.12807705998420715
0.12806662917137146
0.12717533111572266
0.12701915204524994
0.1273346096277237
0.1273091733455658
0.12582476437091827
0.12590381503105164
0.12700635194778442
0.12705060839653015
0.1277470737695694
0.1276874989271164
0.12693406641483307
0.12697440385818481
0.12617553770542145
0.12622715532779694
0.12631314992904663
0.12639303505420685
0.12747716903686523
0.12735405564308167
0.12669047713279724
0.12662820518016815
0.12734894454479218
0.12738537788391113
0.12569132447242737
0.12579932808876038
0.12798669934272766
0.12803523242473602
0.12600550055503845
0.12627309560775757
0.12463366985321045
0.12450110167264938
0.12592041492462158
0.12600849568843842
0.12720678746700287
0.12718330323696136
0.12701284885406494
0.12706784904003143
0.12636490166187286
0.1263984888792038
0.1270514875650406
0.1270453929901123
0.12651996314525604
0.12657897174358368
0.12609320878982544
0.12634892761707306
0.1269119381904602
0.12679831683635712
0.12658697366714478
0.12656033039093018
0.1281694769859314
0.12817779183387756
0.12762027978897095
0.12758508324623108
0.12685705721378326
0.12690800428390503
0.12677942216396332
0.12660907208919525
0.12679652869701385
0.12682762742042542
0.12569856643676758
0.1256956309080124
0.12597708404064178
0.12601353228092194
0.12755945324897766
0.1277409791946411
0.12625011801719666
0.12628722190856934
0.12841857969760895
0.12873156368732452
0.1288200467824936
0.12870624661445618
0.1287865936756134
0.1288851797580719
0.12883630394935608
0.12900102138519287
0.12880933284759521
0.12880997359752655
0.12864212691783905
0.1287367045879364
0.12884995341300964
0.12871919572353363
0.1287124752998352
0.1287953406572342
0.12877707183361053
0.12876151502132416
0.12875865399837494
0.12884382903575897
0.12871015071868896
0.12885455787181854
0.12884357571601868
0.12877151370048523
0.12876883149147034
0.12875817716121674
0.12880021333694458
0.1288495659828186
0.12870360910892487
0.12884487211704254
0.1288275569677353
0.12875601649284363
0.12884657084941864
0.1286720186471939
0.12885801494121552
0.12874700129032135
0.12877695262432098
0.12875306606292725
0.12883183360099792
0.12873974442481995
0.1288791447877884
0.12866422533988953
0.12861476838588715
0.12869130074977875
0.12883108854293823
0.1288541555404663
0.12873873114585876
0.1288989633321762
0.1288352608680725
0.12875360250473022
0.12885764241218567
0.12885579466819763
0.1288086622953415
0.1287984848022461
0.12894953787326813
0.12884429097175598
0.12894929945468903
0.1288260817527771
0.12886035442352295
0.1287274956703186
0.12872284650802612
0.12885460257530212
0.128764808177948
0.1288468837738037
0.12887795269489288
0.12885485589504242
0.12886352837085724
0.12877032160758972
0.1287301629781723
0.12866045534610748
0.1287781298160553
0.12893272936344147
0.1288064569234848
0.12875519692897797
0.12883958220481873
0.12879207730293274
0.12871132791042328
0.1263839304447174
