0.23854511976242065
0.19675882160663605
0.19677548110485077
0.15837451815605164
0.15836183726787567
0.119522824883461
0.11950714141130447
0.08114295452833176
0.08112679421901703
0.04735735058784485
0.04734301194548607
0.02231583185493946
0.022292127832770348
0.010515731759369373
0.010484526865184307
0.009336361661553383
0.006749892141669989
0.030017545446753502
0.022102538496255875
0.033668190240859985
0.03359076380729675
0.030705181881785393
0.030595555901527405
0.030455922707915306
0.030421355739235878
0.030294500291347504
0.02063223533332348
0.02055322378873825
0.020582647994160652
0.020454367622733116
0.020584149286150932
0.0203644260764122
0.020354963839054108
0.020063916221261024
0.020047089084982872
0.019606921821832657
0.019749602302908897
0.019433679059147835
0.018702669069170952
0.01846943609416485
0.02084863744676113
0.020619794726371765
0.020614156499505043
0.020547248423099518
0.02062314935028553
0.020507071167230606
0.023413391783833504
0.02337774820625782
0.02541442960500717
0.02334662899374962
0.028499512001872063
0.028402531519532204
0.02841341681778431
0.028294334188103676
0.028313813731074333
0.028215879574418068
0.028208350762724876
0.028038639575242996
0.02803725004196167
0.02792195975780487
0.027917418628931046
0.02778083272278309
0.02778019569814205
0.027693836018443108
0.02769356220960617
0.027606865391135216
0.02761056460440159
0.027551887556910515
0.027552280575037003
0.027533452957868576
0.02753343991935253
0.027504945173859596
0.02750752680003643
0.027493327856063843
0.027495771646499634
0.027471300214529037
0.027472082525491714
0.027457954362034798
0.02745923399925232
0.02745961956679821
0.02746007591485977
0.027452148497104645
0.027452843263745308
0.02744506672024727
0.027445219457149506
0.027444493025541306
0.027444669976830482
0.02742311730980873
0.02742278389632702
0.027438297867774963
0.02743782475590706
0.027423467487096786
0.027423452585935593
0.02743847481906414
0.027438050135970116
0.023247765377163887
0.023237068206071854
0.027418294921517372
0.027419373393058777
0.02743503451347351
0.02743571437895298
0.02742224931716919
0.027422413229942322
0.027426106855273247
0.027427032589912415
0.023244982585310936
0.02741706743836403
0.02321445569396019
0.023230362683534622
0.02319229580461979
0.0231875441968441
0.023204965516924858
0.023215875029563904
0.02319025993347168
0.02319689281284809
0.02317047119140625
0.023174557834863663
0.023160718381404877
0.0231621116399765
0.023176949471235275
0.023176882416009903
0.019318632781505585
0.019352082163095474
0.0231714379042387
0.02317114546895027
0.019274352118372917
0.01926456391811371
0.019258840009570122
0.01924457773566246
0.019237976521253586
0.015626180917024612
0.01235454436391592
0.015632230788469315
0.01560533419251442
0.01560063473880291
0.015585082583129406
0.015594519674777985
0.01557652372866869
0.015559693798422813
0.012168984860181808
0.01217672135680914
0.012170287780463696
0.009151306003332138
0.009105986915528774
0.006398970261216164
0.003849250031635165
0.003824974410235882
0.0013024414656683803
0.0013488659169524908
0.001138141262345016
0.0011249821400269866
0.0009831341449171305
0.0009707669960334897
0.0008031140896491706
0.0008157602860592306
0.0005978661356493831
0.0005864600534550846
0.0005140004795975983
0.000513438368216157
0.0003966854128520936
0.00038951379247009754
0.00037255053757689893
0.0003827930486295372
0.0002944162697531283
0.00030043284641578794
0.00024199174367822707
0.00024310821027029306
0.00020085187861695886
0.0002087690372718498
0.00015998067101463675
0.00015934708062559366
0.00013929099077358842
0.0001385780342388898
0.00014790256682317704
0.00014553565415553749
0.00015874020755290985
0.0001582070253789425
0.00016096285253297538
0.0001610053441254422
0.0001629577745916322
0.00016460067126899958
0.00015874324890319258
0.00015940991579554975
0.000161062998813577
0.0001628188183531165
0.00016465206863358617
0.00015957131108734757
0.00016437751764897257
0.00016272946959361434
0.00016279672854579985
0.0001588326704222709
0.00016009763930924237
0.00016208972374442965
0.00016061862697824836
0.00015882376465015113
0.00016099777712952346
0.0001621620758669451
0.00016149775183293968
0.0001637207460589707
0.00016080586647149175
0.0001621881383471191
0.00016228925960604101
0.00016260595293715596
0.00016168097499758005
0.000157418311573565
0.00016248648171313107
0.00015951780369505286
0.00015960357268340886
0.0001639867841731757
0.00015883409650996327
0.0001628110185265541
0.000161521413247101
0.00016115802282001823
0.00016105454415082932
0.00016138250066433102
0.00016121851513162255
0.00016121748194564134
0.00016264530131593347
0.00016055861487984657
0.00016172887990251184
0.00016250027692876756
0.00015875523968134075
0.00016139476792886853
0.0001612157648196444
0.0001621933770366013
0.00016100649372674525
0.00015982933109626174
0.0001636787346797064
0.00016233278438448906
0.00016145603149197996
0.0001609532191650942
0.00016168186266440898
0.0001630937767913565
0.00015992285625543445
0.0001602887496119365
0.00015973018889781088
0.0001614998618606478
0.00016085445531643927
0.0001615289511391893
0.000164427503477782
0.00015975582937244326
0.00015959751908667386
0.0001604687568033114
0.0001620485563762486
0.00016184627020265907
0.00016118213534355164
0.00016137614147737622
0.0001602234988240525
0.00016207367298193276
0.00015879288548603654
0.00014060150715522468
