0.5859366655349731
0.543595552444458
0.543437659740448
0.49759358167648315
0.49750250577926636
0.4444224238395691
0.4443706274032593
0.38313326239585876
0.38308289647102356
0.3152567148208618
0.3152252435684204
0.24605563282966614
0.24602678418159485
0.5586302280426025
0.5586302280426025
0.5908935070037842
0.5586302280426025
0.7424747943878174
0.7285841107368469
0.7416163086891174
0.7416163086891174
0.7416163086891174
0.7416163086891174
0.7416163086891174
0.7416163086891174
0.7416163086891174
0.7416163086891174
0.7416163086891174
0.7416163086891174
0.7416163086891174
0.7416163086891174
0.7416163086891174
0.7416163086891174
0.7416163086891174
0.7416163086891174
0.7416163086891174
0.7416163086891174
0.7416163086891174
0.7416163086891174
0.7416163086891174
0.7416163086891174
0.7416163086891174
0.7416163086891174
0.7416163086891174
0.7416163086891174
0.7416163086891174
0.7416163086891174
0.7416163086891174
0.7416163086891174
0.7416163086891174
0.7416163086891174
0.7416163086891174
0.7416163086891174
0.7416163086891174
0.7416163086891174
0.7416163086891174
0.7416163086891174
0.7416163086891174
0.7416163086891174
0.7416163086891174
0.7416163086891174
0.7416163086891174
0.7416163086891174
0.7416163086891174
0.7416163086891174
0.7416163086891174
0.7416163086891174
0.7416163086891174
0.7416163086891174
0.7416163086891174
0.7416163086891174
0.7416163086891174
0.7416163086891174
0.7416163086891174
0.7416163086891174
0.7416163086891174
0.7416163086891174
0.7416163086891174
0.7416163086891174
0.7416163086891174
0.7416163086891174
0.7416163086891174
0.7416163086891174
0.7416163086891174
0.7416163086891174
0.7416163086891174
0.7416163086891174
0.7416163086891174
0.7416163086891174
0.7416163086891174
0.7416163086891174
0.7416163086891174
0.7416163086891174
0.7416163086891174
0.7416163086891174
0.7133646607398987
0.7133646607398987
0.7416163086891174
0.7416163086891174
0.7416163086891174
0.7416163086891174
0.7416163086891174
0.7416163086891174
0.7416163086891174
0.7416163086891174
0.7133646607398987
0.7416163086891174
0.7133646607398987
0.7133646607398987
0.7133646607398987
0.7133646607398987
0.7133646607398987
0.7133646607398987
0.7133646607398987
0.7133646607398987
0.7133646607398987
0.7133646607398987
0.7133646607398987
0.7133646607398987
0.7133646607398987
0.7133646607398987
0.6925417184829712
0.6925417184829712
0.7133646607398987
0.7133646607398987
0.6925417184829712
0.6925417184829712
0.6925417184829712
0.6925417184829712
0.6925417184829712
0.6672981977462769
0.6376999020576477
0.6672981977462769
0.6672981977462769
0.6672981977462769
0.6672981977462769
0.6672981977462769
0.6672981977462769
0.6672981977462769
0.6376999020576477
0.6376999020576477
0.6376999020576477
0.61183762550354
0.61183762550354
0.5908935070037842
0.5586302280426025
0.5586302280426025
0.19479258358478546
0.19935406744480133
0.1828618347644806
0.18267670273780823
0.1702917516231537
0.16816991567611694
0.15391680598258972
0.15588179230690002
0.133958637714386
0.13271769881248474
0.12448176741600037
0.1241195797920227
0.11045849323272705
0.10913428664207458
0.10630646347999573
0.10774558782577515
0.09545451402664185
0.09611114859580994
0.08651930093765259
0.08701103925704956
0.07873848080635071
0.0804743766784668
0.06996044516563416
0.06960231065750122
0.06576791405677795
0.06513315439224243
0.04301533102989197
0.04209542274475098
0.03942200541496277
0.03954362869262695
0.039431869983673096
0.03936946392059326
0.03955185413360596
0.03953125327825546
0.03925955295562744
0.03929400444030762
0.03970494866371155
0.03956201672554016
0.039492733776569366
0.03950744867324829
0.03963401913642883
0.03949510306119919
0.04020053148269653
0.03936946392059326
0.03981539607048035
0.03944918513298035
0.0394778847694397
0.039190202951431274
0.039473533630371094
0.03935408592224121
0.039701640605926514
0.039734601974487305
0.03931901603937149
0.039476342499256134
0.039556801319122314
0.039583683013916016
0.039524391293525696
0.03967365622520447
0.03998875617980957
0.039676934480667114
0.039334677159786224
0.03989461064338684
0.039171069860458374
0.039488375186920166
0.039665400981903076
0.04019060730934143
0.039947450160980225
0.03995075821876526
0.040485918521881104
0.040220409631729126
0.03945323824882507
0.040256887674331665
0.04110953211784363
0.039884716272354126
0.03931861370801926
0.04040950536727905
0.03978407382965088
0.039510756731033325
0.03947952389717102
0.039609432220458984
0.039716482162475586
0.03950667381286621
0.039551183581352234
0.039337463676929474
0.03967618942260742
0.04028010368347168
0.03979066014289856
0.03934109956026077
0.039690107107162476
0.0394844114780426
0.04017239809036255
0.0393681526184082
0.04014092683792114
0.03948280215263367
0.04039457440376282
0.039869844913482666
0.039622604846954346
0.03942209482192993
0.04078051447868347
0.04041945934295654
0.039357587695121765
0.039348818361759186
0.039492666721343994
0.06565269827842712
