0.2964901328086853
0.29652419686317444
0.26679983735084534
0.2667868435382843
0.23708641529083252
0.23704186081886292
0.20351895689964294
0.20346859097480774
0.16487492620944977
0.1648261845111847
0.12283781170845032
0.1227903738617897
0.08049573004245758
0.0804489329457283
0.042665209621191025
0.04264121875166893
0.017744794487953186
0.017736969515681267
0.015246493741869926
0.01524214819073677
0.013639401644468307
0.013630428351461887
0.01334797590970993
0.01334394607692957
0.0131371533498168
0.01312770415097475
0.012898862361907959
0.012892561964690685
0.01262862328439951
0.012624910101294518
0.012389564886689186
0.012388327158987522
0.011939600110054016
0.011936916038393974
0.011255190707743168
0.011256399564445019
0.010264559648931026
0.010274292901158333
0.009025256149470806
0.009043538942933083
0.007968612015247345
0.00796576589345932
0.0072782766073942184
0.007242914289236069
0.006884560454636812
0.006868475582450628
0.006687816232442856
0.006706996820867062
0.006413614377379417
0.006430936511605978
0.005813508294522762
0.005855572409927845
0.005557591561228037
0.005558361299335957
0.005368712358176708
0.0053577180951833725
0.005330213811248541
0.005331689957529306
0.004900714382529259
0.0049067591316998005
0.00472473306581378
0.0047319005243480206
0.0045737577602267265
0.004586612340062857
0.0045244512148201466
0.004527161363512278
0.004252269398421049
0.004264072515070438
0.004023725166916847
0.004013963975012302
0.004033264238387346
0.0040259938687086105
0.003912821877747774
0.003931460436433554
0.0037090720143169165
0.003722971072420478
0.0036027939058840275
0.0035977938678115606
0.0035425773821771145
0.003542401595041156
0.0035999875981360674
0.0035986185539513826
0.0037415132392197847
0.003739996813237667
0.0033806359861046076
0.0033778061624616385
0.003313361667096615
0.0033138198778033257
0.003230654401704669
0.0032272040843963623
0.00333259510807693
0.003314906032755971
0.0032905698753893375
0.0032944688573479652
0.0031608783174306154
0.0031487904489040375
0.003158431500196457
0.0031655882485210896
0.003099332097917795
0.0030947306659072638
0.0032092847395688295
0.003210795344784856
0.003073284635320306
0.003074580105021596
0.0029860702343285084
0.002983556129038334
0.0029741835314780474
0.0029808087274432182
0.0029480713419616222
0.002932946663349867
0.0028637258801609278
0.002871589967980981
0.002903701737523079
0.0029058719519525766
0.0028314136434346437
0.002826177515089512
0.0028093205764889717
0.002807056996971369
0.002768490696325898
0.0027645896188914776
0.0027808009181171656
0.0027675072196871042
0.0027286626864224672
0.002727760933339596
0.002727655926719308
0.0027293520979583263
0.0026491363532841206
0.0026454718317836523
0.0026254404801875353
0.0026261687744408846
0.0026862306986004114
0.002676961477845907
0.002604728564620018
0.0026030188892036676
0.0026108589954674244
0.0026143051218241453
0.00276959128677845
0.002754031680524349
0.002621967112645507
0.0026082205586135387
0.002474467270076275
0.002482109935954213
0.002454980742186308
0.002459673210978508
0.0023585984017699957
0.0023686455097049475
0.0023355570156127214
0.002327938796952367
0.002301321364939213
0.0022994966711848974
0.002232595579698682
0.0022223773412406445
0.002150015439838171
0.002137919655069709
0.002119220094755292
0.002114369533956051
0.0020622070878744125
0.0020560328848659992
0.002030238276347518
0.0020304392091929913
0.0018439878476783633
0.001841315533965826
0.0019038255559280515
0.0019346709595993161
0.0017625567270442843
0.0017582071013748646
0.0017150859348475933
0.0017011621966958046
0.0016818518051877618
0.0017151313368231058
0.0016121097141876817
0.001611855230294168
0.0015179512556642294
0.001506877364590764
0.0028264469001442194
0.002824441995471716
0.0030989940278232098
0.0030844626016914845
0.003119442379102111
0.003103996394202113
0.0031266934238374233
0.0031772530637681484
0.0030848602764308453
0.003110501216724515
0.0031186393462121487
0.0031505480874329805
0.0031900829635560513
0.0030966943595558405
0.003149810479953885
0.0031572869047522545
0.003135327948257327
0.0030909953638911247
0.0030966971535235643
0.003144144546240568
0.0031034373678267
0.003104737726971507
0.0031391570810228586
0.0031410534866154194
0.003126674098894
0.0031556645408272743
0.003127571428194642
0.003141203196719289
0.003135118167847395
0.0031449757516384125
0.0031292298808693886
0.00307281780987978
0.0031368264462798834
0.003093104576691985
0.003119142958894372
0.003147825365886092
0.0031097952742129564
0.003148771822452545
0.0031253404449671507
0.003112615318968892
0.003121740184724331
0.0031133329030126333
0.003102916292846203
0.0031096930615603924
0.0031366306357085705
0.003097566543146968
0.00310676172375679
0.003143829759210348
0.003126863855868578
0.0031130302231758833
0.003126204712316394
0.0031607768032699823
0.0031223499681800604
0.003088276134803891
0.003161715343594551
0.003146884962916374
0.0031513655558228493
0.0031336331740021706
0.003116425359621644
0.0031342371366918087
0.0030966950580477715
0.003115088911727071
0.0030936787370592356
0.0031461548060178757
0.0031020361930131912
0.003134708385914564
0.0031645349226891994
0.003111597616225481
0.0030894645024091005
0.0031073165591806173
0.003145693801343441
0.0031340979039669037
0.0031088367104530334
0.0031215730123221874
0.0031064460054039955
0.0031339966226369143
0.0030908447224646807
0.00152197468560189
