245.07574462890625
244.83273315429688
216.20826721191406
216.0705108642578
186.15867614746094
186.05026245117188
152.68206787109375
152.58596801757812
116.06463623046875
115.97764587402344
79.01939392089844
78.96873474121094
46.52163314819336
46.480342864990234
22.0867977142334
22.038183212280273
7.674895763397217
7.653289794921875
1.7677417993545532
1.7677332162857056
0.6252561211585999
0.6222537159919739
0.5977157354354858
0.5962767004966736
0.6168921589851379
0.6163302659988403
0.6413037776947021
0.6416113376617432
0.6447689533233643
0.6438285708427429
0.5995445847511292
0.5997653603553772
0.6219669580459595
0.6212852001190186
0.6135408282279968
0.6127970218658447
0.6401452422142029
0.6389095187187195
0.6160414218902588
0.6176776885986328
0.592498242855072
0.592928946018219
0.619598388671875
0.6106719970703125
0.5647217035293579
0.561540424823761
0.4998743236064911
0.4949454963207245
0.44237035512924194
0.44678235054016113
0.47828614711761475
0.4773554503917694
0.4199999272823334
0.41865846514701843
0.4248894155025482
0.4242881238460541
0.3470894396305084
0.34877514839172363
0.412565678358078
0.4118075966835022
0.40961194038391113
0.4148489832878113
0.4381781220436096
0.43680211901664734
0.45403245091438293
0.46033650636672974
0.49672529101371765
0.4903703033924103
0.5040864944458008
0.5165603756904602
0.4611746668815613
0.46667221188545227
0.4406042695045471
0.4489964544773102
0.443989098072052
0.4390944540500641
0.4175122380256653
0.4200133979320526
0.3837074041366577
0.39324086904525757
0.33463969826698303
0.3369618058204651
0.3284313976764679
0.32716432213783264
0.32572928071022034
0.32565951347351074
0.310879647731781
0.3117249310016632
0.34705257415771484
0.34691473841667175
0.2901158332824707
0.2903468608856201
0.3163394033908844
0.31712839007377625
0.2772126793861389
0.27783942222595215
0.33213672041893005
0.33377113938331604
0.2944744825363159
0.2952471077442169
0.28622472286224365
0.28497666120529175
0.2762676477432251
0.27718308568000793
0.266215980052948
0.2680622935295105
0.2765723168849945
0.27629774808883667
0.2814153730869293
0.2804478704929352
0.30159857869148254
0.301967591047287
0.2732689380645752
0.2729445993900299
0.27488288283348083
0.27393823862075806
0.2947233021259308
0.29488784074783325
0.29952776432037354
0.2997979521751404
0.26419302821159363
0.26535823941230774
0.2884548306465149
0.28671377897262573
0.2503971457481384
0.25120535492897034
0.30217140913009644
0.30144137144088745
0.3083077073097229
0.31195876002311707
0.301524817943573
0.3056696355342865
0.29637038707733154
0.29606887698173523
0.3006416857242584
0.3027037978172302
0.306455135345459
0.3069457411766052
0.29225394129753113
0.29309436678886414
0.3476846516132355
0.3481786549091339
0.31294289231300354
0.3161144554615021
0.32716867327690125
0.3278774917125702
0.3731095790863037
0.37034866213798523
0.4207557439804077
0.41679346561431885
0.4346921443939209
0.4397110641002655
0.4269644618034363
0.43137308955192566
0.4745664596557617
0.47770586609840393
0.6042410135269165
0.6099920868873596
0.6007933020591736
0.5872651934623718
0.7221457362174988
0.7449570894241333
0.6378316879272461
0.6071454882621765
0.6941436529159546
0.6898489594459534
0.701129138469696
0.7211531400680542
0.6763261556625366
0.6717689037322998
0.7204989790916443
0.7311460375785828
0.6625490188598633
0.657271683216095
1.073033094406128
1.0709950923919678
1.1157374382019043
1.1120363473892212
1.1257537603378296
1.1406002044677734
1.1478214263916016
1.1445056200027466
1.1238845586776733
1.1113566160202026
1.1293970346450806
1.145256757736206
1.1413865089416504
1.1225125789642334
1.1587375402450562
1.1376763582229614
1.1347299814224243
1.1237080097198486
1.120381474494934
1.138126254081726
1.1336911916732788
1.1210899353027344
1.1329891681671143
1.1359202861785889
1.131073236465454
1.1377726793289185
1.1255016326904297
1.1322896480560303
1.1313896179199219
1.144097089767456
1.1424559354782104
1.1060497760772705
1.1376515626907349
1.1273623704910278
1.1233360767364502
1.1529682874679565
1.1050721406936646
1.1299562454223633
1.13382887840271
1.12311851978302
1.1245388984680176
1.118004322052002
1.1280626058578491
1.1309292316436768
1.1403181552886963
1.1313453912734985
1.1256808042526245
1.1324772834777832
1.1174561977386475
1.1223615407943726
1.1356468200683594
1.1201003789901733
1.1340255737304688
1.1311674118041992
1.1406999826431274
1.1326556205749512
1.1370424032211304
1.1292401552200317
1.1544694900512695
1.140796422958374
1.1411163806915283
1.1285728216171265
1.1338473558425903
1.1361031532287598
1.126853346824646
1.1416743993759155
1.139591932296753
1.1171797513961792
1.1115535497665405
1.1199843883514404
1.125341534614563
1.136568546295166
1.1227622032165527
1.1212306022644043
1.1306649446487427
1.1350750923156738
1.124855637550354
0.6571274399757385
