0.31323686242103577
0.31297144293785095
0.2765451669692993
0.27638986706733704
0.23856239020824432
0.2384353131055832
0.19626319408416748
0.19614875316619873
0.14988362789154053
0.14977942407131195
0.1028415858745575
0.1027781218290329
0.06121685355901718
0.061164095997810364
0.02959289960563183
0.02953733317553997
0.011164478026330471
0.011141337454319
0.005614751949906349
0.005612014327198267
0.005074924323707819
0.005071961786597967
0.005030392669141293
0.005029146559536457
0.0049944245256483555
0.0049920580349862576
0.004955639131367207
0.004954021889716387
0.004907125607132912
0.00490605691447854
0.004847270902246237
0.004846944008022547
0.004755278117954731
0.004754646681249142
0.0046086921356618404
0.004608743824064732
0.0043736835941672325
0.004375877324491739
0.0040885224007070065
0.004093763884156942
0.003834120463579893
0.0038335705175995827
0.003658384783193469
0.0036495598033070564
0.0035349391400814056
0.0035320650786161423
0.003445624839514494
0.0034480122849345207
0.003368083154782653
0.0033703939989209175
0.0032974325586110353
0.00330077251419425
0.0032471464946866035
0.0032475218176841736
0.003198531921952963
0.0031976993195712566
0.003154708771035075
0.00315502448938787
0.003102388698607683
0.0031023211777210236
0.0030469619669020176
0.0030465726740658283
0.0029651864897459745
0.0029649536591023207
0.0028913363348692656
0.002892401535063982
0.0028197418432682753
0.0028206747956573963
0.002741031814366579
0.002744861878454685
0.002680176869034767
0.0026814062148332596
0.0026333057321608067
0.0026393926236778498
0.0025951273273676634
0.0025976630859076977
0.0025537104811519384
0.0025561745278537273
0.0025221537798643112
0.00252619874663651
0.0025030106771737337
0.0025030660908669233
0.0024984884075820446
0.002499493770301342
0.002468002960085869
0.0024678909685462713
0.0024566957727074623
0.002456539310514927
0.002450593514367938
0.0024509939830750227
0.0024455315433442593
0.0024430921766906977
0.0024421748239547014
0.002442173892632127
0.002431039698421955
0.002432144246995449
0.002427108585834503
0.0024277474731206894
0.0024201683700084686
0.0024202223867177963
0.0024425785522907972
0.0024443077854812145
0.0024148612283170223
0.0024138903245329857
0.0024118805304169655
0.002412540838122368
0.0024043263401836157
0.0024049105122685432
0.002398759126663208
0.002399040386080742
0.0023934273049235344
0.002392461523413658
0.0023898479994386435
0.0023904636036604643
0.002383106853812933
0.002383161336183548
0.002381460042670369
0.002382397186011076
0.0023745528887957335
0.0023747426457703114
0.0023735181894153357
0.0023723181802779436
0.0023658594582229853
0.0023665104527026415
0.0023662145249545574
0.0023664573673158884
0.0023553427308797836
0.0023544414434581995
0.0023537862580269575
0.0023522053379565477
0.0023488185834139585
0.002345599699765444
0.0023372466675937176
0.002338811056688428
0.0023354929871857166
0.002335406607016921
0.002340409904718399
0.0023402604274451733
0.0023295441642403603
0.00232676905579865
0.0023116080556064844
0.002312900498509407
0.002299869665876031
0.002295119222253561
0.0022819784935563803
0.002277444815263152
0.0022591606248170137
0.0022572753950953484
0.0022216439247131348
0.0022242648992687464
0.0021842210553586483
0.002183101838454604
0.0021375922951847315
0.002137306844815612
0.002079193713143468
0.0020818221382796764
0.0020044599659740925
0.0019999078940600157
0.0019351615337654948
0.0019300736021250486
0.001868709339760244
0.00187268469016999
0.001800067606382072
0.0018009432824328542
0.0017134480876848102
0.0017199659487232566
0.0016275327652692795
0.0016382947796955705
0.001530408626422286
0.0015452614752575755
0.001458446029573679
0.0014631005469709635
0.001366148004308343
0.0013620591489598155
0.0018167214002460241
0.0018079433357343078
0.0019094343297183514
0.0019046661909669638
0.001926082419231534
0.0019334029639139771
0.0019462103955447674
0.0019544402603060007
0.0019145867554470897
0.001911385916173458
0.0019274366786703467
0.0019490171689540148
0.001953297760337591
0.0019181679235771298
0.001958930166438222
0.0019437142182141542
0.0019373944960534573
0.0019140628864988685
0.001917903427965939
0.0019388196524232626
0.001928039942868054
0.0019150831503793597
0.0019305923487991095
0.0019376373384147882
0.001930244266986847
0.0019445228390395641
0.0019260679837316275
0.001936842454597354
0.0019348583882674575
0.0019435998983681202
0.0019393888069316745
0.0018980576423928142
0.0019383354810997844
0.0019193108892068267
0.001920036505907774
0.0019538539927452803
0.0019054928561672568
0.0019372839014977217
0.0019329802598804235
0.0019223715644329786
0.001924007199704647
0.001922406954690814
0.0019253181526437402
0.0019273745128884912
0.0019413280533626676
0.0019243350252509117
0.0019238351378589869
0.001935605425387621
0.0019142297096550465
0.0019232913618907332
0.0019315812969580293
0.0019290874479338527
0.0019304899033159018
0.0019229261670261621
0.0019456710433587432
0.0019370109075680375
0.0019365944899618626
0.0019282284192740917
0.001945405500009656
0.0019414618145674467
0.0019269624026492238
0.0019253379432484508
0.001923226285725832
0.0019341420847922564
0.0019235076615586877
0.0019373692339286208
0.0019488742109388113
0.0019147592829540372
0.0019086760003119707
0.0019191569881513715
0.0019306122558191419
0.0019371770322322845
0.0019214052008464932
0.0019222322152927518
0.0019257551757618785
0.0019364431500434875
0.0019140794174745679
0.0013684923760592937
