1.26554274559021
1.2655526399612427
1.1489272117614746
1.1489349603652954
1.0355380773544312
1.0355077981948853
0.911361038684845
0.9113826155662537
0.7732872366905212
0.7733328938484192
0.629018247127533
0.6290539503097534
0.4860461354255676
0.48597902059555054
0.3543698787689209
0.35434767603874207
0.24591641128063202
0.2459520548582077
0.20241759717464447
0.2023593634366989
0.23094938695430756
0.2309434413909912
0.23644237220287323
0.23641015589237213
0.23441916704177856
0.23444488644599915
0.23817308247089386
0.2381943166255951
0.23874586820602417
0.23877766728401184
0.23641815781593323
0.23643332719802856
0.2438245713710785
0.24376212060451508
0.23977412283420563
0.23973239958286285
0.2394961267709732
0.23935715854167938
0.2269308716058731
0.22681841254234314
0.21258962154388428
0.2124754637479782
0.2061089277267456
0.20618684589862823
0.2020927518606186
0.2019692212343216
0.20048455893993378
0.2004729062318802
0.19986890256404877
0.19969221949577332
0.20509831607341766
0.2049538493156433
0.20768769085407257
0.2077474296092987
0.2076297551393509
0.20746096968650818
0.2053183615207672
0.20519670844078064
0.2092875838279724
0.2091405689716339
0.21089503169059753
0.2108616679906845
0.20872105658054352
0.2087990641593933
0.20529812574386597
0.20534898340702057
0.210321307182312
0.2102476805448532
0.20842328667640686
0.20858226716518402
0.2075473964214325
0.20760805904865265
0.20795977115631104
0.2078617513179779
0.2097078263759613
0.20958298444747925
0.2090684473514557
0.20932349562644958
0.2090076506137848
0.20924197137355804
0.20748959481716156
0.20758266746997833
0.20545220375061035
0.20546287298202515
0.20912601053714752
0.20930734276771545
0.20906758308410645
0.20911842584609985
0.21110759675502777
0.21128621697425842
0.20756755769252777
0.20745040476322174
0.20789489150047302
0.20785725116729736
0.2118263691663742
0.21199634671211243
0.20593318343162537
0.20580284297466278
0.2117132544517517
0.2117321938276291
0.2135194092988968
0.21349187195301056
0.2090890109539032
0.20896399021148682
0.21004724502563477
0.21010252833366394
0.21139487624168396
0.21155840158462524
0.20962993800640106
0.2095319628715515
0.2100442796945572
0.20995457470417023
0.20765644311904907
0.20771324634552002
0.2093229591846466
0.20924675464630127
0.21056975424289703
0.21018271148204803
0.20929455757141113
0.20907458662986755
0.2075769007205963
0.20772497355937958
0.20779958367347717
0.20813532173633575
0.20945018529891968
0.20934806764125824
0.20809859037399292
0.2079690843820572
0.2090396285057068
0.20903638005256653
0.20624969899654388
0.20650996267795563
0.20981043577194214
0.2096586972475052
0.20688678324222565
0.20665809512138367
0.20426775515079498
0.20433776080608368
0.20649762451648712
0.20643149316310883
0.2079588770866394
0.20790435373783112
0.2077903300523758
0.20754346251487732
0.20668888092041016
0.20650841295719147
0.20764288306236267
0.20784294605255127
0.20657992362976074
0.2067943811416626
0.2060120552778244
0.20572540163993835
0.20669570565223694
0.20660518109798431
0.2063588798046112
0.20642250776290894
0.20856566727161407
0.20856080949306488
0.20757217705249786
0.20757447183132172
0.20653362572193146
0.2064605951309204
0.2061462253332138
0.20619149506092072
0.2064957618713379
0.2062227427959442
0.20458681881427765
0.20454300940036774
0.20494678616523743
0.20470716059207916
0.207469642162323
0.20735853910446167
0.20530855655670166
0.2053702175617218
0.20822031795978546
0.20815391838550568
0.2087065577507019
0.20860989391803741
0.20873571932315826
0.20874303579330444
0.20860178768634796
0.20875996351242065
0.20874948799610138
0.20874600112438202
0.2088691145181656
0.20881235599517822
0.20893767476081848
0.20874594151973724
0.2088552862405777
0.20863518118858337
0.20868055522441864
0.2086118757724762
0.2085491418838501
0.20880722999572754
0.20854170620441437
0.208638995885849
0.20869863033294678
0.2089765965938568
0.20881609618663788
0.20897002518177032
0.20866332948207855
0.20888751745224
0.2089773714542389
0.20888860523700714
0.20857146382331848
0.2085457444190979
0.20884330570697784
0.20867526531219482
0.20848798751831055
0.20883171260356903
0.2086586356163025
0.20906247198581696
0.20883673429489136
0.20888255536556244
0.2083749622106552
0.2087460607290268
0.20882223546504974
0.20867836475372314
0.2089579999446869
0.20861652493476868
0.20879581570625305
0.20874781906604767
0.20880067348480225
0.20865888893604279
0.20862597227096558
0.2087458372116089
0.20867374539375305
0.2087557166814804
0.20883511006832123
0.20889413356781006
0.2086430937051773
0.20882448554039001
0.208695188164711
0.20882704854011536
0.20874501764774323
0.20841912925243378
0.2086995244026184
0.2086104303598404
0.20860359072685242
0.20859959721565247
0.20889542996883392
0.20866796374320984
0.20858906209468842
0.20882117748260498
0.20867152512073517
0.20866873860359192
0.20879784226417542
0.20866331458091736
0.2086048126220703
0.20866869390010834
0.2086833417415619
0.20515680313110352
