1.2658034563064575
1.2658127546310425
1.1491254568099976
1.149132490158081
1.0357029438018799
1.0356733798980713
0.911498486995697
0.9115227460861206
0.7733973860740662
0.7734444737434387
0.6290978193283081
0.6291332244873047
0.4860962927341461
0.4860246479511261
0.35439005494117737
0.3543718159198761
0.24592451751232147
0.2459617555141449
0.2024237960577011
0.20236431062221527
0.23095756769180298
0.23094822466373444
0.23644766211509705
0.23641546070575714
0.2344251573085785
0.23445351421833038
0.23817682266235352
0.2381983995437622
0.23875239491462708
0.23878581821918488
0.23642531037330627
0.2364402562379837
0.2438284009695053
0.24376806616783142
0.23977813124656677
0.23974043130874634
0.23950284719467163
0.23936103284358978
0.2269418090581894
0.22682753205299377
0.21260787546634674
0.2124813050031662
0.20613037049770355
0.20621804893016815
0.20211383700370789
0.20199933648109436
0.20050927996635437
0.20048780739307404
0.19990216195583344
0.1997099667787552
0.20512209832668304
0.2049795240163803
0.2077205926179886
0.20778265595436096
0.20765726268291473
0.2074722796678543
0.205349400639534
0.2052193433046341
0.20930908620357513
0.20915253460407257
0.2109140306711197
0.21087868511676788
0.20874269306659698
0.20880918204784393
0.20529653131961823
0.20536023378372192
0.21033312380313873
0.21025288105010986
0.20842799544334412
0.20859161019325256
0.20753799378871918
0.20761413872241974
0.20796452462673187
0.20786817371845245
0.20971621572971344
0.2095867544412613
0.2090708166360855
0.20931927859783173
0.20901843905448914
0.20923984050750732
0.20749571919441223
0.20758093893527985
0.2054518461227417
0.2054586559534073
0.20912425220012665
0.2093084305524826
0.20906515419483185
0.20911893248558044
0.21111217141151428
0.2112836241722107
0.20756757259368896
0.20745402574539185
0.20789264142513275
0.20785483717918396
0.21182310581207275
0.21199634671211243
0.20593103766441345
0.20580050349235535
0.2117123007774353
0.21172817051410675
0.21351802349090576
0.21348930895328522
0.20908381044864655
0.20896406471729279
0.21003952622413635
0.2100987434387207
0.2113923877477646
0.21155475080013275
0.20963013172149658
0.20953203737735748
0.21004274487495422
0.20995457470417023
0.2076554298400879
0.20770974457263947
0.20931893587112427
0.20924223959445953
0.21056611835956573
0.210175558924675
0.20928946137428284
0.20907454192638397
0.20757868885993958
0.20772293210029602
0.2078004777431488
0.2081286609172821
0.20944592356681824
0.2093430608510971
0.20809242129325867
0.20797038078308105
0.20903456211090088
0.2090313732624054
0.20624679327011108
0.20650844275951385
0.20980657637119293
0.20965522527694702
0.20687943696975708
0.2066567987203598
0.2042616903781891
0.20433053374290466
0.2064896821975708
0.20643068850040436
0.20795781910419464
0.2078997939825058
0.20778433978557587
0.20754440128803253
0.20668314397335052
0.2065034657716751
0.20763809978961945
0.20783746242523193
0.20657677948474884
0.20679153501987457
0.2060062289237976
0.20572340488433838
0.2066963165998459
0.20659780502319336
0.20635762810707092
0.20642094314098358
0.2085663080215454
0.20856063067913055
0.2075704038143158
0.20758093893527985
0.20651884377002716
0.20645098388195038
0.20614805817604065
0.2061837911605835
0.2064875066280365
0.20622065663337708
0.20457950234413147
0.20453475415706635
0.20494695007801056
0.20470833778381348
0.20746512711048126
0.20735669136047363
0.20530055463314056
0.2053668051958084
0.2082194685935974
0.20815196633338928
0.20870444178581238
0.20860271155834198
0.20873062312602997
0.2087317556142807
0.2085871547460556
0.2087559700012207
0.20874746143817902
0.20873628556728363
0.2088543027639389
0.20880575478076935
0.2089310586452484
0.20874406397342682
0.2088414579629898
0.20862238109111786
0.20867246389389038
0.2086023986339569
0.208547905087471
0.20879553258419037
0.20853684842586517
0.20863890647888184
0.20869837701320648
0.208969384431839
0.2088068127632141
0.20895898342132568
0.2086535096168518
0.2088831514120102
0.208966463804245
0.20888231694698334
0.20857568085193634
0.20854449272155762
0.2088335007429123
0.2086656093597412
0.20847855508327484
0.20882555842399597
0.20864881575107574
0.20904843509197235
0.208833247423172
0.20886889100074768
0.20836733281612396
0.20873628556728363
0.20880572497844696
0.20867706835269928
0.20894381403923035
0.20861028134822845
0.20878203213214874
0.20873422920703888
0.20880524814128876
0.20865468680858612
0.20861788094043732
0.20873790979385376
0.20866574347019196
0.20875371992588043
0.20883259177207947
0.20888246595859528
0.20863808691501617
0.20881913602352142
0.208696648478508
0.20881271362304688
0.2087392807006836
0.2084171622991562
0.20869125425815582
0.20860756933689117
0.2085997462272644
0.20859256386756897
0.2088884711265564
0.2086605578660965
0.20857928693294525
0.2088085561990738
0.20866109430789948
0.2086666375398636
0.20879074931144714
0.2086564302444458
0.2086014747619629
0.20865844190120697
0.2086663395166397
0.2045748382806778
