0.6036961078643799
0.6037000417709351
0.5557379722595215
0.5557335019111633
0.5077303051948547
0.5077145099639893
0.45353543758392334
0.45353442430496216
0.39133554697036743
0.3913721740245819
0.3236902952194214
0.3236737549304962
0.25408443808555603
0.25400543212890625
0.18776574730873108
0.1877589374780655
0.13165123760700226
0.13169948756694794
0.10828698426485062
0.10824631154537201
0.12313303351402283
0.12313971668481827
0.12647973001003265
0.12646165490150452
0.12582217156887054
0.1258479654788971
0.12831620872020721
0.12833470106124878
0.1291934996843338
0.1292327642440796
0.12885551154613495
0.12885035574436188
0.13407407701015472
0.13403481245040894
0.13380856812000275
0.13379713892936707
0.13642793893814087
0.13624678552150726
0.13161616027355194
0.1315620243549347
0.12535612285137177
0.12527324259281158
0.12326952815055847
0.12332019954919815
0.12171048671007156
0.1216747835278511
0.12116635590791702
0.12114698439836502
0.12080243974924088
0.12056217342615128
0.12407789379358292
0.12391339987516403
0.12562257051467896
0.12561385333538055
0.12547370791435242
0.12526358664035797
0.12394347786903381
0.12380655854940414
0.1264248937368393
0.12628941237926483
0.1274404674768448
0.12741737067699432
0.1260945200920105
0.1261175572872162
0.12392909079790115
0.124073825776577
0.12714995443820953
0.12706732749938965
0.12601204216480255
0.1261591613292694
0.12552207708358765
0.12562891840934753
0.12584173679351807
0.12575675547122955
0.12701956927776337
0.12701669335365295
0.126596599817276
0.12686170637607574
0.1266002655029297
0.1268606334924698
0.12568897008895874
0.12579591572284698
0.12448907643556595
0.1244991272687912
0.1268729418516159
0.12709735333919525
0.1269495040178299
0.1269744336605072
0.12830880284309387
0.1284700632095337
0.12606829404830933
0.12593244016170502
0.12626312673091888
0.12625016272068024
0.12884284555912018
0.1290128380060196
0.12526090443134308
0.12512627243995667
0.12890926003456116
0.1289517879486084
0.130197674036026
0.13017435371875763
0.1273203343153
0.12722980976104736
0.12798207998275757
0.12800373136997223
0.1288510113954544
0.1289796382188797
0.12778857350349426
0.1276521235704422
0.1281888633966446
0.1280924379825592
0.12666237354278564
0.12674717605113983
0.12780462205410004
0.12774841487407684
0.1287730485200882
0.12839505076408386
0.12801651656627655
0.12784983217716217
0.12686672806739807
0.12696689367294312
0.12708167731761932
0.12743708491325378
0.12825001776218414
0.12819722294807434
0.12748655676841736
0.12737461924552917
0.12824493646621704
0.12820115685462952
0.12642763555049896
0.12669117748737335
0.12882816791534424
0.12868545949459076
0.12702035903930664
0.12683652341365814
0.12532411515712738
0.12534815073013306
0.12685683369636536
0.1267278790473938
0.1279316395521164
0.12786908447742462
0.1278694123029709
0.1276654303073883
0.127287358045578
0.1271132528781891
0.12791243195533752
0.12809790670871735
0.12728270888328552
0.12751154601573944
0.12707994878292084
0.12686249613761902
0.12753872573375702
0.12742052972316742
0.12738338112831116
0.12743531167507172
0.12897342443466187
0.12895174324512482
0.12837766110897064
0.1283310353755951
0.1278517097234726
0.1277376115322113
0.1275363266468048
0.127584770321846
0.12787964940071106
0.12763839960098267
0.12676304578781128
0.1266486942768097
0.12688413262367249
0.1266855001449585
0.12864020466804504
0.12848258018493652
0.12718191742897034
0.1272279918193817
0.12928041815757751
0.12932974100112915
0.12970632314682007
0.12964025139808655
0.12978678941726685
0.1298079639673233
0.129648819565773
0.12968038022518158
0.12978483736515045
0.12974441051483154
0.1298093944787979
0.1298462152481079
0.1299741268157959
0.12977980077266693
0.12986908853054047
0.12963749468326569
0.1296384036540985
0.1296403855085373
0.12961497902870178
0.12983526289463043
0.1295471042394638
0.1295752376317978
0.12964653968811035
0.12996678054332733
0.12987825274467468
0.1299075037240982
0.12964023649692535
0.12988437712192535
0.12997967004776
0.12990161776542664
0.12954752147197723
0.12962289154529572
0.1298283338546753
0.1296461522579193
0.12951646745204926
0.129795104265213
0.12965290248394012
0.12998400628566742
0.12986518442630768
0.1299392282962799
0.12937502562999725
0.1297355592250824
0.12980470061302185
0.12964415550231934
0.12998643517494202
0.129682719707489
0.12980778515338898
0.1298382729291916
0.1297360509634018
0.1296990066766739
0.12966305017471313
0.1297357827425003
0.12968216836452484
0.12976965308189392
0.12982840836048126
0.1299208253622055
0.12957730889320374
0.12985338270664215
0.12970787286758423
0.12986186146736145
0.12977778911590576
0.12942920625209808
0.12974752485752106
0.12962794303894043
0.12963034212589264
0.1295466423034668
0.1299048811197281
0.1296408623456955
0.12960593402385712
0.12978991866111755
0.12968653440475464
0.12963372468948364
0.1297990381717682
0.12963315844535828
0.12966331839561462
0.12972043454647064
0.1296791434288025
0.12707699835300446
