-0.029384374618530273
-0.029379844665527344
-0.023349523544311523
-0.023343324661254883
-0.01818704605102539
-0.018174171447753906
-0.013326168060302734
-0.01332235336303711
-0.00888681411743164
-0.00894618034362793
-0.005392313003540039
-0.005365848541259766
-0.00286865234375
-0.00278472900390625
-0.0012650489807128906
-0.0012767314910888672
-0.0005202293395996094
-0.0005919933319091797
-0.0003333091735839844
-0.0002982616424560547
-0.00042247772216796875
-0.0004096031188964844
-0.00041365623474121094
-0.0003807544708251953
-0.0004074573516845703
-0.0004475116729736328
-0.0004324913024902344
-0.0004248619079589844
-0.0004208087921142578
-0.0004749298095703125
-0.0004649162292480469
-0.0004889965057373047
-0.0005319118499755859
-0.0005161762237548828
-0.0005609989166259766
-0.000553131103515625
-0.0007035732269287109
-0.0005161762237548828
-0.0007615089416503906
-0.0008103847503662109
-0.0008156299591064453
-0.0007767677307128906
-0.0011560916900634766
-0.0011494159698486328
-0.0010886192321777344
-0.0009326934814453125
-0.0011115074157714844
-0.0010900497436523438
-0.0011737346649169922
-0.0008640289306640625
-0.0011849403381347656
-0.0011396408081054688
-0.001199483871459961
-0.001201629638671875
-0.001077890396118164
-0.000827789306640625
-0.0011034011840820312
-0.00087738037109375
-0.00115966796875
-0.0009353160858154297
-0.0011096000671386719
-0.0010159015655517578
-0.0009236335754394531
-0.0010123252868652344
-0.0009450912475585938
-0.001102447509765625
-0.0009288787841796875
-0.0009238719940185547
-0.0007886886596679688
-0.0008654594421386719
-0.0008702278137207031
-0.0008068084716796875
-0.0007395744323730469
-0.0007281303405761719
-0.0010106563568115234
-0.001003265380859375
-0.0006985664367675781
-0.001065969467163086
-0.0007596015930175781
-0.0010547637939453125
-0.0008180141448974609
-0.0009860992431640625
-0.0008440017700195312
-0.0009465217590332031
-0.0008556842803955078
-0.0010302066802978516
-0.0008716583251953125
-0.0009179115295410156
-0.0008478164672851562
-0.0011441707611083984
-0.0009591579437255859
-0.0007140636444091797
-0.0008332729339599609
-0.0008382797241210938
-0.0008561611175537109
-0.0010249614715576172
-0.0010097026824951172
-0.0008416175842285156
-0.0008244514465332031
-0.000957489013671875
-0.0010030269622802734
-0.0010428428649902344
-0.0009703636169433594
-0.0008664131164550781
-0.0009548664093017578
-0.0009679794311523438
-0.0007739067077636719
-0.0009129047393798828
-0.0006132125854492188
-0.0006330013275146484
-0.0008542537689208984
-0.0007832050323486328
-0.0008375644683837891
-0.0008432865142822266
-0.0007982254028320312
-0.0006978511810302734
-0.0010259151458740234
-0.0007076263427734375
-0.0010824203491210938
-0.0008754730224609375
-0.0006911754608154297
-0.0007398128509521484
-0.0007684230804443359
-0.0010440349578857422
-0.0007729530334472656
-0.0008432865142822266
-0.0007960796356201172
-0.0007464885711669922
-0.0008959770202636719
-0.0008158683776855469
-0.000736236572265625
-0.0008919239044189453
-0.0008413791656494141
-0.0006501674652099609
-0.0010149478912353516
-0.0005633831024169922
-0.000690460205078125
-0.0008471012115478516
-0.0009365081787109375
-0.0007193088531494141
-0.00072479248046875
-0.0006856918334960938
-0.0008566379547119141
-0.0005974769592285156
-0.0009224414825439453
-0.0007147789001464844
-0.0008609294891357422
-0.0010526180267333984
-0.0007627010345458984
-0.0009324550628662109
-0.0009868144989013672
-0.0005135536193847656
-0.0006268024444580078
-0.0006222724914550781
-0.0007963180541992188
-0.0008749961853027344
-0.0008039474487304688
-0.0007739067077636719
-0.0007574558258056641
-0.0007460117340087891
-0.0009946823120117188
-0.0008296966552734375
-0.0007569789886474609
-0.0009756088256835938
-0.0010831356048583984
-0.0008108615875244141
-0.0010645389556884766
-0.0009529590606689453
-0.0009069442749023438
-0.0006718635559082031
-0.0010807514190673828
-0.0007417201995849609
-0.0009317398071289062
-0.0009407997131347656
-0.0008618831634521484
-0.0005981922149658203
-0.0008862018585205078
-0.0009338855743408203
-0.0010001659393310547
-0.0009226799011230469
-0.000812530517578125
-0.0006792545318603516
-0.0009756088256835938
-0.0009343624114990234
-0.00116729736328125
-0.0011096000671386719
-0.0011241436004638672
-0.0010607242584228516
-0.0011565685272216797
-0.0008420944213867188
-0.0008614063262939453
-0.0008788108825683594
-0.0008563995361328125
-0.0009913444519042969
-0.0008368492126464844
-0.0007207393646240234
-0.0008029937744140625
-0.0011951923370361328
-0.0011093616485595703
-0.0011494159698486328
-0.0008399486541748047
-0.0010347366333007812
-0.0012760162353515625
-0.001056671142578125
-0.0007200241088867188
-0.0008668899536132812
-0.0009818077087402344
-0.0009741783142089844
-0.0006585121154785156
-0.0010480880737304688
-0.0008759498596191406
-0.0012309551239013672
-0.0010333061218261719
-0.001199483871459961
-0.00049591064453125
-0.0010712146759033203
-0.0011899471282958984
-0.0009529590606689453
-0.0011553764343261719
-0.0008285045623779297
-0.0010690689086914062
-0.0009393692016601562
-0.0009007453918457031
-0.0009453296661376953
-0.0008053779602050781
-0.0008800029754638672
-0.000873565673828125
-0.0009710788726806641
-0.0008788108825683594
-0.0010764598846435547
-0.0006279945373535156
-0.0010273456573486328
-0.0008475780487060547
-0.0011343955993652344
-0.001055002212524414
-0.0005745887756347656
-0.0009827613830566406
-0.0007810592651367188
-0.0007524490356445312
-0.0006918907165527344
-0.001041412353515625
-0.0008704662322998047
-0.0008757114410400391
-0.0011293888092041016
-0.0009083747863769531
-0.0007009506225585938
-0.0009925365447998047
-0.0008778572082519531
-0.0008237361907958984
-0.0009284019470214844
-0.0009677410125732422
-0.0006930828094482422
