14.632247924804688
13.974128723144531
12.252265930175781
11.79336929321289
10.248973846435547
9.851228713989258
8.276739120483398
7.902191162109375
6.288965225219727
5.966312408447266
4.401878356933594
4.126846790313721
2.7762811183929443
2.589266777038574
1.560059666633606
1.4255762100219727
0.7951488494873047
0.7218875885009766
0.4666036367416382
0.42761993408203125
0.46512332558631897
0.4278310239315033
0.43738600611686707
0.4018121361732483
0.40901464223861694
0.3764621317386627
0.390074759721756
0.3642868995666504
0.37365251779556274
0.3522860109806061
0.35263991355895996
0.33510732650756836
0.3635445535182953
0.3475048542022705
0.37298649549484253
0.35637515783309937
0.4295927584171295
0.4049586057662964
0.49960392713546753
0.48158445954322815
0.5399730801582336
0.5344485640525818
0.5930599570274353
0.633562445640564
0.6008923053741455
0.6412796974182129
0.5714969635009766
0.5945592522621155
0.5771450400352478
0.5526661276817322
0.6208419799804688
0.5699608325958252
0.5561978220939636
0.5924771428108215
0.5965238213539124
0.5417000651359558
0.5087499618530273
0.526544451713562
0.5385755300521851
0.531347930431366
0.5368976593017578
0.554054319858551
0.5142756700515747
0.5174822807312012
0.4934386610984802
0.5028175115585327
0.5027685165405273
0.4981341063976288
0.4887273907661438
0.4902888834476471
0.464102178812027
0.4678162634372711
0.46553438901901245
0.4061911702156067
0.4510849714279175
0.44451719522476196
0.41493529081344604
0.3990226984024048
0.3844239115715027
0.38404569029808044
0.3565923869609833
0.37491071224212646
0.34857386350631714
0.33943477272987366
0.3470247983932495
0.3334600329399109
0.33242112398147583
0.3389533460140228
0.3470974862575531
0.3234362304210663
0.31186777353286743
0.29995131492614746
0.2800164818763733
0.2796991467475891
0.30539482831954956
0.27200058102607727
0.2788938879966736
0.2554458677768707
0.2568102478981018
0.25254321098327637
0.2700991630554199
0.2552790343761444
0.2239103764295578
0.2305436134338379
0.23286761343479156
0.2289547473192215
0.22433438897132874
0.2148577868938446
0.21059787273406982
0.19979500770568848
0.20608112215995789
0.20094746351242065
0.19658024609088898
0.18944953382015228
0.19776120781898499
0.18457110226154327
0.19191400706768036
0.1815587431192398
0.17994806170463562
0.1782611459493637
0.1776898205280304
0.17497380077838898
0.17547006905078888
0.17317545413970947
0.17898482084274292
0.16922740638256073
0.17655599117279053
0.16911527514457703
0.16470929980278015
0.16871650516986847
0.1607988029718399
0.16192597150802612
0.1668238341808319
0.16212552785873413
0.16011151671409607
0.15798036754131317
0.15941298007965088
0.15495514869689941
0.15818554162979126
0.15404921770095825
0.1574060022830963
0.15572881698608398
0.15742212533950806
0.15781590342521667
0.1613771915435791
0.160110205411911
0.15861642360687256
0.1639235019683838
0.1578182429075241
0.15431810915470123
0.15707506239414215
0.15934869647026062
0.16358265280723572
0.1632816195487976
0.16575206816196442
0.15957164764404297
0.17211323976516724
0.1643354892730713
0.17400053143501282
0.17119698226451874
0.16714632511138916
0.1738971769809723
0.16992297768592834
0.1686486005783081
0.18027499318122864
0.17944487929344177
0.1728856861591339
0.1595936417579651
0.1700569987297058
0.17582061886787415
0.17163783311843872
0.16997623443603516
0.17751604318618774
0.17028678953647614
0.2080778181552887
0.20714440941810608
0.2061925232410431
0.20863056182861328
0.20084227621555328
0.2023007869720459
0.20072755217552185
0.1805230677127838
0.1914823204278946
0.1994543820619583
0.20777899026870728
0.1900201439857483
0.20350593328475952
0.19680188596248627
0.18904229998588562
0.1796361207962036
0.18266430497169495
0.18048296868801117
0.17297987639904022
0.18186648190021515
0.1841461956501007
0.1810450553894043
0.17539143562316895
0.1750693917274475
0.17191661894321442
0.17869573831558228
0.18004083633422852
0.17873506247997284
0.17780432105064392
0.1621095836162567
0.17339488863945007
0.16389259696006775
0.16558459401130676
0.16288767755031586
0.16113319993019104
0.1631179302930832
0.16926540434360504
0.16177141666412354
0.1593734622001648
0.161433145403862
0.1576642096042633
0.15522246062755585
0.16254650056362152
0.15389932692050934
0.1580672562122345
0.15984874963760376
0.1552547812461853
0.1549321860074997
0.15561574697494507
0.15173855423927307
0.1494632363319397
0.15457777678966522
0.15685197710990906
0.1534768044948578
0.15288110077381134
0.15284733474254608
0.15467369556427002
0.15135882794857025
0.16000612080097198
0.1478268951177597
0.14972996711730957
0.15046538412570953
0.15004166960716248
0.15261881053447723
0.15158671140670776
0.15080124139785767
0.14855128526687622
0.1425054371356964
0.15228287875652313
0.1525091826915741
0.15224218368530273
0.14800795912742615
0.15266677737236023
0.14719253778457642
0.15419501066207886
0.14923715591430664
0.14863038063049316
0.17430226504802704
