0.6039056777954102
0.6038987040519714
0.5163990259170532
0.5165488719940186
0.4390447437763214
0.4393640458583832
0.3613361418247223
0.36108940839767456
0.2803460359573364
0.2804137170314789
0.20173600316047668
0.2011178433895111
0.13025107979774475
0.13112182915210724
0.07440821081399918
0.07389535754919052
0.03765828162431717
0.03764498978853226
0.026541072875261307
0.026303455233573914
0.035102132707834244
0.034827910363674164
0.0367630310356617
0.03640879690647125
0.03684995695948601
0.03669792786240578
0.038294821977615356
0.03839559853076935
0.03981766849756241
0.03977997228503227
0.04039989039301872
0.04032628610730171
0.045435987412929535
0.04515819624066353
0.0494455024600029
0.04925303906202316
0.05968344211578369
0.05862345173954964
0.0663522407412529
0.06771120429039001
0.07298419624567032
0.0735638216137886
0.08008881658315659
0.08250056207180023
0.07825762033462524
0.08973722159862518
0.07967893779277802
0.08115379512310028
0.07799886912107468
0.07807036489248276
0.08532766997814178
0.08182410895824432
0.0817895159125328
0.08306220918893814
0.08728382736444473
0.0753110945224762
0.0728258416056633
0.0782613754272461
0.07776837050914764
0.08092331141233444
0.08089713007211685
0.0868033915758133
0.07989142090082169
0.08275546133518219
0.07478422671556473
0.07868078351020813
0.0794767364859581
0.07918098568916321
0.07788031548261642
0.07844826579093933
0.07635341584682465
0.07844474911689758
0.07802870124578476
0.0749032273888588
0.07893610745668411
0.07772370427846909
0.0744745284318924
0.07658234983682632
0.07460790127515793
0.07858123630285263
0.07084866613149643
0.0758800059556961
0.07220839709043503
0.06985858827829361
0.0743841826915741
0.07376857846975327
0.07278244942426682
0.07430790364742279
0.07604832202196121
0.07670672982931137
0.0738622397184372
0.07428938895463943
0.07022812217473984
0.07334247976541519
0.07855881750583649
0.07332649827003479
0.07160834223031998
0.07136829942464828
0.07364603877067566
0.07575121521949768
0.07760576903820038
0.07927857339382172
0.06974275410175323
0.0719914585351944
0.07290588319301605
0.07603475451469421
0.07522455602884293
0.07475248724222183
0.07209445536136627
0.0732816532254219
0.07343737035989761
0.07264350354671478
0.07065749913454056
0.0733565092086792
0.07439591735601425
0.07232754677534103
0.07237853109836578
0.07367455214262009
0.07207473367452621
0.0736769512295723
0.07166846096515656
0.0710747018456459
0.07270729541778564
0.07211964577436447
0.07152605056762695
0.07192620635032654
0.07260364294052124
0.07509798556566238
0.07134564965963364
0.07115715742111206
0.07137957960367203
0.06897290796041489
0.07234291732311249
0.07409100234508514
0.07100999355316162
0.0725196897983551
0.06816814839839935
0.07130502164363861
0.07174206525087357
0.07193844765424728
0.07199312001466751
0.07190224528312683
0.07319286465644836
0.07272956520318985
0.07144835591316223
0.07092928886413574
0.07064402848482132
0.07365327328443527
0.07006017118692398
0.07299664616584778
0.07142713665962219
0.07142216712236404
0.0764479860663414
0.07529798150062561
0.07130829989910126
0.07263992726802826
0.07427434623241425
0.0755946934223175
0.07221249490976334
0.07423048466444016
0.0721823051571846
0.07125519961118698
0.07173922657966614
0.0746748074889183
0.07247164845466614
0.07642413675785065
0.07202852517366409
0.07290401309728622
0.07178902626037598
0.07385276257991791
0.07434970140457153
0.07186894118785858
0.07636521011590958
0.07212567329406738
0.07499050348997116
0.07915779948234558
0.0754103735089302
0.07758471369743347
0.07529489696025848
0.07675838470458984
0.0756300762295723
0.07473199814558029
0.0773959755897522
0.07603330910205841
0.07811981439590454
0.07568379491567612
0.07535767555236816
0.07640595734119415
0.07549194246530533
0.07527144998311996
0.07573208212852478
0.07519631832838058
0.07433073222637177
0.07461872696876526
0.07713343948125839
0.07782173156738281
0.07890283316373825
0.07524891197681427
0.07933395355939865
0.08021274954080582
0.07870495319366455
0.07379138469696045
0.07939469814300537
0.07554647326469421
0.07980306446552277
0.07617306709289551
0.07738906145095825
0.07558102160692215
0.0772060751914978
0.07496146112680435
0.07645602524280548
0.07853294163942337
0.07953710108995438
0.07670924812555313
0.07951956987380981
0.07756540924310684
0.07881887257099152
0.07885271310806274
0.07597450911998749
0.07908595353364944
0.07419781386852264
0.07965152710676193
0.07759303599596024
0.07269250601530075
0.0763508677482605
0.07771487534046173
0.07607221603393555
0.07670503109693527
0.07636035978794098
0.07873106747865677
0.0757770761847496
0.07794711738824844
0.07708196341991425
0.0778774544596672
0.07663356512784958
0.077203668653965
0.0748663917183876
0.07830820977687836
0.075055330991745
0.07630676031112671
0.0772336944937706
0.07796529680490494
0.0776086151599884
0.07577670365571976
0.07904073596000671
0.07569355517625809
0.07580511271953583
0.0749925971031189
0.07377797365188599
0.07727216929197311
0.07677653431892395
0.008078091777861118
