0.5880275964736938
0.5880170464515686
0.5012941956520081
0.501462996006012
0.4242657721042633
0.4245465099811554
0.3469648063182831
0.34674540162086487
0.26737552881240845
0.26745903491973877
0.19135700166225433
0.19075001776218414
0.12327474355697632
0.12410536408424377
0.07051050662994385
0.07006147503852844
0.03594782575964928
0.03594223037362099
0.02562473714351654
0.025386862456798553
0.03387819975614548
0.03362184390425682
0.03583395108580589
0.03549453988671303
0.035875819623470306
0.035737451165914536
0.0374310202896595
0.037536028772592545
0.03865797817707062
0.038623154163360596
0.039408616721630096
0.03933572769165039
0.044493455439805984
0.04423043131828308
0.048330891877412796
0.04814378172159195
0.058298103511333466
0.057244934141635895
0.0639391541481018
0.06518835574388504
0.06991330534219742
0.07036782801151276
0.07683970034122467
0.07911217212677002
0.07514747977256775
0.08609943091869354
0.07654283195734024
0.07797107100486755
0.07472746074199677
0.07475867122411728
0.08178617060184479
0.07851280272006989
0.07848146557807922
0.07962936162948608
0.08354447782039642
0.07225307822227478
0.0700628012418747
0.07510247826576233
0.07462538778781891
0.07780573517084122
0.07787689566612244
0.08326315134763718
0.07696831226348877
0.07968448102474213
0.07227174192667007
0.0758550614118576
0.07692890614271164
0.0766015499830246
0.07546799629926682
0.07605120539665222
0.07421485334634781
0.07614545524120331
0.0758509635925293
0.07266084849834442
0.0768410861492157
0.07572293281555176
0.07240220159292221
0.0745239406824112
0.07261428982019424
0.076564721763134
0.0689336434006691
0.0740666314959526
0.07049673050642014
0.06811345368623734
0.07256696373224258
0.07200757414102554
0.07110671699047089
0.07265593856573105
0.0744195207953453
0.07506078481674194
0.07235252857208252
0.072813481092453
0.06876324862241745
0.07183324545621872
0.07696875929832458
0.07166756689548492
0.07022099196910858
0.06986609846353531
0.07200475037097931
0.0741041973233223
0.0760173499584198
0.07774773985147476
0.06813178211450577
0.0705745592713356
0.07136333733797073
0.07448791712522507
0.07373809069395065
0.07325539737939835
0.07056844234466553
0.0716913491487503
0.07204164564609528
0.07131291180849075
0.06927339732646942
0.07192140817642212
0.07293394953012466
0.0708051398396492
0.07089367508888245
0.07217080146074295
0.07055969536304474
0.07219342142343521
0.07023313641548157
0.06965585052967072
0.07134805619716644
0.07080251723527908
0.07003840804100037
0.07054413110017776
0.07124915719032288
0.07385140657424927
0.06991438567638397
0.06957762688398361
0.0699697881937027
0.06762581318616867
0.07081479579210281
0.07266303151845932
0.0696948766708374
0.07117990404367447
0.06681569665670395
0.07013006508350372
0.07045101374387741
0.07061797380447388
0.07056847214698792
0.07041218131780624
0.07175109535455704
0.07134225219488144
0.06992374360561371
0.06948290765285492
0.06906239688396454
0.07224727421998978
0.068693146109581
0.0715050920844078
0.07014250755310059
0.07013119012117386
0.0750642791390419
0.07392007857561111
0.06984873116016388
0.07113741338253021
0.07287746667861938
0.07407671958208084
0.07067058980464935
0.07264593243598938
0.07075511664152145
0.06975073367357254
0.07028218358755112
0.07341146469116211
0.07095687836408615
0.07503480464220047
0.07061818242073059
0.0714329332113266
0.07043211907148361
0.07250821590423584
0.07295489311218262
0.07044404000043869
0.07506512105464935
0.07075634598731995
0.07382465898990631
0.07807602733373642
0.0742633119225502
0.07657437771558762
0.07418633997440338
0.0757250264286995
0.07448726147413254
0.07352613657712936
0.07628294825553894
0.07471267879009247
0.07696057856082916
0.07447124272584915
0.07424402981996536
0.07528699189424515
0.07444382458925247
0.07412583380937576
0.07472869753837585
0.07391855865716934
0.07319913804531097
0.07342470437288284
0.07608332484960556
0.0766579806804657
0.07787728309631348
0.07416225224733353
0.07840288430452347
0.07911168038845062
0.07773652672767639
0.07260983437299728
0.07836998999118805
0.07464810460805893
0.07883315533399582
0.07499129325151443
0.0762423723936081
0.0743127167224884
0.07623351365327835
0.07370831817388535
0.07537933439016342
0.07742338627576828
0.07856632024049759
0.07552669197320938
0.07847721129655838
0.07638430595397949
0.07783614099025726
0.07765059918165207
0.07477869093418121
0.07801207154989243
0.07312168926000595
0.0786767527461052
0.07642704993486404
0.07148951292037964
0.07517310231924057
0.07659579068422318
0.07500185817480087
0.07554278522729874
0.07514200359582901
0.07766874134540558
0.07469481974840164
0.07681618630886078
0.07605357468128204
0.07677353918552399
0.07555197924375534
0.0760725885629654
0.07365147769451141
0.07704749703407288
0.07397235184907913
0.07523606717586517
0.07614262402057648
0.07688459008932114
0.07652421295642853
0.07462600618600845
0.07783916592597961
0.07455354183912277
0.0746065303683281
0.07377374172210693
0.07259710133075714
0.07626158744096756
0.07556085288524628
0.07240362465381622
