0.24620340764522552
0.1914788782596588
0.1013726070523262
0.10332463681697845
0.10669009387493134
0.10465662181377411
0.1078261137008667
0.10354011505842209
0.10793984681367874
0.1028791069984436
0.10769445449113846
0.10276750475168228
0.10778625309467316
0.10292292386293411
0.10801294445991516
0.10284455865621567
0.10779590904712677
0.1028878465294838
0.10775884240865707
0.10268408060073853
0.10777570307254791
0.10247562825679779
0.10739615559577942
0.10231126844882965
0.10704983025789261
0.10218992084264755
0.10680727660655975
0.10167451202869415
0.10626518726348877
0.10142884403467178
0.10578285902738571
0.10145094990730286
0.10502677410840988
0.1012391597032547
0.10404598712921143
0.10105328261852264
0.10329170525074005
0.10041041672229767
0.10300512611865997
0.10057796537876129
0.10171248763799667
0.10040324926376343
0.10106998682022095
0.1000727191567421
0.10039282590150833
0.1000157818198204
0.09953366965055466
0.10010559111833572
0.09934128820896149
0.09989774972200394
0.09994218498468399
0.09958759695291519
0.09906450659036636
0.09948645532131195
0.09897202253341675
0.09946029633283615
0.09886261075735092
0.09910239279270172
0.09878288954496384
0.09930845350027084
0.09845049679279327
0.0993419736623764
0.09875047951936722
0.09896281361579895
0.09856602549552917
0.09869104623794556
0.0984857827425003
0.0989890769124031
0.09846830368041992
0.09883182495832443
0.09809058159589767
0.0985458642244339
0.0977788120508194
0.09793052077293396
0.09769430011510849
0.09867210686206818
0.0977361723780632
0.09811587631702423
0.09718921780586243
0.09839493781328201
0.09745220094919205
0.09751007705926895
0.09658265113830566
0.09717099368572235
0.0968618243932724
0.0977899506688118
0.09734651446342468
0.0975659042596817
0.09812237322330475
0.09754937142133713
0.09828458726406097
0.09859630465507507
0.09871131181716919
0.09829793870449066
0.09847639501094818
0.0986504927277565
0.09914782643318176
0.0988391861319542
0.09891960769891739
0.09831205010414124
0.09865128248929977
0.09898997098207474
0.09891043603420258
0.09860680997371674
0.09937837719917297
0.0997290313243866
0.09923703223466873
0.09935560822486877
0.09993100166320801
0.09958561509847641
0.10062998533248901
0.10024745017290115
0.10103181004524231
0.09983104467391968
0.10005760192871094
0.10052403807640076
0.10080751031637192
0.10071013122797012
0.10303856432437897
0.10129595547914505
0.10297542810440063
0.10086657851934433
0.10308887809515
0.10142532736063004
0.10261714458465576
0.1015334352850914
0.10152927041053772
0.10075721144676208
0.10176307708024979
0.09985705465078354
0.10127854347229004
0.10129809379577637
0.1025090292096138
0.10208342969417572
0.10362281650304794
0.10251843929290771
0.10357589274644852
0.10309301316738129
0.10372850298881531
0.10289645195007324
0.10365958511829376
0.10279273986816406
0.10253235697746277
0.10154485702514648
0.1029416024684906
0.10144098848104477
0.10269653052091599
0.10237140953540802
0.10360423475503922
0.10224415361881256
0.10362967103719711
0.1029042974114418
0.10415862500667572
0.1043761745095253
0.10498793423175812
0.10286695510149002
0.10484007745981216
0.1042429581284523
0.10436170548200607
0.10283996909856796
0.10401725023984909
0.10434034466743469
0.10460218787193298
0.10425230860710144
0.10481995344161987
0.10461538285017014
0.10481637716293335
0.10519903153181076
0.10500502586364746
0.10351874679327011
0.10411223769187927
0.10324094444513321
0.1045498177409172
0.10399666428565979
0.10434398055076599
0.10387101769447327
0.1040312722325325
0.10347562283277512
0.10434164106845856
0.10444281250238419
0.10476426780223846
0.10506537556648254
0.1058678925037384
0.10475140064954758
0.1064627394080162
0.10534564405679703
0.10600435733795166
0.10614940524101257
0.10576457530260086
0.1048833578824997
0.10529143363237381
0.10479455441236496
0.10550493746995926
0.10530078411102295
0.10599277913570404
0.10548513382673264
0.10524775832891464
0.10498917102813721
0.10687440633773804
0.10595989227294922
0.1066344827413559
0.1055338904261589
0.10722322762012482
0.10531613975763321
0.10681726783514023
0.1059064045548439
0.1060432568192482
0.10548441857099533
0.10620346665382385
0.10579318553209305
0.1074921116232872
0.10620662569999695
0.10716716200113297
0.10662486404180527
0.1066393107175827
0.10653335601091385
0.10698120296001434
0.10602641105651855
0.10631262511014938
0.10513101518154144
0.10514384508132935
0.10456342250108719
0.10496923327445984
0.10492823272943497
0.10451527684926987
0.10428661853075027
0.10496749728918076
0.10451541841030121
0.10373687744140625
0.10385485738515854
0.10394879430532455
0.10449057072401047
0.10446040332317352
0.10462472587823868
0.10494835674762726
0.10523580014705658
0.10505006462335587
0.10503708571195602
0.1047658920288086
0.10444765537977219
0.10505460202693939
0.10458162426948547
0.10494745522737503
0.10523965954780579
0.10600698739290237
0.1064523309469223
0.10622090846300125
0.10550939291715622
0.10659104585647583
0.10595040768384933
0.10779611021280289
0.10486868023872375
0.1045951098203659
0.1044284850358963
0.10454700887203217
0.1047617718577385
0.10448373109102249
0.10433629900217056
0.10405921190977097
0.1044788733124733
0.10465174913406372
0.10420552641153336
0.10439717024564743
0.10475324094295502
0.10432365536689758
0.10458385944366455
0.1048150435090065
0.10449483245611191
0.10459120571613312
0.10504921525716782
0.10465938597917557
0.10480037331581116
0.10481315106153488
0.10460090637207031
0.10480218380689621
0.10471561551094055
