0.07259879261255264
0.07259879261255264
0.001137042068876326
0.001137042068876326
0.009419839829206467
0.009419839829206467
0.004857357125729322
0.004857357125729322
0.0002573665988165885
0.0002573665988165885
0.00024148060765583068
0.00024148060765583068
0.00024318660143762827
0.00024318660143762827
0.0002551789802964777
0.0002551789802964777
0.00023557090025860816
0.00023557090025860816
0.00023705810599494725
0.00023705810599494725
0.00022908128448762
0.00022908128448762
0.0002298676990903914
0.0002298676990903914
0.00021872630168218166
0.00021872630168218166
0.00023248157231137156
0.00023248157231137156
0.00020844639220740646
0.00020844639220740646
0.00022719604021403939
0.00022719604021403939
0.0002049444883596152
0.0002049444883596152
0.00022238875681068748
0.00022238875681068748
0.00019998862990178168
0.00019998862990178168
0.00022190489107742906
0.00022190489107742906
0.00019282186985947192
0.00019282186985947192
0.00021917972480878234
0.00021917972480878234
0.0001837366580730304
0.0001837366580730304
0.00021328043658286333
0.00021328043658286333
0.00017610857321415097
0.00017610857321415097
0.00020877081260550767
0.00020877081260550767
0.00017315747390966862
0.00017315747390966862
0.00020020279043819755
0.00020020279043819755
0.00016435298311989754
0.00016435298311989754
0.0001911032886710018
0.0001911032886710018
0.00015207292744889855
0.00015207292744889855
0.00017609087808523327
0.00017609087808523327
0.0001388524833600968
0.0001388524833600968
0.00015281280502676964
0.00015281280502676964
0.0001315113331656903
0.0001315113331656903
0.00013649517495650798
0.00013649517495650798
0.00012130225513828918
0.00012130225513828918
0.00011751813144655898
0.00011751813144655898
0.00010522759112063795
0.00010522759112063795
0.00010126714187208563
0.00010126714187208563
9.099635644815862e-05
9.099635644815862e-05
8.259306196123362e-05
8.259306196123362e-05
7.473920413758606e-05
7.473920413758606e-05
6.816789391450584e-05
6.816789391450584e-05
6.297489744611084e-05
6.297489744611084e-05
6.099551319493912e-05
6.099551319493912e-05
5.188518116483465e-05
5.188518116483465e-05
4.921403888147324e-05
4.921403888147324e-05
4.2818079236894846e-05
4.2818079236894846e-05
3.986644878750667e-05
3.986644878750667e-05
3.517903678584844e-05
3.517903678584844e-05
3.2450850994791836e-05
3.2450850994791836e-05
2.8780596039723605e-05
2.8780596039723605e-05
2.5344428649987094e-05
2.5344428649987094e-05
2.2492595235235058e-05
2.2492595235235058e-05
1.976378553081304e-05
1.976378553081304e-05
1.713622441457119e-05
1.713622441457119e-05
1.5041571714391466e-05
1.5041571714391466e-05
1.2731135939247906e-05
1.2731135939247906e-05
1.1737047316273674e-05
1.1737047316273674e-05
9.979910828405991e-06
9.979910828405991e-06
9.727109500090592e-06
9.727109500090592e-06
7.5105708674527705e-06
7.5105708674527705e-06
8.33291414892301e-06
8.33291414892301e-06
6.251524609979242e-06
6.251524609979242e-06
6.4612777350703254e-06
6.4612777350703254e-06
5.341400537872687e-06
5.341400537872687e-06
5.693680122931255e-06
5.693680122931255e-06
5.111818154546199e-06
5.111818154546199e-06
5.461895852931775e-06
5.461895852931775e-06
4.367626388557255e-06
4.367626388557255e-06
6.360775387292961e-06
6.360775387292961e-06
6.198947630764451e-06
6.198947630764451e-06
4.979816822014982e-06
4.979816822014982e-06
3.5720490814128425e-06
3.5720490814128425e-06
4.769072347698966e-06
4.769072347698966e-06
3.353699185026926e-06
3.353699185026926e-06
4.162814093433553e-06
4.162814093433553e-06
6.1347477640083525e-06
6.1347477640083525e-06
4.591171091306023e-06
4.591171091306023e-06
3.5470550301397452e-06
3.5470550301397452e-06
4.226784312777454e-06
4.226784312777454e-06
3.3949909266084433e-06
3.3949909266084433e-06
4.194586381345289e-06
4.194586381345289e-06
3.0267929105320945e-06
3.0267929105320945e-06
3.798681291300454e-06
3.798681291300454e-06
2.9826173886249308e-06
2.9826173886249308e-06
4.7873068069748115e-06
4.7873068069748115e-06
2.7472292458696757e-06
2.7472292458696757e-06
4.044461547891842e-06
4.044461547891842e-06
3.6483334042713977e-06
3.6483334042713977e-06
3.6375931813381612e-06
3.6375931813381612e-06
2.4671812752785627e-06
2.4671812752785627e-06
3.571103889044025e-06
3.571103889044025e-06
2.147670102203847e-06
2.147670102203847e-06
4.066547262482345e-06
4.066547262482345e-06
2.6954869554174365e-06
2.6954869554174365e-06
2.8550007300509606e-06
2.8550007300509606e-06
2.3720447188679827e-06
2.3720447188679827e-06
3.977432697865879e-06
3.977432697865879e-06
2.347676854697056e-06
2.347676854697056e-06
2.9402369818853913e-06
2.9402369818853913e-06
2.315736082891817e-06
2.315736082891817e-06
3.3650519526418066e-06
3.3650519526418066e-06
1.949973921000492e-06
1.949973921000492e-06
3.838168595393654e-06
3.838168595393654e-06
1.8518428532843245e-06
1.8518428532843245e-06
2.8569372716447106e-06
2.8569372716447106e-06
1.8498132021704805e-06
1.8498132021704805e-06
4.07431116400403e-06
4.07431116400403e-06
1.8652634707905236e-06
1.8652634707905236e-06
3.0847372727293987e-06
3.0847372727293987e-06
2.159497626053053e-06
2.159497626053053e-06
2.651959448485286e-06
2.651959448485286e-06
1.6909666555875447e-06
1.6909666555875447e-06
2.501949438737938e-06
2.501949438737938e-06
2.501363951523672e-06
2.501363951523672e-06
3.86292367693386e-06
3.86292367693386e-06
1.7281342934438726e-06
1.7281342934438726e-06
2.682804051801213e-06
2.682804051801213e-06
2.0844397567998385e-06
2.0844397567998385e-06
2.64084496848227e-06
2.64084496848227e-06
1.4716995337948902e-06
1.4716995337948902e-06
2.3606419290445046e-06
2.3606419290445046e-06
1.5433711268997286e-06
1.5433711268997286e-06
1.9605463421612512e-06
1.9605463421612512e-06
1.1995294926236966e-06
1.1995294926236966e-06
2.8233507691766135e-06
2.8233507691766135e-06
4.320279458625009e-06
4.320279458625009e-06
1.7425172700313851e-06
1.7425172700313851e-06
1.5038491483210237e-06
1.5038491483210237e-06
2.2514605007017963e-06
2.2514605007017963e-06
2.320334488103981e-06
2.320334488103981e-06
2.5195254238497e-06
2.5195254238497e-06
1.228680389431247e-06
1.228680389431247e-06
2.4361679606954567e-06
2.4361679606954567e-06
1.1641403716566856e-06
1.1641403716566856e-06
2.054077640423202e-06
2.054077640423202e-06
1.4963903822717839e-06
1.4963903822717839e-06
1.4688231431136956e-06
1.4688231431136956e-06
1.03993750144582e-06
1.03993750144582e-06
2.494013870091294e-06
2.494013870091294e-06
1.2512547300502774e-06
1.2512547300502774e-06
2.5344404548377497e-06
2.5344404548377497e-06
1.1106014881079318e-06
1.1106014881079318e-06
2.1774478682345944e-06
2.1774478682345944e-06
1.4420359093492152e-06
1.4420359093492152e-06
3.0556320780306123e-06
3.0556320780306123e-06
1.2751955864587217e-06
1.2751955864587217e-06
2.0893753571726847e-06
2.0893753571726847e-06
1.170477844425477e-06
1.170477844425477e-06
1.7560806782057625e-06
1.7560806782057625e-06
1.101762791222427e-06
1.101762791222427e-06
1.8757580164674437e-06
1.8757580164674437e-06
1.1500090977278887e-06
1.1500090977278887e-06
1.816778990360035e-06
1.816778990360035e-06
1.157245492322545e-06
1.157245492322545e-06
1.973745384020731e-06
1.973745384020731e-06
2.1196365196374245e-06
2.1196365196374245e-06
2.0914537799399113e-06
2.0914537799399113e-06
9.670105782788596e-07
9.670105782788596e-07
2.0088577912247274e-06
2.0088577912247274e-06
1.0593432762107113e-06
1.0593432762107113e-06
1.7518289041618118e-06
1.7518289041618118e-06
9.045118645190087e-07
9.045118645190087e-07
1.8732159787759883e-06
1.8732159787759883e-06
1.1649909765765187e-06
1.1649909765765187e-06
1.741039000080491e-06
1.741039000080491e-06
7.818126732672681e-07
7.818126732672681e-07
1.4897893834131537e-06
1.4897893834131537e-06
8.259633546003897e-07
8.259633546003897e-07
1.5966396631483804e-06
1.5966396631483804e-06
1.2416859362929245e-06
1.2416859362929245e-06
2.221170916527626e-06
2.221170916527626e-06
1.4063098205951974e-06
1.4063098205951974e-06
1.394937385157391e-06
1.394937385157391e-06
8.706921335033257e-07
8.706921335033257e-07
1.3313222098076949e-06
1.3313222098076949e-06
1.1508763009260292e-06
1.1508763009260292e-06
1.920712975334027e-06
1.920712975334027e-06
1.5605116914230166e-06
1.5605116914230166e-06
1.7198348132296815e-06
1.7198348132296815e-06
8.022764745874156e-07
8.022764745874156e-07
1.8780600612444687e-06
1.8780600612444687e-06
1.4331204738482484e-06
1.4331204738482484e-06
1.1429902997406316e-06
1.1429902997406316e-06
1.083194888451544e-06
1.083194888451544e-06
1.4739529206053703e-06
1.4739529206053703e-06
6.105025818214926e-07
6.105025818214926e-07
1.2948385119671002e-06
1.2948385119671002e-06
8.286353363473609e-07
8.286353363473609e-07
1.4889196791045833e-06
1.4889196791045833e-06
8.928873853619734e-07
8.928873853619734e-07
1.460326984670246e-06
1.460326984670246e-06
1.2595235148182837e-06
1.2595235148182837e-06
1.0452630476720515e-06
1.0452630476720515e-06
1.6595882925685146e-06
1.6595882925685146e-06
2.423744945190265e-06
2.423744945190265e-06
2.3959808004292427e-06
2.3959808004292427e-06
1.3142885109118652e-06
1.3142885109118652e-06
7.284781986527378e-07
7.284781986527378e-07
1.8346064507568371e-06
1.8346064507568371e-06
5.5450965419368e-07
5.5450965419368e-07
2.2572055513592204e-06
2.2572055513592204e-06
1.2999321370443795e-06
1.2999321370443795e-06
9.694695108919404e-07
9.694695108919404e-07
7.225718832160055e-07
7.225718832160055e-07
1.1467833473943756e-06
1.1467833473943756e-06
6.543414770021627e-07
6.543414770021627e-07
9.369257440994261e-07
9.369257440994261e-07
6.342314122775861e-07
6.342314122775861e-07
1.2354156524452264e-06
1.2354156524452264e-06
7.189094617388037e-07
7.189094617388037e-07
1.3165023347028182e-06
1.3165023347028182e-06
9.859948022494791e-07
9.859948022494791e-07
1.0829638767972938e-06
1.0829638767972938e-06
5.725999017158756e-07
5.725999017158756e-07
1.3396507938523428e-06
1.3396507938523428e-06
7.033878546280903e-07
7.033878546280903e-07
9.88059582596179e-07
9.88059582596179e-07
6.265431125029863e-07
6.265431125029863e-07
1.1090396583313122e-06
1.1090396583313122e-06
9.035857715389284e-07
9.035857715389284e-07
1.0018037528425339e-06
1.0018037528425339e-06
7.11603377112624e-07
7.11603377112624e-07
1.0671881227608537e-06
1.0671881227608537e-06
5.752989409302245e-07
5.752989409302245e-07
1.1366975058990647e-06
1.1366975058990647e-06
1.4327790722745704e-06
1.4327790722745704e-06
1.3259477782412432e-06
1.3259477782412432e-06
5.633299906548928e-07
5.633299906548928e-07
9.787153203433263e-07
9.787153203433263e-07
4.70174825295544e-07
4.70174825295544e-07
9.509989240541472e-07
9.509989240541472e-07
5.718457032344304e-07
5.718457032344304e-07
1.4335986406877055e-06
1.4335986406877055e-06
5.238640028437658e-07
5.238640028437658e-07
1.149511149378668e-06
1.149511149378668e-06
5.830293048347812e-07
5.830293048347812e-07
2.1600349100481253e-06
2.1600349100481253e-06
4.847069021707284e-07
4.847069021707284e-07
1.1012166396540124e-06
1.1012166396540124e-06
5.204059903007874e-07
5.204059903007874e-07
1.246483748218452e-06
1.246483748218452e-06
7.329016398216481e-07
7.329016398216481e-07
9.502702482677705e-07
9.502702482677705e-07
5.229950374996406e-07
5.229950374996406e-07
1.1634020893325214e-06
1.1634020893325214e-06
7.559999630757375e-07
7.559999630757375e-07
1.2438455314622843e-06
1.2438455314622843e-06
4.662739172545116e-07
4.662739172545116e-07
4.7165670480353583e-07
4.7165670480353583e-07
4.5657867531190277e-07
4.5657867531190277e-07
4.755304701120622e-07
4.755304701120622e-07
4.7196266450555413e-07
4.7196266450555413e-07
4.607090318131668e-07
4.607090318131668e-07
4.7318809492935543e-07
4.7318809492935543e-07
4.571212457449292e-07
4.571212457449292e-07
4.5436195250658784e-07
4.5436195250658784e-07
4.5130423131922726e-07
4.5130423131922726e-07
4.721174491351121e-07
4.721174491351121e-07
4.766464769545564e-07
4.766464769545564e-07
4.733519176625123e-07
4.733519176625123e-07
4.7254150103981374e-07
4.7254150103981374e-07
4.874743808613857e-07
4.874743808613857e-07
4.633540697795979e-07
4.633540697795979e-07
4.692429058650305e-07
4.692429058650305e-07
4.755461020522489e-07
4.755461020522489e-07
4.538629241324088e-07
4.538629241324088e-07
4.507371329509624e-07
4.507371329509624e-07
4.736859580134478e-07
4.736859580134478e-07
4.591825870647881e-07
4.591825870647881e-07
4.5867244580222177e-07
4.5867244580222177e-07
4.883426640844846e-07
4.883426640844846e-07
4.714249257631309e-07
4.714249257631309e-07
