0.30174073576927185
0.06864038109779358
0.7597185969352722
0.7533062100410461
0.07009406387805939
0.06372374296188354
0.06988838315010071
0.06828241050243378
0.06911647319793701
0.06503951549530029
0.06958423554897308
0.06289967894554138
0.06582011282444
0.0632457435131073
0.06296031177043915
0.06320472061634064
0.06333835422992706
0.05939418077468872
0.0622444748878479
0.05876515805721283
0.06095755100250244
0.05841270089149475
0.05824263393878937
0.05741181969642639
0.05664137005805969
0.05693568289279938
0.05625493824481964
0.055572912096977234
0.055338308215141296
0.055458858609199524
0.05318671464920044
0.053912803530693054
0.0507238507270813
0.051264166831970215
0.05164127051830292
0.04936273396015167
0.04956686496734619
0.043828025460243225
0.04431132972240448
0.04167567193508148
0.039670512080192566
0.03568968176841736
0.03236651420593262
0.028997361660003662
0.027090921998023987
0.02466312050819397
0.022569045424461365
0.023730963468551636
0.020966678857803345
0.0211198627948761
0.020447835326194763
0.021545633673667908
0.020768985152244568
0.019332557916641235
0.019457682967185974
0.018670201301574707
0.018039748072624207
0.017242178320884705
0.015978530049324036
0.015313968062400818
0.014126032590866089
0.014555737376213074
0.011659234762191772
0.013730362057685852
0.010861441493034363
0.011475592851638794
0.01000039279460907
0.009493574500083923
0.008344590663909912
0.009787961840629578
0.00844430923461914
0.010210901498794556
0.009059280157089233
0.008707135915756226
0.007862076163291931
0.00876152515411377
0.007467687129974365
0.008691981434822083
0.006903499364852905
0.010163426399230957
0.007770106196403503
0.009063437581062317
0.0062515586614608765
0.009327918291091919
0.006156057119369507
0.010111764073371887
0.0064596980810165405
0.01267385482788086
0.0053580403327941895
0.01037570834159851
0.005251571536064148
0.009960249066352844
0.005817010998725891
0.008300378918647766
0.005463004112243652
0.010942071676254272
0.005445122718811035
0.009419724345207214
0.004818961024284363
0.009677618741989136
0.005157753825187683
0.009701326489448547
0.004448071122169495
0.009318172931671143
0.00487750768661499
0.009042546153068542
0.004995629191398621
0.009715437889099121
0.003986075520515442
0.011964559555053711
0.003707006573677063
0.010935783386230469
0.004430904984474182
0.010051846504211426
0.00519832968711853
0.009364187717437744
0.005003437399864197
0.012222081422805786
0.0043351054191589355
0.010881006717681885
0.0037510842084884644
0.009132355451583862
0.0039463043212890625
0.009665325284004211
0.0031567662954330444
0.008822336792945862
0.0032912343740463257
0.010492503643035889
0.004379794001579285
0.007908672094345093
0.0038713812828063965
0.010373339056968689
0.006008625030517578
0.010627806186676025
0.003558233380317688
0.00941266119480133
0.004066348075866699
0.00914233922958374
0.003322005271911621
0.007479265332221985
0.002737388014793396
0.010400980710983276
0.003060579299926758
0.011037886142730713
0.00298212468624115
0.009197846055030823
0.0030285120010375977
0.01113361120223999
0.004475757479667664
0.010249406099319458
0.003459557890892029
0.00928555428981781
0.005640015006065369
0.009342968463897705
0.003078848123550415
0.008939564228057861
0.005269363522529602
0.009621381759643555
0.0042790621519088745
0.008171379566192627
0.004426807165145874
0.007693693041801453
0.0036694854497909546
0.009179264307022095
0.00496654212474823
0.009321033954620361
0.005179896950721741
0.009702548384666443
0.002855747938156128
0.007978871464729309
0.0029404014348983765
0.008754625916481018
0.00482487678527832
0.009292006492614746
0.004601418972015381
0.008912906050682068
0.0033005475997924805
0.008207723498344421
0.004166916012763977
0.010199293494224548
0.004424259066581726
0.009754419326782227
0.0031407028436660767
0.010361328721046448
0.004280954599380493
0.008504271507263184
0.0032942593097686768
0.008431792259216309
0.003767162561416626
0.00831255316734314
0.003490641713142395
0.00871904194355011
0.004775866866111755
0.00921061635017395
0.004729360342025757
0.007838457822799683
0.004423007369041443
0.011490046977996826
0.004727467894554138
0.007863208651542664
0.002773791551589966
0.009081900119781494
0.003801509737968445
0.010134592652320862
0.004881054162979126
0.006783902645111084
0.003303930163383484
0.007296085357666016
0.003360852599143982
0.007246777415275574
0.004135549068450928
0.008089601993560791
0.004082351922988892
0.008811429142951965
0.004108130931854248
0.007818445563316345
0.0030502527952194214
0.00753331184387207
0.0029153823852539062
0.008054479956626892
0.0038585811853408813
0.00880439579486847
0.002633333206176758
0.007802754640579224
0.0038158446550369263
0.008192121982574463
0.0026949942111968994
0.008117139339447021
0.004680901765823364
0.008679062128067017
0.004433393478393555
0.007509991526603699
0.003564789891242981
0.00793696939945221
0.0041257888078689575
0.008303627371788025
0.0034710466861724854
0.008635148406028748
0.0036839544773101807
0.008888214826583862
0.0028418004512786865
0.007498741149902344
0.003724336624145508
0.009158387780189514
0.003785565495491028
0.007622525095939636
0.0023525208234786987
0.008124306797981262
0.003652513027191162
0.009151935577392578
0.003615736961364746
0.003528580069541931
0.0035525262355804443
0.0035412758588790894
0.0035105645656585693
0.0035421401262283325
0.0034932345151901245
0.0034444034099578857
0.003448769450187683
0.003521263599395752
0.003602728247642517
0.0035978704690933228
0.0035713165998458862
0.003552168607711792
0.003519698977470398
0.0035958141088485718
0.003581717610359192
0.0035518258810043335
0.0035313069820404053
0.003507182002067566
0.003596365451812744
0.003582105040550232
0.0035195350646972656
0.0034630149602890015
0.003547102212905884
