5.133942127227783
2.9792895317077637
0.31425967812538147
0.10110810399055481
0.09258078783750534
0.057228606194257736
0.0653732419013977
0.058855123817920685
0.07070109993219376
0.060624610632658005
0.06873735785484314
0.060321271419525146
0.0695684552192688
0.06272633373737335
0.07275708764791489
0.06352608650922775
0.07334452122449875
0.06469918042421341
0.07630302757024765
0.06571537256240845
0.07826027274131775
0.06590931117534637
0.0809120237827301
0.06616772711277008
0.08119607716798782
0.06624870747327805
0.08194861561059952
0.06818616390228271
0.08377772569656372
0.06824646145105362
0.08350005000829697
0.06733688712120056
0.08437705785036087
0.06751056760549545
0.08049775660037994
0.07204931974411011
0.0795229971408844
0.07650294899940491
0.07509374618530273
0.07561078667640686
0.07835886627435684
0.07691503316164017
0.07707932591438293
0.07798941433429718
0.07850050926208496
0.07962101697921753
0.08385290950536728
0.07635146379470825
0.08065581321716309
0.06983586400747299
0.07014532387256622
0.06799686700105667
0.07018391042947769
0.06669680774211884
0.06261079013347626
0.06185095012187958
0.0586954765021801
0.05708898603916168
0.05404917523264885
0.049665696918964386
0.0475844144821167
0.04296422004699707
0.045197878032922745
0.035256825387477875
0.04257120564579964
0.033063583076000214
0.035045307129621506
0.029901262372732162
0.029881881549954414
0.02570388652384281
0.030312856659293175
0.025850869715213776
0.0319349579513073
0.0286612119525671
0.027172762900590897
0.023330658674240112
0.02544458955526352
0.02216588333249092
0.023450126871466637
0.01975102350115776
0.02365446463227272
0.023226909339427948
0.020102061331272125
0.019222399219870567
0.02143554575741291
0.017878394573926926
0.020753683522343636
0.019177792593836784
0.02128981612622738
0.01673334836959839
0.018589016050100327
0.01648828573524952
0.01814860664308071
0.017109055072069168
0.019876103848218918
0.016078447923064232
0.017864374443888664
0.014721338637173176
0.016137653961777687
0.013946997001767159
0.020939558744430542
0.01562243141233921
0.01659591868519783
0.013220630586147308
0.018333643674850464
0.014726183377206326
0.019569814205169678
0.014681958593428135
0.01739090494811535
0.012659115716814995
0.01696966029703617
0.012082654051482677
0.01740444265305996
0.014134046621620655
0.01689910888671875
0.015441115945577621
0.013301866129040718
0.012157689779996872
0.017617473378777504
0.014138355851173401
0.016958067193627357
0.013143805786967278
0.017891697585582733
0.010775791481137276
0.01601302996277809
0.010890355333685875
0.014127171598374844
0.010535115376114845
0.014018405228853226
0.01397292222827673
0.011907420121133327
0.011825826950371265
0.013889905996620655
0.011302587576210499
0.015303396619856358
0.011151986196637154
0.012084268033504486
0.009662248194217682
0.014465438202023506
0.011064241640269756
0.012324369512498379
0.00896808784455061
0.013643825426697731
0.009411453269422054
0.014804503880441189
0.00920732133090496
0.013135591521859169
0.008829605765640736
0.014628495089709759
0.008634724654257298
0.014276416972279549
0.00894281268119812
0.012538772076368332
0.008224846795201302
0.0153565788641572
0.007822657003998756
0.013929227367043495
0.00897094327956438
0.011672078631818295
0.01025907602161169
0.011280050501227379
0.007148653268814087
0.011740225367248058
0.007471296936273575
0.012744479812681675
0.009241865016520023
0.011139151640236378
0.008340357802808285
0.012709908187389374
0.007564559578895569
0.01167330052703619
0.006778213195502758
0.010256483219563961
0.007641317322850227
0.011757555417716503
0.007419856730848551
0.01140670757740736
0.006757664028555155
0.00993275735527277
0.006933918222784996
0.011351649649441242
0.009319940581917763
0.010545291006565094
0.0059566982090473175
0.01124697644263506
0.008158426731824875
0.008854605257511139
0.009273553267121315
0.011286608874797821
0.00527988513931632
0.008950953371822834
0.006103083956986666
0.009974922053515911
0.007654286455363035
0.009742570109665394
0.007022301200777292
0.009262243285775185
0.008474361151456833
0.013744187541306019
0.009848812595009804
0.008547989651560783
0.006850158330053091
0.011894101276993752
0.005489196628332138
0.011093144305050373
0.007622821256518364
0.00806272029876709
0.005458004307001829
0.009672747924923897
0.0056551601737737656
0.009177517145872116
0.005948136560618877
0.00932873785495758
0.006037685088813305
0.009274917654693127
0.005647096782922745
0.008093500509858131
0.0056329164654016495
0.009429500438272953
0.00623555900529027
0.00858636386692524
0.006517550442367792
0.008714064955711365
0.004809423349797726
0.007861634716391563
0.005367458797991276
0.009298179298639297
0.004839560016989708
0.00872025080025196
0.005748541094362736
0.009068906307220459
0.005226455628871918
0.007813649252057076
0.004716184921562672
0.0080745043233037
0.007644141558557749
0.008977048099040985
0.006086267065256834
0.008732753805816174
0.004504690412431955
0.010546721518039703
0.004573914222419262
0.007887119427323341
0.005323431454598904
0.009157168678939342
0.0057004704140126705
0.008180152624845505
0.0054400647059082985
0.008107110857963562
0.0058831144124269485
0.009039480239152908
0.004628777038305998
0.004742429591715336
0.004681103862822056
0.0046679796651005745
0.004668965004384518
0.004670802969485521
0.004684968385845423
0.004675039555877447
0.004516206681728363
0.004652294795960188
0.004651299677789211
0.00474099675193429
0.0045789750292897224
0.0047973389737308025
0.005101271439343691
0.0046241688542068005
0.004749575164169073
0.0049142735078930855
0.004629052244126797
0.004563968628644943
0.004952041897922754
0.004602891393005848
0.004638871643692255
0.004663640633225441
0.004635259509086609
