0.0844012126326561
0.04919830337166786
0.005039038136601448
0.0023682049941271544
0.00232962379232049
0.0019020617473870516
0.0019279827829450369
0.0017871701857075095
0.0019215887878090143
0.0017577916150912642
0.001886401092633605
0.001739903469569981
0.0018713065655902028
0.0017198030836880207
0.0018864135490730405
0.0016998607898131013
0.0018664812669157982
0.0016885922523215413
0.0018705417169257998
0.0016792264068499207
0.00188730051741004
0.0016635378124192357
0.0018692419398576021
0.0016452596755698323
0.0018543882761150599
0.001627066289074719
0.0018406831659376621
0.0016074259765446186
0.0017947759479284286
0.0015743756666779518
0.0017518493114039302
0.001531665795482695
0.0016659912653267384
0.0014759338228031993
0.0015538190491497517
0.001408867770805955
0.0014665818307548761
0.0013458944158628583
0.0013987964484840631
0.0012848374899476767
0.0012782991398125887
0.0012102291220799088
0.0011745403753593564
0.001124021247960627
0.001085389987565577
0.0010394997661933303
0.0010198747040703893
0.0009667607955634594
0.0009329610038548708
0.0008952214848250151
0.0008610249496996403
0.0008031666511669755
0.0007663287105970085
0.0007218801183626056
0.0006822986179031432
0.0006363166030496359
0.0006041382439434528
0.0005585039616562426
0.0005250053945928812
0.00048615780542604625
0.00046856951666995883
0.0004356283461675048
0.00042441481491550803
0.00038200270500965416
0.0003917984722647816
0.00034647982101887465
0.0003508104709908366
0.0003209480200894177
0.0003348707687109709
0.00031988712726160884
0.0003266966959927231
0.00029284419724717736
0.00034964492078870535
0.0003484348999336362
0.0003124666982330382
0.0002647678484208882
0.0003060404851567
0.00025740553974173963
0.00028771747020073235
0.00035583958378992975
0.0003031978849321604
0.00026106173754669726
0.00029308453667908907
0.0002602475287858397
0.0002898816019296646
0.00024253991432487965
0.0002766628167591989
0.00024092296371236444
0.0003135183942504227
0.00023514017811976373
0.00028513852157630026
0.00027203612262383103
0.00027011262136511505
0.000219466513954103
0.0002661239996086806
0.000206293654628098
0.0002892257762141526
0.00023410224821418524
0.00024072203086689115
0.00021982690668664873
0.00028094276785850525
0.00021681672660633922
0.00024489109637215734
0.00021752220345661044
0.0002605146146379411
0.00019730132771655917
0.0002781845396384597
0.00019080797210335732
0.0002407366846455261
0.00019253988284617662
0.00029130661278031766
0.00019418021838646382
0.0002507702447474003
0.00020771476556546986
0.00023216800764203072
0.00018162897322326899
0.00022771682415623218
0.000226998032303527
0.0002832271857187152
0.00018601420742925256
0.0002341519430046901
0.00020597802358679473
0.0002306615060660988
0.00017330190166831017
0.00021919806022197008
0.0001771636598277837
0.00020037022477481514
0.00015597855963278562
0.00024267088156193495
0.00029737845761701465
0.00018937834829557687
0.00017326044326182455
0.00021590122196357697
0.00021877816470805556
0.00022818328579887748
0.0001575862552272156
0.00022513743897434324
0.00015367196465376765
0.00020519812824204564
0.00017475386266596615
0.0001728194038150832
0.0001458111946703866
0.00022775180696044117
0.0001596300135133788
0.00022903416538611054
0.00015025744505692273
0.00021024697343818843
0.0001723508321447298
0.00025240419199690223
0.00016247220628429204
0.00020750411204062402
0.00015510730736423284
0.0001904407690744847
0.0001508453715359792
0.0001955450134119019
0.0001542604441056028
0.00019261191482655704
0.00015383672143798321
0.0002023420383920893
0.00020975923689547926
0.00020789745030924678
0.000140114949317649
0.0002035220095422119
0.00014807668048888445
0.0001898729387903586
0.0001357632572762668
0.00019783755124080926
0.00015507714124396443
0.0001897977344924584
0.00012673105811700225
0.0001745334011502564
0.00013098950148560107
0.00018110181554220617
0.00016051519196480513
0.000215360545553267
0.00016986331320367754
0.0001699323474895209
0.00013277023390401155
0.00016610890452284366
0.00015442317817360163
0.00020033979672007263
0.0001801263279048726
0.00018953481048811227
0.00012866267934441566
0.0001985592971323058
0.00017201587616000324
0.0001547384454170242
0.00014880875824019313
0.00017492135521024466
0.00011282859486527741
0.00016416078142356128
0.0001313737448072061
0.00017543442663736641
0.00013590762682724744
0.00017471672617830336
0.00016171643801499158
0.00014738531899638474
0.00018555014685261995
0.00022422755137085915
0.0002228667726740241
0.00016504806990269572
0.0001226586027769372
0.00019376039563212544
0.00010709790512919426
0.00021754427871201187
0.0001643400319153443
0.00014185236068442464
0.00012251321459189057
0.00015363220882136375
0.0001163015840575099
0.00013923755614086986
0.0001143194385804236
0.00016036140732467175
0.0001222694554599002
0.0001655871164985001
0.000143091514473781
0.0001498942292528227
0.00010914278391283005
0.00016542688535992056
0.00012018362031085417
0.00014358607586473227
0.00011417966743465513
0.00015254358004312962
0.00013608465087600052
0.00014475334319286048
0.00012130924733355641
0.00014917114458512515
0.00010841061157407239
0.00015367007290478796
0.0001725117035675794
0.0001665276213316247
0.00010837509762495756
0.00014296390872914344
9.896179108181968e-05
0.00014119065599516034
0.00010801498865475878
0.000172987871337682
0.0001038884001900442
0.00015515148697886616
0.00010961617954308167
0.0002125668979715556
0.0001005767917376943
0.0001515829935669899
0.00010377234866609797
0.00016165029956027865
0.00012307213910389692
0.0001407237141393125
0.00010414470307296142
0.00015576572332065552
0.00012529575906228274
0.0001613133936189115
9.861275611910969e-05
9.916026465361938e-05
9.761894034454599e-05
9.949487866833806e-05
9.920786396833137e-05
9.802409476833418e-05
9.923159086611122e-05
9.759351087268442e-05
9.726089047035202e-05
9.707573190098628e-05
9.903245518216863e-05
9.95839509414509e-05
9.9075426987838e-05
9.929653606377542e-05
0.00010052802099380642
9.819136903388426e-05
9.895581752061844e-05
9.944335033651441e-05
9.735062485560775e-05
9.694552863948047e-05
9.941661119228229e-05
9.792536002350971e-05
9.784869325812906e-05
0.0001005504309432581
9.900020813802257e-05
