0.11794301122426987
0.07247958332300186
0.007223328109830618
0.003216767217963934
0.0035086749121546745
0.002545383758842945
0.0032329473178833723
0.0021879924461245537
0.0033133833203464746
0.0021189439576119184
0.003281551646068692
0.0021051468793302774
0.003271897556260228
0.0021177104208618402
0.003377254819497466
0.002136287512257695
0.0033317632041871548
0.002166855614632368
0.0033825752325356007
0.0021803854033350945
0.0034935004077851772
0.0021990288514643908
0.0034285231959074736
0.0022379544097930193
0.003412534249946475
0.0022655357606709003
0.003403066424652934
0.0021846250165253878
0.0032478359062224627
0.0021757653448730707
0.0031457727309316397
0.00214768317528069
0.0028297954704612494
0.002070540329441428
0.002495403401553631
0.0018901751609519124
0.002226088894531131
0.0016626446740701795
0.002156991045922041
0.001600724644958973
0.001706840586848557
0.001444758614525199
0.0014569064369425178
0.0012975867139175534
0.0012802204582840204
0.0011476100189611316
0.0010706167668104172
0.0011139485286548734
0.0010077068582177162
0.0010580475209280849
0.0010581720853224397
0.0008682715124450624
0.0008500710246153176
0.0007732450030744076
0.000749185448512435
0.0006419217097572982
0.0006920029409229755
0.000565788010135293
0.0005777424667030573
0.0005092673818580806
0.0005479640676639974
0.0004917118931189179
0.0005012335604988039
0.00043440854642540216
0.0004462596552912146
0.00038113136542961
0.0004338503931649029
0.0003476192650850862
0.0004838770837523043
0.00037737999809905887
0.000480193441035226
0.00034220051020383835
0.00046824716264382005
0.0005246567889116704
0.00045920241973362863
0.00029334650025703013
0.00045655941357836127
0.00029189453925937414
0.0004545413248706609
0.0005365750403143466
0.0005229876260273159
0.0003141733177471906
0.0005072783678770065
0.00038367873639799654
0.0004978209617547691
0.00027055476675741374
0.0004836631997022778
0.0002946635358966887
0.0006170255946926773
0.0003749383904505521
0.0005020294920541346
0.0004116400086786598
0.0004631926422007382
0.0002829325385391712
0.0004469231062103063
0.00028305116575211287
0.0005348476115614176
0.0003669590223580599
0.0004280495923012495
0.000336050899932161
0.00047791420365683734
0.00030119059374555945
0.00045589928049594164
0.00036012099008075893
0.0004783507320098579
0.00028879064484499395
0.0005150104989297688
0.0002648897934705019
0.0004468160041142255
0.0002976945834234357
0.0005971950013190508
0.0002915117365773767
0.0004963931278325617
0.0003409809141885489
0.0004508023848757148
0.0002507392782717943
0.000442194432253018
0.0003918801376130432
0.0005985093885101378
0.0003195621247868985
0.0004671280039474368
0.0003863507881760597
0.0004225023731123656
0.00029862872906960547
0.0004171833861619234
0.0003158255130983889
0.000392108631785959
0.00026496307691559196
0.0004938782658427954
0.0005739767220802605
0.00035973641206510365
0.00026621221331879497
0.0004493456508498639
0.00040414638351649046
0.00047928295680321753
0.0002925182052422315
0.00047402080963365734
0.0002693535352591425
0.00040925227222032845
0.00034000910818576813
0.00032582611311227083
0.00026333227287977934
0.0004895124002359807
0.00030456340755335987
0.00048730085836723447
0.0002794352767523378
0.00040088151581585407
0.0002961631980724633
0.0005386760458350182
0.0002820342779159546
0.00043357553659006953
0.00029560623806901276
0.0004034896264784038
0.00029279946465976536
0.0003967799129895866
0.00031684027635492384
0.0003787663590628654
0.00029192271176725626
0.00041704042814671993
0.0004622285778168589
0.0004159453965257853
0.0002619716979097575
0.00042060663690790534
0.0002807032724376768
0.00039496837416663766
0.0002607916831038892
0.00042352729360572994
0.00029934864141978323
0.0004056593752466142
0.00026290598907507956
0.0003477577993180603
0.00027025313465856016
0.0003737302031368017
0.0002975782554131001
0.00044421342317946255
0.0003010497894138098
0.00036715250462293625
0.0002616948331706226
0.0003485805937089026
0.00029279422597028315
0.0004520918882917613
0.0003180938947480172
0.00042363765533082187
0.0002553400699980557
0.0004534027830231935
0.0002940879494417459
0.00034909689566120505
0.00028743233997374773
0.000384363200282678
0.00023563455033581704
0.0003536372387316078
0.00028329616179689765
0.000371568719856441
0.0002562431327532977
0.0003876057453453541
0.0003135954902973026
0.00032786469091661274
0.00034732220228761435
0.0004890165873803198
0.0003985767252743244
0.0003613167500589043
0.00026431120932102203
0.00038599473191425204
0.00022737037215847522
0.0004885370726697147
0.0003142898785881698
0.0003107993397861719
0.00024873376241885126
0.00031191599555313587
0.0002658083103597164
0.00030083651654422283
0.00023621709260623902
0.000336203578626737
0.0002448759332764894
0.00037196199991740286
0.00028631649911403656
0.00032343281782232225
0.00022842996986582875
0.0003187738184351474
0.00023754456196911633
0.00032705816556699574
0.00023622797743882984
0.0003552354755811393
0.00025908148381859064
0.0003260743396822363
0.0002437382354401052
0.00033414142671972513
0.00022519925551023334
0.0003383659350220114
0.0003476319252513349
0.00036259350599721074
0.00023496059293393046
0.00032374163856729865
0.00022530806018039584
0.00032205035677179694
0.00021882093278691173
0.0003766294685192406
0.00021686989930458367
0.0003506139328237623
0.00022761794389225543
0.0004612910852301866
0.00023537200468126684
0.0003359256370458752
0.00021832929633092135
0.0003743615234270692
0.00025072513381019235
0.00031238177325576544
0.00021560213644988835
0.00034838373539969325
0.00025032678968273103
0.00036908392212353647
0.00022362457821145654
0.00022550756693817675
0.00022279984841588885
0.00022601871751248837
0.00022796342091169208
0.00022221027757041156
0.00022493707365356386
0.0002216053835581988
0.0002236802683910355
0.00022359623108059168
0.000224170638830401
0.00022487675596494228
0.00022454833379015326
0.0002251946716569364
0.00022478587925434113
0.0002225236821686849
0.0002254494174849242
0.00022437307052314281
0.00022427437943406403
0.00022178202925715595
0.00022433861158788204
0.00022308106417767704
0.0002240044850623235
0.00022720659035257995
0.00022533760056830943
