0.5540136098861694
0.3894403278827667
0.167661651968956
0.17305132746696472
0.18207980692386627
0.1776440441608429
0.18670983612537384
0.1768399327993393
0.18790806829929352
0.17603328824043274
0.18824411928653717
0.17672856152057648
0.18973994255065918
0.178423210978508
0.1921219676733017
0.17975829541683197
0.193620502948761
0.18177862465381622
0.19611871242523193
0.18334165215492249
0.19873009622097015
0.18485508859157562
0.2004285305738449
0.18641899526119232
0.20205600559711456
0.1880415827035904
0.20367646217346191
0.1881970912218094
0.2041594684123993
0.18884435296058655
0.20457684993743896
0.18961772322654724
0.20346374809741974
0.18925075232982635
0.2012813538312912
0.1883886754512787
0.19941335916519165
0.1861579418182373
0.1987081915140152
0.18644317984580994
0.19528096914291382
0.18592241406440735
0.19293926656246185
0.1863894909620285
0.19230253994464874
0.1880534589290619
0.19220063090324402
0.19092626869678497
0.19382244348526
0.19182921946048737
0.19753487408161163
0.19262494146823883
0.1966506689786911
0.19347359240055084
0.19785897433757782
0.19457659125328064
0.19919118285179138
0.19438961148262024
0.2000962197780609
0.19653698801994324
0.2004876285791397
0.19706858694553375
0.20374731719493866
0.19779016077518463
0.20481781661510468
0.19818921387195587
0.20603053271770477
0.2007686197757721
0.20920833945274353
0.20251861214637756
0.2108728587627411
0.20131328701972961
0.2106160819530487
0.20047985017299652
0.2128971815109253
0.2042887806892395
0.21622993052005768
0.20824769139289856
0.21962301433086395
0.2120952159166336
0.22348783910274506
0.21162138879299164
0.2267383188009262
0.21534471213817596
0.23039616644382477
0.21770299971103668
0.23282359540462494
0.22019612789154053
0.23825567960739136
0.2202930897474289
0.2381257265806198
0.2270997166633606
0.23913118243217468
0.2286713719367981
0.23783469200134277
0.2282997965812683
0.24097968637943268
0.2329796850681305
0.23903414607048035
0.22941400110721588
0.24031926691532135
0.23115278780460358
0.2409844696521759
0.22884121537208557
0.2415524572134018
0.2337729036808014
0.2425122857093811
0.23250919580459595
0.24324189126491547
0.23192353546619415
0.24782302975654602
0.2348031997680664
0.24591074883937836
0.23305736482143402
0.24576014280319214
0.23629775643348694
0.24611443281173706
0.23895931243896484
0.25173550844192505
0.2380656599998474
0.2508927285671234
0.23714666068553925
0.24909250438213348
0.24025984108448029
0.2486111968755722
0.23859339952468872
0.24597834050655365
0.2375502586364746
0.248408704996109
0.23600779473781586
0.2450181245803833
0.23859956860542297
0.2496013641357422
0.24375241994857788
0.25175514817237854
0.24048678576946259
0.25314363837242126
0.24351930618286133
0.2524438202381134
0.2418871819972992
0.24861253798007965
0.24051910638809204
0.2498200684785843
0.2381352037191391
0.25131794810295105
0.23698875308036804
0.2490885704755783
0.23945525288581848
0.2524122893810272
0.24260374903678894
0.2525045573711395
0.24232156574726105
0.2537921965122223
0.2483203411102295
0.2534235417842865
0.2429250180721283
0.25235193967819214
0.2464664727449417
0.25315502285957336
0.24281997978687286
0.25146839022636414
0.2466510683298111
0.25147008895874023
0.24554678797721863
0.25426945090293884
0.24692581593990326
0.2535003423690796
0.24810844659805298
0.2549322545528412
0.24309168756008148
0.25043007731437683
0.24224776029586792
0.2517598867416382
0.24579226970672607
0.2530386745929718
0.246064230799675
0.2526107728481293
0.24433891475200653
0.25103864073753357
0.24452586472034454
0.2549290955066681
0.24598799645900726
0.2556935250759125
0.24511678516864777
0.25740015506744385
0.2480621039867401
0.2545507848262787
0.24718905985355377
0.25365355610847473
0.24627797305583954
0.2534993290901184
0.24605347216129303
0.2549814283847809
0.24861355125904083
0.2556542158126831
0.24863651394844055
0.2528342604637146
0.24782581627368927
0.25913339853286743
0.24946311116218567
0.2550501525402069
0.24669617414474487
0.2568095028400421
0.24768514931201935
0.25648292899131775
0.24914605915546417
0.2527160346508026
0.24758388102054596
0.25454020500183105
0.2487972527742386
0.25473371148109436
0.24962593615055084
0.2554451823234558
0.24939778447151184
0.25645115971565247
0.24965040385723114
0.25539857149124146
0.24754968285560608
0.2528493106365204
0.24530254304409027
0.2531445026397705
0.24631834030151367
0.2539964020252228
0.2439732551574707
0.2520223557949066
0.24523775279521942
0.252341628074646
0.24404571950435638
0.250715434551239
0.24545738101005554
0.25166967511177063
0.2461758404970169
0.2521279454231262
0.24612316489219666
0.25293058156967163
0.24736398458480835
0.25369343161582947
0.245995432138443
0.25313618779182434
0.24572043120861053
0.25383853912353516
0.24447321891784668
0.2527178227901459
0.24692821502685547
0.2566360831260681
0.24817465245723724
0.2544292211532593
0.24513214826583862
0.25518524646759033
0.24758443236351013
0.25758570432662964
0.2461865246295929
0.24602918326854706
0.24651432037353516
0.246121346950531
0.24601083993911743
0.2460603415966034
0.24600455164909363
0.24602468311786652
0.24613486230373383
0.24613535404205322
0.24634748697280884
0.24607202410697937
0.2461938112974167
0.2462698221206665
0.24605011940002441
0.24620096385478973
0.2461475282907486
0.2464575469493866
0.24614906311035156
0.24606512486934662
0.24607867002487183
0.2463272213935852
0.24599255621433258
0.2462041825056076
0.2461242526769638
