0.5542078018188477
0.3894852101802826
0.16766439378261566
0.17305181920528412
0.1820998340845108
0.17766664922237396
0.18674267828464508
0.17686356604099274
0.18793684244155884
0.1760539710521698
0.1882709562778473
0.17674995958805084
0.18976843357086182
0.17844633758068085
0.1921512484550476
0.17978090047836304
0.1936519742012024
0.18180257081985474
0.19615353643894196
0.18336614966392517
0.19876693189144135
0.18488022685050964
0.2004670947790146
0.18644531071186066
0.20209716260433197
0.18806909024715424
0.20371946692466736
0.18822553753852844
0.20420224964618683
0.18887431919574738
0.20462384819984436
0.1896456629037857
0.20350928604602814
0.18928097188472748
0.20132724940776825
0.18841668963432312
0.19945809245109558
0.18618491291999817
0.19875268638134003
0.1864680051803589
0.19531968235969543
0.18594717979431152
0.19297340512275696
0.18641309440135956
0.1923339068889618
0.1880740523338318
0.19223272800445557
0.1909530907869339
0.19385583698749542
0.19185514748096466
0.19757269322872162
0.19265535473823547
0.19668971002101898
0.1935052126646042
0.1979021579027176
0.19461794197559357
0.19924332201480865
0.19443100690841675
0.20015586912631989
0.19658459722995758
0.20055018365383148
0.19712507724761963
0.20382560789585114
0.19785092771053314
0.2049037218093872
0.1982566863298416
0.20612478256225586
0.20084503293037415
0.20931406319141388
0.20260146260261536
0.21098990738391876
0.2014014720916748
0.21073968708515167
0.20057667791843414
0.21303290128707886
0.20438604056835175
0.21638205647468567
0.20837150514125824
0.21978627145290375
0.21223768591880798
0.22366423904895782
0.211761474609375
0.22690372169017792
0.2154967188835144
0.2305462807416916
0.21785815060138702
0.23295262455940247
0.2203437089920044
0.23834584653377533
0.22041261196136475
0.23814187943935394
0.2272000014781952
0.23911793529987335
0.22875218093395233
0.23782171308994293
0.22834400832653046
0.24096159636974335
0.23303531110286713
0.2390236258506775
0.22945921123027802
0.24030281603336334
0.23119015991687775
0.24097801744937897
0.228866845369339
0.24145226180553436
0.23371993005275726
0.24240124225616455
0.23250432312488556
0.24310892820358276
0.23188158869743347
0.2476801574230194
0.23471345007419586
0.2457534223794937
0.23295672237873077
0.24562697112560272
0.23618537187576294
0.2458946257829666
0.23886466026306152
0.25136056542396545
0.23784764111042023
0.25049179792404175
0.23695549368858337
0.2486465871334076
0.24002830684185028
0.2482655644416809
0.23833830654621124
0.24575211107730865
0.23740233480930328
0.248152494430542
0.23586532473564148
0.24478471279144287
0.23838818073272705
0.24925412237644196
0.24350935220718384
0.25132787227630615
0.2401381880044937
0.25265634059906006
0.24314887821674347
0.2519988715648651
0.24151714146137238
0.24818454682826996
0.240173801779747
0.24952949583530426
0.23789696395397186
0.2509494125843048
0.23675821721553802
0.2487098127603531
0.2391647845506668
0.25200721621513367
0.24233977496623993
0.2520609498023987
0.2419552356004715
0.2532944977283478
0.24783334136009216
0.2528412938117981
0.2425730675458908
0.25179457664489746
0.24601759016513824
0.25264549255371094
0.24241191148757935
0.2509739100933075
0.2461702525615692
0.2508953809738159
0.24506668746471405
0.2537195086479187
0.24643363058567047
0.2529796361923218
0.2475484013557434
0.2543807923793793
0.24268890917301178
0.24993020296096802
0.24185772240161896
0.25124305486679077
0.24535836279392242
0.252572238445282
0.24565303325653076
0.25215357542037964
0.24392510950565338
0.25053343176841736
0.2440599948167801
0.25442826747894287
0.2454741895198822
0.25506800413131714
0.24459993839263916
0.25674596428871155
0.24749375879764557
0.2538890838623047
0.24651174247264862
0.2530500888824463
0.24576210975646973
0.25290966033935547
0.24550780653953552
0.25437504053115845
0.24804700911045074
0.2550179362297058
0.24806633591651917
0.2522337734699249
0.24731609225273132
0.2583950161933899
0.24887694418430328
0.2542904019355774
0.24609807133674622
0.2560606598854065
0.24712158739566803
0.2557918429374695
0.24855615198612213
0.25204524397850037
0.24701397120952606
0.2538716793060303
0.24817006289958954
0.2539616823196411
0.24898794293403625
0.2546995282173157
0.24873273074626923
0.2557491064071655
0.24898545444011688
0.25467416644096375
0.2469344437122345
0.25219282507896423
0.24475231766700745
0.2525855600833893
0.24583108723163605
0.2534524202346802
0.24342887103557587
0.2515212595462799
0.2447786182165146
0.25180694460868835
0.24356718361377716
0.25031280517578125
0.24508599936962128
0.25121110677719116
0.24570485949516296
0.25161421298980713
0.2456207424402237
0.252388596534729
0.2468135803937912
0.25315621495246887
0.24547109007835388
0.2526138126850128
0.24525779485702515
0.25331971049308777
0.24397854506969452
0.2521757185459137
0.24638602137565613
0.2560161352157593
0.24753466248512268
0.2537887394428253
0.24456627666950226
0.25446537137031555
0.2469807118177414
0.25676169991493225
0.25427791476249695
0.25112631916999817
0.24917952716350555
0.24791136384010315
0.24754449725151062
0.24734622240066528
0.24721680581569672
0.24719814956188202
0.24698574841022491
0.24635577201843262
0.24670451879501343
0.24658462405204773
0.24690955877304077
0.2470872849225998
0.2461031824350357
0.24650341272354126
0.2470630258321762
0.24712561070919037
0.24619656801223755
0.24605900049209595
0.24630102515220642
0.2466607689857483
0.24644441902637482
0.24617572128772736
0.2461959272623062
