0.24719764292240143
0.17787300050258636
0.07819399982690811
0.0801546722650528
0.08370538800954819
0.08153121918439865
0.08489568531513214
0.0803624838590622
0.0850047841668129
0.07967550307512283
0.08476877957582474
0.07956252992153168
0.08487764745950699
0.07973239570856094
0.0851423516869545
0.0796714648604393
0.08495739102363586
0.07976606488227844
0.08499240130186081
0.0795791894197464
0.08507092297077179
0.07940318435430527
0.08473169058561325
0.07927065342664719
0.08444792032241821
0.079202800989151
0.08426762372255325
0.07866422086954117
0.08370222896337509
0.07848143577575684
0.08331583440303802
0.07847687602043152
0.08250490576028824
0.07832345366477966
0.08146921545267105
0.07810501754283905
0.08073251694440842
0.07746849954128265
0.08044640719890594
0.07767461240291595
0.07910429686307907
0.07749425619840622
0.07841914147138596
0.07729604840278625
0.07779724150896072
0.0773095041513443
0.07705149799585342
0.0775715634226799
0.07693760097026825
0.07739240676164627
0.07771877199411392
0.07718479633331299
0.07679179310798645
0.07709743827581406
0.07683660835027695
0.07709085941314697
0.07679586112499237
0.07682973146438599
0.07682068645954132
0.07709401845932007
0.07652698457241058
0.07732182741165161
0.07711955904960632
0.07698164135217667
0.07698007673025131
0.07684914022684097
0.07699116319417953
0.07728783041238785
0.07724204659461975
0.07715366035699844
0.0770016685128212
0.07695594429969788
0.07674557715654373
0.07630070298910141
0.07687358558177948
0.0772654190659523
0.07712790369987488
0.077081099152565
0.0768975242972374
0.07768400758504868
0.07734579592943192
0.07677114009857178
0.07638535648584366
0.07655595242977142
0.07653507590293884
0.0772780105471611
0.0767371729016304
0.07702206075191498
0.07717233151197433
0.07652906328439713
0.07662895321846008
0.07753238826990128
0.07661521434783936
0.07701485604047775
0.07630060613155365
0.07698027789592743
0.07708714157342911
0.07735506445169449
0.0768633559346199
0.07664091885089874
0.0765886902809143
0.07722064107656479
0.07677830755710602
0.07674141973257065
0.07641436159610748
0.07704184204339981
0.07624705135822296
0.07706200331449509
0.07659323513507843
0.07695872336626053
0.07727242261171341
0.07720407098531723
0.07743766903877258
0.07671099901199341
0.07666831463575363
0.0771942213177681
0.0766361653804779
0.07751895487308502
0.07748541235923767
0.07686058431863785
0.07694152742624283
0.07666407525539398
0.07658246904611588
0.07692171633243561
0.07710365951061249
0.0768345519900322
0.07725471258163452
0.0770501121878624
0.07719124108552933
0.07615915685892105
0.07684056460857391
0.07714681327342987
0.07705342024564743
0.07748764753341675
0.07736332714557648
0.07683774828910828
0.07629895210266113
0.07715606689453125
0.0768803060054779
0.076715387403965
0.07711183279752731
0.077064648270607
0.07751962542533875
0.0768650472164154
0.07716555893421173
0.07697820663452148
0.07687833160161972
0.07729198783636093
0.07753565907478333
0.07730615139007568
0.07698071748018265
0.07684095203876495
0.07669085264205933
0.07710621505975723
0.07708922028541565
0.07689802348613739
0.07702849060297012
0.07737977802753448
0.07700476050376892
0.07628961652517319
0.07677896320819855
0.07711274921894073
0.07655395567417145
0.0770702138543129
0.07711005955934525
0.07740176469087601
0.07736659795045853
0.07742992043495178
0.07710599154233932
0.07705919444561005
0.07693865150213242
0.07688093185424805
0.07721409946680069
0.07741551101207733
0.0773102194070816
0.07728099822998047
0.07721741497516632
0.07697856426239014
0.0770702213048935
0.07760604470968246
0.07734348624944687
0.07762588560581207
0.07735782861709595
0.0771651566028595
0.07746698707342148
0.07726693898439407
0.07717560976743698
0.07695082575082779
0.07741580903530121
0.07732482999563217
0.07693174481391907
0.07702906429767609
0.07702415436506271
0.0772266685962677
0.07721602916717529
0.07743772864341736
0.07697439193725586
0.07750245183706284
0.07724688202142715
0.07761712372303009
0.07672176510095596
0.07717865705490112
0.07737971097230911
0.07721801102161407
0.07767131924629211
0.07747863978147507
0.0768532007932663
0.07727226614952087
0.07705207914113998
0.0769406110048294
0.07730352878570557
0.07722004503011703
0.0772186666727066
0.07750682532787323
0.07716259360313416
0.07744758576154709
0.07717179507017136
0.07729838788509369
0.07742027938365936
0.07731790095567703
0.07722042500972748
0.07728509604930878
0.07723797112703323
0.07719126343727112
0.0770198404788971
0.0774974375963211
0.07738129049539566
0.07731207460165024
0.07738618552684784
0.07784895598888397
0.07714074850082397
0.07751213759183884
0.0769464373588562
0.07723762840032578
0.07729581743478775
0.07734281569719315
0.07735028862953186
0.07735113054513931
0.07729624211788177
0.07751818746328354
0.07761059701442719
0.07722320407629013
0.07710191607475281
0.07742422819137573
0.07742171734571457
0.07762256264686584
0.07740801572799683
0.07737873494625092
0.07690035551786423
0.07747744768857956
0.07727441936731339
0.07724551111459732
0.07724720239639282
0.0772552490234375
0.0772927924990654
0.07720986753702164
0.07726746797561646
0.0772293210029602
0.07726121693849564
0.0772419348359108
0.07728701084852219
0.07731892168521881
0.0772908627986908
0.07728882879018784
0.07730577886104584
0.07723592966794968
0.07725529372692108
0.07726918160915375
0.07728938013315201
0.07725556194782257
0.07724865525960922
0.07723928242921829
0.07725288718938828
0.07722742855548859
0.07721888273954391
0.07724647969007492
