-0.02568429708480835
-0.011084198951721191
-0.0015115141868591309
-0.0015200972557067871
-0.0017054080963134766
-0.0015646815299987793
-0.001759648323059082
-0.0015124678611755371
-0.001755058765411377
-0.0014864802360534668
-0.0017644166946411133
-0.0014851093292236328
-0.001781463623046875
-0.0014995932579040527
-0.0018194913864135742
-0.0015169978141784668
-0.0018515586853027344
-0.0015683174133300781
-0.0019236207008361816
-0.0015851855278015137
-0.001985311508178711
-0.0016176700592041016
-0.002025604248046875
-0.0016494989395141602
-0.002088189125061035
-0.0017029643058776855
-0.002150416374206543
-0.0016797780990600586
-0.0021271109580993652
-0.0017426609992980957
-0.002223074436187744
-0.001716017723083496
-0.0021682381629943848
-0.0017743706703186035
-0.00211334228515625
-0.0017418265342712402
-0.0021309256553649902
-0.0017481446266174316
-0.0021314024925231934
-0.0017867684364318848
-0.002081930637359619
-0.0017811059951782227
-0.0020392537117004395
-0.0019134283065795898
-0.0020945072174072266
-0.001983821392059326
-0.002207934856414795
-0.002156078815460205
-0.002286374568939209
-0.002184748649597168
-0.0024666786193847656
-0.00228726863861084
-0.0024173855781555176
-0.0023010969161987305
-0.002554655075073242
-0.0023206472396850586
-0.002623319625854492
-0.002417445182800293
-0.0027278661727905273
-0.0024756789207458496
-0.002766549587249756
-0.0026699304580688477
-0.0030591487884521484
-0.002708911895751953
-0.0031041502952575684
-0.002848207950592041
-0.003195464611053467
-0.002988874912261963
-0.0034638047218322754
-0.003011941909790039
-0.0036011934280395508
-0.003100156784057617
-0.0036568641662597656
-0.003060281276702881
-0.003869354724884033
-0.003283381462097168
-0.004081845283508301
-0.0036553144454956055
-0.0043984055519104
-0.003979146480560303
-0.0045836567878723145
-0.003951132297515869
-0.004492819309234619
-0.004075050354003906
-0.004363358020782471
-0.004178166389465332
-0.004080772399902344
-0.004146277904510498
-0.003740072250366211
-0.0036697983741760254
-0.0030344724655151367
-0.0036261677742004395
-0.002593994140625
-0.003407001495361328
-0.0025143027305603027
-0.003019869327545166
-0.002629399299621582
-0.0032059550285339355
-0.0026338696479797363
-0.003018975257873535
-0.0026274919509887695
-0.0029207468032836914
-0.0025579333305358887
-0.002824723720550537
-0.0017260909080505371
-0.002002894878387451
-0.0017001032829284668
-0.0023964643478393555
-0.0013523101806640625
-0.0020632147789001465
-0.0013325214385986328
-0.0016466975212097168
-0.0010959506034851074
-0.0015700459480285645
-0.001300811767578125
-0.0013602972030639648
-0.0005187392234802246
-0.0014989376068115234
0.0008630752563476562
-0.00025469064712524414
0.0013437867164611816
-0.0004875659942626953
0.0018163323402404785
-0.00018650293350219727
0.0008233785629272461
8.761882781982422e-06
-0.00041550397872924805
-0.0009829998016357422
-0.000118255615234375
-0.0009921789169311523
-0.00025212764739990234
-0.0005388259887695312
0.0007655024528503418
-9.429454803466797e-05
0.0015693902969360352
0.0009905695915222168
0.002586841583251953
0.0012468695640563965
0.0021581053733825684
0.001490950584411621
0.0018576383590698242
0.0010380148887634277
0.00032263994216918945
-1.0311603546142578e-05
0.0010859370231628418
-0.00022733211517333984
0.0011281371116638184
0.00038933753967285156
0.001378476619720459
0.0002478957176208496
0.0019588470458984375
0.0013732314109802246
0.002777695655822754
0.0025798678398132324
0.003208637237548828
0.0012788176536560059
0.003121495246887207
0.0021730661392211914
0.0026668310165405273
0.0018602609634399414
0.0025482177734375
0.0025374889373779297
0.003358125686645508
0.0024920105934143066
0.0030198097229003906
0.0025235414505004883
0.002759695053100586
0.0030789971351623535
0.003208935260772705
0.0017694830894470215
0.0024834871292114258
0.0016699433326721191
0.0026456117630004883
0.0018910765647888184
0.0023436546325683594
0.0018998980522155762
0.0021237730979919434
0.0018069744110107422
0.002581298351287842
0.0021466612815856934
0.0027306675910949707
0.0027493834495544434
0.0038200020790100098
0.002896130084991455
0.004305660724639893
0.0033885836601257324
0.004138648509979248
0.004508495330810547
0.0036586523056030273
0.0028684139251708984
0.0036696195602416992
0.00307542085647583
0.0037906765937805176
0.0033840537071228027
0.004086673259735107
0.0033572912216186523
0.003583252429962158
0.002796649932861328
0.004937410354614258
0.0036526918411254883
0.005222618579864502
0.003665149211883545
0.0051534175872802734
0.0034080147743225098
0.004455864429473877
0.0037376880645751953
0.004499971866607666
0.003522038459777832
0.0044612884521484375
0.004162490367889404
0.00549846887588501
0.004296481609344482
0.005258381366729736
0.004427969455718994
0.0047866106033325195
0.004395663738250732
0.00511932373046875
0.004037916660308838
0.00420224666595459
0.003123044967651367
0.00323331356048584
0.002588212490081787
0.0030411481857299805
0.003046870231628418
0.002805352210998535
0.0020990967750549316
0.002896130084991455
0.0025132298469543457
0.0016605854034423828
0.0013158321380615234
0.002117931842803955
0.002288341522216797
0.0028238892555236816
0.002696990966796875
0.002962470054626465
0.0032029151916503906
0.0030096769332885742
0.0029958486557006836
0.002779543399810791
0.002239406108856201
0.002753913402557373
0.002668321132659912
0.0031554698944091797
0.0031253695487976074
0.0038951635360717773
0.00413966178894043
0.004122793674468994
0.003440558910369873
0.005000591278076172
0.0037828683853149414
0.005831599235534668
0.0029330849647521973
0.0026578307151794434
0.0024831295013427734
0.0025641322135925293
0.00286179780960083
0.0025261640548706055
0.0024169087409973145
0.0021079182624816895
0.002546846866607666
0.0026746392250061035
0.00219649076461792
0.0024161934852600098
0.0027742981910705566
0.0023277997970581055
0.0026578307151794434
0.0028696656227111816
0.002535581588745117
0.0026117563247680664
0.0031035542488098145
0.002720654010772705
0.0028709769248962402
0.0028701424598693848
0.002683401107788086
0.002893209457397461
0.002779066562652588
