2.7235488891601562
1.5725617408752441
0.4938076138496399
0.3205335736274719
0.33423957228660583
0.28370237350463867
0.29510658979415894
0.26990604400634766
0.28932249546051025
0.2641880512237549
0.2832024097442627
0.2565748691558838
0.2760768234729767
0.2538602352142334
0.2702871859073639
0.24692514538764954
0.2626740336418152
0.24193641543388367
0.25486814975738525
0.23474115133285522
0.2481839954853058
0.2284640371799469
0.23761911690235138
0.22211679816246033
0.23130683600902557
0.21577341854572296
0.22292408347129822
0.2078256756067276
0.21536661684513092
0.2023131102323532
0.20808687806129456
0.19859251379966736
0.19886797666549683
0.19332776963710785
0.1950327306985855
0.18696171045303345
0.19026225805282593
0.17957808077335358
0.1878051459789276
0.17606878280639648
0.1791086196899414
0.17033608257770538
0.17672082781791687
0.1677635908126831
0.17248636484146118
0.16489654779434204
0.1673973947763443
0.16265039145946503
0.16532403230667114
0.16071900725364685
0.16244661808013916
0.15511952340602875
0.16250470280647278
0.15510636568069458
0.15797019004821777
0.15242674946784973
0.1539907306432724
0.14633896946907043
0.14718931913375854
0.14282342791557312
0.15814606845378876
0.1451607644557953
0.1650373339653015
0.14951542019844055
0.17393431067466736
0.14516544342041016
0.1988799273967743
0.14531080424785614
0.21267172694206238
0.14993898570537567
0.237283393740654
0.14306388795375824
0.15672311186790466
0.11819778382778168
0.16747304797172546
0.11523671448230743
0.2681390941143036
0.27335500717163086
3.535698413848877
0.3097574710845947
1.520216941833496
0.20128029584884644
16.262203216552734
0.7508903741836548
0.636110782623291
0.3671845495700836
1.7752292156219482
5.484645843505859
5.879932403564453
3.512439250946045
77.14157104492188
5.696070671081543
6.255875110626221
2.8262782096862793
3.424787759780884
1.0918021202087402
1.4432897567749023
1.3746356964111328
4.274561882019043
1.412397027015686
4.413791179656982
0.7597558498382568
1.9794082641601562
1.0847342014312744
0.37454769015312195
0.5563822388648987
0.2546066641807556
0.5011542439460754
0.27369192242622375
0.3413606882095337
0.25493597984313965
0.22859537601470947
0.19115209579467773
0.1689533293247223
0.22615009546279907
0.22343721985816956
0.4263242185115814
0.4619626998901367
0.5693956613540649
0.670816957950592
0.4909142851829529
0.14119216799736023
0.9571528434753418
1.07124924659729
1.6340852975845337
0.5049429535865784
1.0830750465393066
0.2734006941318512
1.0635778903961182
1.1877869367599487
2.4374301433563232
0.215215265750885
1.1607518196105957
0.14046931266784668
0.5412319898605347
0.08981440961360931
0.444095253944397
0.25678953528404236
0.5073880553245544
0.2433776706457138
0.5698621869087219
0.168799489736557
0.9227080345153809
0.3520125150680542
1.2842297554016113
0.10380401462316513
0.8964542150497437
0.2619929313659668
0.8590570688247681
0.1250753253698349
0.30459773540496826
0.14165598154067993
0.5453760027885437
0.19307085871696472
0.35473912954330444
0.2501574754714966
0.24926742911338806
0.5116798281669617
0.9142781496047974
0.1303451955318451
0.4470456838607788
0.3698005974292755
0.7490566372871399
0.14037594199180603
0.2645138204097748
0.26144641637802124
0.4847552180290222
0.07756105810403824
0.16753393411636353
0.13113179802894592
0.413254976272583
0.1503278762102127
0.4966810643672943
0.4531581699848175
0.64122474193573
0.1986907571554184
0.4346434772014618
0.1783643513917923
0.5307674407958984
0.09245546162128448
0.3103899359703064
0.10353003442287445
0.11712010204792023
0.207682803273201
0.1411261409521103
0.21290673315525055
0.4471045136451721
0.8267529010772705
1.3753656148910522
0.28212329745292664
0.5856037139892578
0.24570932984352112
0.08959321677684784
0.16317683458328247
0.34859025478363037
0.22609148919582367
0.42175060510635376
0.3395419716835022
0.9857513904571533
0.4407797157764435
0.6827041506767273
0.05984058231115341
0.2502062916755676
0.334265798330307
0.7843623161315918
0.2243540734052658
0.34517601132392883
0.07224326580762863
0.2278802990913391
0.09015582501888275
0.23317435383796692
0.27755042910575867
0.3672844469547272
0.12778377532958984
0.23798373341560364
0.42179036140441895
0.6054718494415283
0.1539781242609024
0.46952807903289795
0.1876024603843689
0.2369382381439209
0.10499778389930725
0.18134306371212006
0.2314060628414154
0.45716074109077454
0.14683982729911804
0.3310283422470093
0.1867688000202179
0.4897982180118561
0.316977858543396
0.36338692903518677
0.06253238022327423
0.14649571478366852
0.08810599148273468
0.19896867871284485
0.4263690710067749
0.5126808881759644
0.17636097967624664
0.2431287169456482
0.14216746389865875
0.2670806050300598
0.24436143040657043
0.3049851059913635
0.06249115243554115
0.11111404001712799
0.06234334409236908
0.09002213180065155
0.16200895607471466
0.39381158351898193
0.5289789438247681
0.9363025426864624
0.07414588332176208
0.09680119901895523
0.10081245005130768
0.09570673853158951
0.10632861405611038
0.09010463953018188
0.09154203534126282
0.09377340972423553
0.10066021978855133
0.10416612029075623
0.09099844098091125
0.10723909735679626
0.0878409743309021
0.09895799309015274
0.0978129506111145
0.08085106313228607
0.10632283985614777
0.0993216410279274
0.10267920792102814
0.08414745330810547
0.08940838277339935
0.09725870192050934
0.09769344329833984
0.10009011626243591
0.10710608214139938
