0.11018917709589005
0.055083297193050385
0.012113917618989944
0.014230016618967056
0.015904568135738373
0.015284032560884953
0.016558844596147537
0.014669331721961498
0.01639900542795658
0.01435015443712473
0.01633954420685768
0.014276636764407158
0.016343189403414726
0.01444243360310793
0.016542499884963036
0.014365694485604763
0.016589272767305374
0.014430132694542408
0.01683669723570347
0.01447276957333088
0.0170876607298851
0.014555362053215504
0.017154505476355553
0.014601962640881538
0.017544817179441452
0.01496799010783434
0.01775205507874489
0.014979681000113487
0.017904134467244148
0.015187479555606842
0.018300224095582962
0.015513906255364418
0.018268052488565445
0.01573657989501953
0.018249355256557465
0.01612555980682373
0.018396880477666855
0.01624668389558792
0.0188271664083004
0.017145011574029922
0.019169872626662254
0.017900768667459488
0.01982751116156578
0.018926020711660385
0.020606419071555138
0.0203032698482275
0.02178354188799858
0.021464340388774872
0.02306678704917431
0.0226485226303339
0.024602221325039864
0.02352641150355339
0.02536735124886036
0.024243507534265518
0.02679019421339035
0.024831542745232582
0.02760416641831398
0.025667252019047737
0.028785789385437965
0.027108049020171165
0.03084040991961956
0.02775650843977928
0.032855428755283356
0.029107240960001945
0.03499119356274605
0.030812740325927734
0.03771546855568886
0.03282719478011131
0.04042099788784981
0.03570668771862984
0.044860973954200745
0.03624351695179939
0.04708722233772278
0.03591633588075638
0.051567137241363525
0.040435291826725006
0.06397347152233124
0.05479103699326515
0.11785265803337097
0.06573095917701721
0.11510363966226578
0.06580476462841034
0.37096014618873596
0.20212900638580322
0.19837839901447296
0.24827353656291962
0.7545338273048401
0.5016767978668213
0.5301392674446106
0.2307746708393097
1.6529592275619507
1.630656123161316
1.6674083471298218
1.6253575086593628
1.6597846746444702
1.6262098550796509
0.9967766404151917
1.6460884809494019
1.6666913032531738
1.6344923973083496
1.655402660369873
1.6543160676956177
1.6238324642181396
1.6343284845352173
1.6626254320144653
1.6568485498428345
1.645350456237793
1.6508551836013794
1.6438857316970825
1.6235041618347168
1.7162081003189087
1.6333662271499634
1.6768301725387573
1.6601812839508057
1.6408642530441284
1.6536469459533691
1.6851223707199097
1.640865445137024
1.7131500244140625
1.6710585355758667
1.7122855186462402
1.6522678136825562
1.7073439359664917
1.673640251159668
1.7145284414291382
1.6782344579696655
1.6628715991973877
1.6788009405136108
1.677535891532898
1.6393412351608276
1.6788382530212402
1.6354424953460693
1.6956101655960083
1.6879373788833618
1.7273170948028564
1.6792978048324585
1.7198008298873901
1.7007241249084473
1.74921715259552
1.6944323778152466
1.7758934497833252
1.712376356124878
1.6625068187713623
1.6612703800201416
1.7023491859436035
1.6724992990493774
1.7329002618789673
1.6931777000427246
1.7214834690093994
1.6816478967666626
1.728121042251587
1.691210150718689
1.7494280338287354
1.6960852146148682
1.7194042205810547
1.7078204154968262
1.7644256353378296
1.7060858011245728
1.7331287860870361
1.7078189849853516
1.7620502710342407
1.7009495496749878
1.73678457736969
1.685326099395752
1.7221112251281738
1.712937355041504
1.7479373216629028
1.712950348854065
1.7466890811920166
1.7134027481079102
1.7070939540863037
1.6888389587402344
1.7430158853530884
1.718229055404663
1.7141610383987427
1.7093597650527954
1.7051578760147095
1.6904836893081665
1.7200247049331665
1.7045844793319702
1.7638051509857178
1.7014355659484863
1.7579361200332642
1.7204363346099854
1.7520381212234497
1.6952855587005615
1.7348461151123047
1.7540525197982788
1.7215936183929443
1.7085692882537842
1.756480097770691
1.7111268043518066
1.720286250114441
1.7020422220230103
1.7302285432815552
1.7254592180252075
1.7108200788497925
1.7395660877227783
1.7516530752182007
1.7195254564285278
1.730290174484253
1.7490911483764648
1.7213457822799683
1.7443926334381104
1.782958745956421
1.706243872642517
1.7439864873886108
1.6893185377120972
1.7411658763885498
1.711411714553833
1.7275334596633911
1.7732123136520386
1.7752736806869507
1.7044507265090942
1.7345006465911865
1.7349648475646973
1.7427570819854736
1.7117985486984253
1.767041563987732
1.688034176826477
1.746785283088684
1.7222861051559448
1.7450213432312012
1.6738929748535156
1.7089177370071411
1.7037205696105957
1.7080003023147583
1.6815279722213745
1.7189857959747314
1.710904836654663
1.7558257579803467
1.6831210851669312
1.7208919525146484
1.7153174877166748
1.7002896070480347
1.7177791595458984
1.7498847246170044
1.705588698387146
1.702257752418518
1.7138936519622803
1.7048707008361816
1.6889351606369019
1.6984739303588867
1.6978180408477783
1.737614631652832
1.7188197374343872
1.7352768182754517
1.7056676149368286
1.734284520149231
1.7165873050689697
1.7560921907424927
593.1500854492188
235.67843627929688
49.66151809692383
7.491673946380615
5.507628440856934
4.094707012176514
4.761523246765137
6.736481666564941
5.923108100891113
0.6310772895812988
1.169482707977295
2.5864920616149902
6.910536289215088
18.21416664123535
0.1584731787443161
1.2707486152648926
9.649724960327148
14.637198448181152
0.5714955925941467
0.22484834492206573
0.5453062057495117
4.35106086730957
4.542848587036133
0.7238196730613708
0.5793522596359253
