0.10813255608081818
0.05516746640205383
0.012433079071342945
0.01409177202731371
0.015275496058166027
0.014724432490766048
0.01579679735004902
0.014161256141960621
0.01574128121137619
0.013902707025408745
0.015689129009842873
0.013819062151014805
0.015659941360354424
0.013958797790110111
0.01579594425857067
0.013851379044353962
0.01580522395670414
0.013893019407987595
0.01599113456904888
0.013915800489485264
0.016196031123399734
0.013983568176627159
0.016242900863289833
0.014023703522980213
0.01656944304704666
0.014351391233503819
0.016754256561398506
0.014362074434757233
0.016888950020074844
0.014558514580130577
0.017271965742111206
0.014881465584039688
0.017276965081691742
0.015136114321649075
0.017293347045779228
0.015565414912998676
0.01749361678957939
0.015730388462543488
0.01793273538351059
0.01661309227347374
0.01828090474009514
0.01732824556529522
0.018931888043880463
0.018264342099428177
0.01968928799033165
0.01957593858242035
0.020814450457692146
0.02065807580947876
0.022008270025253296
0.02177375555038452
0.02350541017949581
0.022582396864891052
0.02419077418744564
0.023231033235788345
0.025525281205773354
0.023738348856568336
0.02627531997859478
0.024533476680517197
0.027409818023443222
0.025890128687024117
0.029173921793699265
0.026431946083903313
0.030945023521780968
0.02761976048350334
0.03289173170924187
0.029118612408638
0.03522619977593422
0.030842909589409828
0.03727700933814049
0.0332220084965229
0.04067835211753845
0.033100709319114685
0.04321272298693657
0.03379879146814346
0.047076452523469925
0.03807589411735535
0.051274847239255905
0.04477304965257645
0.06175704672932625
0.05122660845518112
0.07083156704902649
0.05434049293398857
0.09491989761590958
0.07061327248811722
0.10630888491868973
0.0774860605597496
0.11490289866924286
0.08055372536182404
0.13755948841571808
0.09497266262769699
0.13595931231975555
0.11586998403072357
0.15883201360702515
0.11851721256971359
0.15975162386894226
0.11599404364824295
0.16087394952774048
0.13250349462032318
0.15231168270111084
0.12128116935491562
0.1614132821559906
0.14211277663707733
0.15583938360214233
0.12061053514480591
0.16917899250984192
0.14168179035186768
0.17230208218097687
0.13673637807369232
0.1702014058828354
0.13227659463882446
0.20471210777759552
0.15876173973083496
0.20083557069301605
0.1638905107975006
0.17785196006298065
0.16807882487773895
0.18821392953395844
0.17049944400787354
0.2319311499595642
0.20307686924934387
0.2401650846004486
0.18269214034080505
0.2272113412618637
0.18242141604423523
0.22191716730594635
0.18309098482131958
0.18761350214481354
0.18923941254615784
0.20385845005512238
0.1705292910337448
0.2098209261894226
0.17472784221172333
0.20262040197849274
0.19696252048015594
0.2318069487810135
0.2086704522371292
0.24120092391967773
0.2074478268623352
0.25654226541519165
0.21064545214176178
0.2841026186943054
0.21922016143798828
0.20079608261585236
0.16918352246284485
0.2078099101781845
0.19079414010047913
0.2395862638950348
0.18540851771831512
0.22978737950325012
0.1958554983139038
0.23993414640426636
0.21555939316749573
0.26009035110473633
0.22197987139225006
0.2442544549703598
0.21671180427074432
0.27537786960601807
0.21246378123760223
0.2408667653799057
0.2186327576637268
0.27114537358283997
0.2112845629453659
0.2569219768047333
0.20098142325878143
0.2440921515226364
0.22688665986061096
0.25873103737831116
0.22376863658428192
0.27283087372779846
0.22162216901779175
0.22139760851860046
0.20018024742603302
0.25029611587524414
0.22745363414287567
0.24698030948638916
0.21842794120311737
0.21332243084907532
0.21176615357398987
0.23387238383293152
0.21308375895023346
0.27371400594711304
0.21019838750362396
0.27504873275756836
0.22829779982566833
0.2771124839782715
0.22351570427417755
0.2613382935523987
0.26420021057128906
0.24724024534225464
0.2330377995967865
0.28236356377601624
0.2206823229789734
0.24469277262687683
0.23448164761066437
0.2565918266773224
0.25011900067329407
0.21868422627449036
0.2482360303401947
0.2793731391429901
0.24131540954113007
0.24798178672790527
0.25815534591674805
0.24825794994831085
0.253473162651062
0.30849847197532654
0.22143593430519104
0.2585258185863495
0.21373094618320465
0.26823902130126953
0.23949448764324188
0.25434061884880066
0.29299259185791016
0.2873028814792633
0.23107406497001648
0.2654308080673218
0.2606378197669983
0.2556067407131195
0.23294679820537567
0.28296107053756714
0.21562382578849792
0.25696322321891785
0.23043784499168396
0.2530228793621063
0.21107064187526703
0.24997089803218842
0.21178226172924042
0.21958240866661072
0.20091809332370758
0.22535793483257294
0.2183419018983841
0.2483638972043991
0.19105111062526703
0.23777194321155548
0.22425474226474762
0.21862459182739258
0.2334003895521164
0.2652395963668823
0.21680715680122375
0.24489668011665344
0.22160042822360992
0.23022262752056122
0.21327023208141327
0.21017815172672272
0.20698954164981842
0.2690492272377014
0.2348434031009674
0.24551600217819214
0.22338350117206573
0.2585024833679199
0.22532501816749573
0.28346043825149536
0.2119251936674118
0.21751247346401215
0.20994915068149567
0.23344983160495758
0.21957790851593018
0.23252946138381958
0.2184169590473175
0.21767042577266693
0.211231529712677
0.21368396282196045
0.23243071138858795
0.21532763540744781
0.21362373232841492
0.2288845330476761
0.2146293669939041
0.2220480591058731
0.22574660181999207
0.2503519058227539
0.22139215469360352
0.23041804134845734
0.2490774691104889
0.2025211602449417
0.23177112638950348
0.2293562889099121
0.2159721851348877
