0.5742564797401428
0.36132344603538513
0.36130088567733765
0.36131590604782104
0.113397017121315
0.1458490788936615
0.15799525380134583
0.15444788336753845
0.1525384932756424
0.15218693017959595
0.15125784277915955
0.1514035016298294
0.15154875814914703
0.15164609253406525
0.14992590248584747
0.15104477107524872
0.15014047920703888
0.1494402438402176
0.14593759179115295
0.14336353540420532
0.1420973241329193
0.1390799731016159
0.1391148716211319
0.13891452550888062
0.1358972042798996
0.1335080862045288
0.1362438052892685
0.13086912035942078
0.13254140317440033
0.13264285027980804
0.1305074542760849
0.13179434835910797
0.13186787068843842
0.13186118006706238
0.12777794897556305
0.12835116684436798
0.1297154724597931
0.1317858099937439
0.12886062264442444
0.13052864372730255
0.13023227453231812
0.1314689964056015
0.13128802180290222
0.1314190775156021
0.1284315139055252
0.12680695950984955
0.12985292077064514
0.12887431681156158
0.13017959892749786
0.1313788890838623
0.1290486603975296
0.12895694375038147
0.12909677624702454
0.12910763919353485
0.12623226642608643
0.12716183066368103
0.13162706792354584
0.12946856021881104
0.12787747383117676
0.12653136253356934
0.1264026015996933
0.12822282314300537
0.12814094126224518
0.12822499871253967
0.1284729391336441
0.12855905294418335
0.12770172953605652
0.12937277555465698
0.12712113559246063
0.13190360367298126
0.12974907457828522
0.12419331073760986
0.12414611130952835
0.12421116977930069
0.13025899231433868
0.12875501811504364
0.1321595162153244
0.13148736953735352
0.12873168289661407
0.1294020265340805
0.12708766758441925
0.12896044552326202
0.12909241020679474
0.12895071506500244
0.12799356877803802
0.12478528171777725
0.12853531539440155
0.12621717154979706
0.1293770968914032
0.12677164375782013
0.1275113821029663
0.1287224441766739
0.12863928079605103
0.12855684757232666
0.1300569623708725
0.12887884676456451
0.12923942506313324
0.12613297998905182
0.1274299919605255
0.1283707469701767
0.1260817050933838
0.12856565415859222
0.12835147976875305
0.12828193604946136
0.12813690304756165
0.1267530918121338
0.12860460579395294
0.12693478167057037
0.12295589596033096
0.12837843596935272
0.12465968728065491
0.12813512980937958
0.12814529240131378
0.12819674611091614
0.1294826865196228
0.12895238399505615
0.12330323457717896
0.12654100358486176
0.12783674895763397
0.12771575152873993
0.12935206294059753
0.12716616690158844
0.1271146684885025
0.12702885270118713
0.13006748259067535
0.12540823221206665
0.12680144608020782
0.12526556849479675
0.12661801278591156
0.13152103126049042
0.12959063053131104
0.13260221481323242
0.1325288712978363
0.13240894675254822
0.12935103476047516
0.12562167644500732
0.12211538106203079
0.12405329197645187
0.1275056004524231
0.1271846890449524
0.12297634035348892
0.12524695694446564
0.1250590831041336
0.12502405047416687
0.12811580300331116
0.12462334334850311
0.12572279572486877
0.1256781667470932
0.13075849413871765
0.13393592834472656
0.12795259058475494
0.12623970210552216
0.1261431872844696
0.12621691823005676
0.12723946571350098
0.1261490434408188
0.12383214384317398
0.12772734463214874
0.13051734864711761
0.12790334224700928
0.1272886097431183
0.1254398375749588
0.12552319467067719
0.12551690638065338
0.12547312676906586
0.12679491937160492
0.13059155642986298
0.12640509009361267
0.1265869289636612
0.1249738484621048
0.12577834725379944
0.12474600970745087
0.12488313764333725
0.12487936019897461
0.12134431302547455
0.12819279730319977
0.125534787774086
0.12225884199142456
0.12826859951019287
0.12645161151885986
0.12817256152629852
0.1230379194021225
0.12290281057357788
0.12297042459249496
0.12463933229446411
0.12978319823741913
0.12367027997970581
0.12714321911334991
0.13047122955322266
0.1291738897562027
0.1267702281475067
0.12589997053146362
0.12594304978847504
0.12592002749443054
0.12837016582489014
0.13029661774635315
0.12573914229869843
0.12920606136322021
0.1255774050951004
0.1265406757593155
0.12379857897758484
