0.36302870512008667
0.36148306727409363
0.36148664355278015
0.5908935070037842
0.7759219408035278
0.7416163086891174
0.6925417184829712
0.7133646607398987
0.6925417184829712
0.6925417184829712
0.6672981977462769
0.20398961007595062
0.2021343857049942
0.19991259276866913
0.19504602253437042
0.19975140690803528
0.20168998837471008
0.19504602253437042
0.1800549328327179
0.15797239542007446
0.11656048893928528
0.11569076776504517
0.11569076776504517
0.07957464456558228
0.05723944306373596
0.046194612979888916
0.03986653685569763
0.025934666395187378
0.023151695728302002
0.027971774339675903
0.020630210638046265
0.02182433009147644
0.02143159508705139
0.02697470784187317
0.02663642168045044
0.01554134488105774
0.013911843299865723
0.0188521146774292
0.014039754867553711
0.02153545618057251
0.016276568174362183
0.015885651111602783
0.01694086194038391
0.0142592191696167
0.015999794006347656
0.012761086225509644
0.016790419816970825
0.020482569932937622
0.012812629342079163
0.012513160705566406
0.015927135944366455
0.0164797306060791
0.016726374626159668
0.012376219034194946
0.020635604858398438
0.012986332178115845
0.01050887256860733
0.01243901252746582
0.015297383069992065
0.010313600301742554
0.0203838050365448
0.020005851984024048
0.019832193851470947
0.013661861419677734
0.01083749532699585
0.017980068922042847
0.009728506207466125
0.007694423198699951
0.012325145304203033
0.014187723398208618
0.013575494289398193
0.01396968960762024
0.013851284980773926
0.010259941220283508
0.01566937565803528
0.017902106046676636
0.011665478348731995
0.009935826063156128
0.009167559444904327
0.008570551872253418
0.008875206112861633
0.009023129940032959
0.009305715560913086
0.019809335470199585
0.006887108087539673
0.012448608875274658
0.015182703733444214
0.008875750005245209
0.013062626123428345
0.008807539939880371
0.009149819612503052
0.009589910507202148
0.009637683629989624
0.011855065822601318
0.008365347981452942
0.008810140192508698
0.011481761932373047
0.009605824947357178
0.012162983417510986
0.013168811798095703
0.009668320417404175
0.009762734174728394
0.010625898838043213
0.007315792143344879
0.008755326271057129
0.008318334817886353
0.01030990481376648
0.009558051824569702
0.007756531238555908
0.0054855793714523315
0.007496476173400879
0.007276624441146851
0.007191650569438934
0.008526042103767395
0.012772291898727417
0.007390707731246948
0.007840931415557861
0.006629027426242828
0.010460525751113892
0.008157067000865936
0.014472723007202148
0.013802945613861084
0.014006644487380981
0.011730223894119263
0.007295340299606323
0.009342342615127563
0.006259709596633911
0.011641621589660645
0.010156691074371338
0.00862884521484375
0.01724231243133545
0.017203569412231445
0.016856133937835693
0.007980577647686005
0.013334870338439941
0.007373154163360596
0.006277948617935181
0.006537258625030518
0.013142257928848267
0.012604981660842896
0.00838133692741394
0.008879303932189941
0.008272320032119751
0.006312072277069092
0.010710000991821289
0.011432260274887085
0.0070212483406066895
0.009177930653095245
0.012927532196044922
0.007317453622817993
0.009605824947357178
0.008907288312911987
0.008974283933639526
0.007175862789154053
0.010650634765625
0.0056858062744140625
0.006925493478775024
0.008488886058330536
0.011501997709274292
0.007030844688415527
0.006813645362854004
0.00639835000038147
0.00617554783821106
0.006854742765426636
0.019611835479736328
0.014408499002456665
0.01184353232383728
0.01594918966293335
0.006720095872879028
0.009878337383270264
0.00914272665977478
0.00830167531967163
0.008846938610076904
0.008455276489257812
0.011973917484283447
0.00858268141746521
0.008587539196014404
0.008640974760055542
0.005859464406967163
0.005984961986541748
0.006122976541519165
0.006341844797134399
0.006681650876998901
0.008545160293579102
0.0074687376618385315
0.0113314688205719
0.008865892887115479
0.01222565770149231
0.011180728673934937
0.005401521921157837
0.009215712547302246
0.00796160101890564
0.009440571069717407
0.005906879901885986
0.00865676999092102
0.015905112028121948
0.0066707804799079895
0.008865892887115479
0.008075177669525146
0.017655402421951294
