0.06999809294939041
0.06959331035614014
0.06959384679794312
0.009196908213198185
0.043153245002031326
0.03311117738485336
0.02092304266989231
0.024335738271474838
0.020078500732779503
0.019728491082787514
0.013084872625768185
0.0023425628896802664
0.002358578145503998
0.002172335982322693
0.0019815906416624784
0.0018439622363075614
0.001727239927276969
0.0015417988179251552
0.0011480277171358466
0.0007586721912957728
0.0003774342476390302
0.0003743045381270349
0.0003730325261130929
0.0001734120596665889
9.424476593267173e-05
7.211910997284576e-05
4.522305971477181e-05
3.378957626409829e-05
2.9958002414787188e-05
2.66942115558777e-05
2.315829806320835e-05
2.374663199589122e-05
2.3418202545144595e-05
3.170978743582964e-05
2.7257401598035358e-05
1.746266207192093e-05
2.502847564755939e-05
1.539374716230668e-05
1.8518705473979935e-05
1.9484690710669383e-05
1.8383479982730933e-05
1.8626027667778544e-05
1.861523742263671e-05
1.3117100934323389e-05
1.2582779163494706e-05
1.3840349311067257e-05
1.2756654541590251e-05
1.930019789142534e-05
1.8774650015984662e-05
1.1310433364997152e-05
1.1670603271340951e-05
1.204423369927099e-05
1.2479207725846209e-05
1.0267621291859541e-05
2.1412364731077105e-05
2.901429616031237e-05
1.2499078366090544e-05
8.586785043007694e-06
1.1094090950791724e-05
8.358634659089148e-06
2.0212084564263932e-05
1.9708297259057872e-05
1.9888204406015575e-05
1.0087938790093176e-05
8.776934009802062e-06
1.6131480151670985e-05
1.1837707461381797e-05
7.510572686442174e-06
2.4382012270507403e-05
1.0816480426001363e-05
1.3206107723817695e-05
1.3671670785697643e-05
1.3566089364758227e-05
1.4362080946739297e-05
1.1039027413062286e-05
2.158418828912545e-05
1.802260521799326e-05
7.12873134034453e-06
1.3760147339780815e-05
5.648062142427079e-06
1.0270557140756864e-05
1.0426016160636209e-05
1.0633489182509948e-05
1.8278169591212645e-05
6.554620085807983e-06
1.84609252755763e-05
1.081529444491025e-05
1.1522314707690384e-05
7.887783795013092e-06
8.486629667459056e-06
6.068517905077897e-06
6.128042059572181e-06
6.0797706282755826e-06
2.3124137442209758e-05
6.8472659222607035e-06
6.732303518219851e-06
1.1514723155414686e-05
5.194089681026526e-06
7.192894827312557e-06
9.52923255681526e-06
5.6253234106407035e-06
5.7137931435136124e-06
5.878481260879198e-06
6.087536348786671e-06
8.070707735896576e-06
5.649308604915859e-06
6.805520570196677e-06
1.135200454882579e-05
4.9089680942415725e-06
6.18705598753877e-06
5.132068963575875e-06
5.288761258270824e-06
5.345318641047925e-06
6.99417932992219e-06
2.3235368644236587e-05
8.03844795882469e-06
4.18753324993304e-06
4.928331236442318e-06
1.293593413720373e-05
6.317471616057446e-06
1.3127636520948727e-05
1.2363158020889387e-05
1.3341377780307084e-05
8.813253771222662e-06
5.681687071046326e-06
7.86923828854924e-06
5.36547167939716e-06
6.185861366247991e-06
1.8125092537957244e-05
6.110189133323729e-06
5.2609721024055034e-05
5.301446799421683e-05
5.136336403666064e-05
9.400151611771435e-06
1.597388109075837e-05
1.2235706890351139e-05
5.886335202376358e-06
3.5342602586752037e-06
7.304827249754453e-06
1.659883673710283e-05
5.42511679668678e-06
5.7830570767691825e-06
5.658440841216361e-06
3.908474809577456e-06
9.104430318984669e-06
6.314220627245959e-06
3.958572960982565e-06
8.311046258313581e-06
2.051224328170065e-05
3.853079761029221e-06
4.4754729060514364e-06
4.096252268936951e-06
4.033793175040046e-06
3.2751227081462275e-06
4.91216769660241e-06
6.686686901957728e-06
3.2720242870709626e-06
1.2304881238378584e-05
7.296415788005106e-06
2.977044459839817e-06
4.0398144847131334e-06
3.7788522604387254e-06
3.6677552088804077e-06
4.10637812819914e-06
2.4089331418508664e-05
3.93000191252213e-05
1.4090026525082067e-05
1.5004051419964526e-05
3.684460352815222e-06
7.680417184019461e-06
6.624312845815439e-06
5.67940605833428e-06
6.347833277686732e-06
1.1345194252498914e-05
5.755382517236285e-06
5.037425125919981e-06
8.358137165487278e-06
3.8771026993345e-06
2.639993454067735e-06
4.520781203609658e-06
7.998394721653312e-06
8.544884622097015e-06
8.264922144007869e-06
6.007345746184001e-06
9.343119018012658e-06
1.0446293345012236e-05
3.031194182767649e-06
8.86983525560936e-06
2.20877645915607e-05
2.686264679141459e-06
5.773708835477009e-06
4.967583208781434e-06
6.478534032794414e-06
6.168359050207073e-06
6.394110187102342e-06
1.539018558105454e-05
6.8270428528194316e-06
4.1131115722237155e-06
7.153058049880201e-06
2.7043579393648542e-05
