0.29642459750175476
0.15160368382930756
0.1508939117193222
0.15089432895183563
0.013850444927811623
0.013231638818979263
0.013346269726753235
0.011533696204423904
0.010237365029752254
0.009410268627107143
0.00890345498919487
0.008682227693498135
0.00866638496518135
0.008662693202495575
0.008230739273130894
0.008444339968264103
0.008178032003343105
0.007864982821047306
0.006957883946597576
0.006227188743650913
0.005751238204538822
0.0048461235128343105
0.004871273413300514
0.004853535909205675
0.003906307741999626
0.003198466496542096
0.003617799375206232
0.0023839124478399754
0.0025964926462620497
0.00251116044819355
0.002083363477140665
0.002264348091557622
0.002269239164888859
0.00225071725435555
0.0020525685977190733
0.001863954123109579
0.0017954226350411773
0.0024193020071834326
0.0016504129162058234
0.0019747933838516474
0.0018741372041404247
0.0021513260435312986
0.0021457530092447996
0.002167878206819296
0.0014996362151578069
0.0014005179982632399
0.0017571809003129601
0.0015416867099702358
0.001840357668697834
0.002162279561161995
0.0015300954692065716
0.001510918838903308
0.0015229589771479368
0.0015115296700969338
0.00130923290271312
0.0015856369864195585
0.0024502805899828672
0.0015842647990211844
0.001276640105061233
0.0012866957113146782
0.0011695415014401078
0.0015354007482528687
0.0015351594192907214
0.001540674827992916
0.0014063854468986392
0.0014088510069996119
0.0013992594322189689
0.0015907271299511194
0.0011451339814811945
0.0023892861790955067
0.0015722259413450956
0.0015305597335100174
0.00153177825268358
0.0015277003403753042
0.0018208057153970003
0.001373918610624969
0.0022592360619455576
0.0022619401570409536
0.0013246976304799318
0.0016597487265244126
0.0010425407672300935
0.00144198106136173
0.001445851055905223
0.001439390704035759
0.0013153624022379518
0.0010880803456529975
0.0015660976059734821
0.0011084023863077164
0.001597038353793323
0.0010986181441694498
0.0011235872516408563
0.0012580177281051874
0.0012460500001907349
0.0012371808988973498
0.00198926730081439
0.001360521768219769
0.0013715106761083007
0.0010223836870864034
0.0010359931038692594
0.0011850870214402676
0.0011248680530115962
0.0011581436265259981
0.0011572677176445723
0.0011380460346117616
0.0011505639413371682
0.001020616851747036
0.0012209414271637797
0.0011062421835958958
0.001598259201273322
0.0011121038114652038
0.0011468282900750637
0.0011493359925225377
0.0011511666234582663
0.001161875668913126
0.0014264138881117105
0.001711321179755032
0.0013724921736866236
0.0008894064812920988
0.0010157868964597583
0.0012342693516984582
0.001326326746493578
0.0011881041573360562
0.0011816647602245212
0.0011880419915542006
0.0015244130045175552
0.0009313198388554156
0.000900851096957922
0.000976968789473176
0.0008671581745147705
0.002245472278445959
0.001351326354779303
0.002829550066962838
0.0028337244875729084
0.0027943418826907873
0.0014018366346135736
0.0009438610286451876
0.0017072254559025168
0.0010886644013226032
0.0008277103770524263
0.0008983603329397738
0.0017139501869678497
0.000981347169727087
0.0010017475578933954
0.0010088173439726233
0.0009401876595802605
0.0012030028738081455
0.000887063448317349
0.0007859976612962782
0.0016076311003416777
0.0026494727935642004
0.0009489348740316927
0.0007803904009051621
0.0007583564729429781
0.0007644221186637878
0.0007814366836100817
0.0007257242687046528
0.0011875730706378818
0.0008330635027959943
0.0017322213388979435
0.0009877291740849614
0.0007375068962574005
0.0007123553077690303
0.0007178473169915378
0.0007217245292849839
0.0006753745838068426
0.0012216472532600164
0.0024169301614165306
0.0009757565567269921
0.0011159847490489483
0.0007662796415388584
0.0007030807319097221
0.0007094579632394016
0.0007095158216543496
0.0007190656615421176
0.0016183892730623484
0.000918309495318681
0.0008744599763303995
0.001406694296747446
0.0009432808728888631
0.00060794607270509
0.0009429333731532097
0.0013911189744248986
0.0014298565220087767
0.0014059589011594653
0.000740428629796952
0.0015787724405527115
0.0012749130837619305
0.0006633888115175068
0.0015179250622168183
0.0018379773246124387
0.0006219905917532742
0.000910947856027633
0.0008681679610162973
0.0009328787564300001
0.0011546664172783494
0.0014192869421094656
0.0010734832612797618
0.0012786167208105326
0.0007118649082258344
0.0008907623705454171
0.001648771925829351
