244.7316436767578
103.64469909667969
102.09101867675781
102.087158203125
2.997453451156616
0.5676963329315186
0.7716752290725708
0.6991661787033081
0.5946969985961914
0.5656826496124268
0.5532718896865845
0.549522876739502
0.5463034510612488
0.544070839881897
0.5348936319351196
0.5467491745948792
0.5369489192962646
0.5014718174934387
0.438938707113266
0.39799731969833374
0.3792771100997925
0.3456811010837555
0.3433030843734741
0.3411327302455902
0.3307507336139679
0.3175767660140991
0.265506774187088
0.19469009339809418
0.2189907282590866
0.21287928521633148
0.16643323004245758
0.18521372973918915
0.17680536210536957
0.16925129294395447
0.15025538206100464
0.14128230512142181
0.15794222056865692
0.15557143092155457
0.13191810250282288
0.1432608664035797
0.1299683153629303
0.1275738924741745
0.13048803806304932
0.1297224462032318
0.1342877596616745
0.12356376647949219
0.12330281734466553
0.1136576309800148
0.1190226599574089
0.1262883096933365
0.11657551676034927
0.10725758969783783
0.10796204209327698
0.11168175935745239
0.11010327190160751
0.12053793668746948
0.12412425875663757
0.11206851154565811
0.09504434466362
0.10161066800355911
0.09892912209033966
0.10889574140310287
0.10597437620162964
0.10846070200204849
0.09877628087997437
0.08633839339017868
0.10449645668268204
0.09242081642150879
0.08637315034866333
0.11684711277484894
0.09155546873807907
0.09432179480791092
0.09594380855560303
0.09554534405469894
0.09098000824451447
0.08533124625682831
0.1043858453631401
0.09743199497461319
0.08042047917842865
0.09220550954341888
0.07686514407396317
0.08756384253501892
0.08861250430345535
0.09091633558273315
0.0910581424832344
0.0845133513212204
0.0856655091047287
0.07803532481193542
0.09144294261932373
0.0760340541601181
0.07550451159477234
0.07729411870241165
0.07602503150701523
0.07298983633518219
0.10206197947263718
0.07169778645038605
0.0765375941991806
0.08836197108030319
0.07159621268510818
0.07031702250242233
0.08028259128332138
0.07034566253423691
0.07205715775489807
0.0723797082901001
0.0767296552658081
0.08108935505151749
0.0706867203116417
0.07945873588323593
0.08436868339776993
0.07044842094182968
0.07414956390857697
0.0637592077255249
0.06493418663740158
0.06503843516111374
0.07596480846405029
0.09100350737571716
0.07885567843914032
0.0723138228058815
0.06580699235200882
0.09046261757612228
0.06837543100118637
0.07707361876964569
0.07611428946256638
0.08472737669944763
0.07193387299776077
0.07005961984395981
0.07280434668064117
0.07183515280485153
0.06156804412603378
0.09087496995925903
0.06879477947950363
0.13933449983596802
0.1455029845237732
0.15090607106685638
0.07249870896339417
0.10085123032331467
0.08889122307300568
0.07448454201221466
0.06824297457933426
0.06327632814645767
0.08346348255872726
0.06544888764619827
0.06895677745342255
0.06873220205307007
0.06631304323673248
0.07359164208173752
0.06410958617925644
0.05714019760489464
0.07531263679265976
0.0983152762055397
0.06044601649045944
0.06122555956244469
0.06319068372249603
0.06144417077302933
0.06056852266192436
0.05797642096877098
0.07110882550477982
0.060121987015008926
0.08712621033191681
0.06835603713989258
0.058771613985300064
0.0724063590168953
0.06642495095729828
0.06357413530349731
0.06292159110307693
0.08610178530216217
0.11745993793010712
0.08804391324520111
0.0719485953450203
0.0633363276720047
0.06895870715379715
0.07166281342506409
0.06627094000577927
0.073331817984581
0.08937621116638184
0.06173737719655037
0.0652066245675087
0.07148193567991257
0.06375418603420258
0.060796141624450684
0.06585004180669785
0.0736217126250267
0.07697687298059464
0.0750928744673729
0.06939234584569931
0.07754167169332504
0.07400524616241455
0.06135125458240509
0.07132279872894287
0.09625276923179626
0.06471036374568939
0.0686626061797142
0.06773383915424347
0.07219409942626953
0.06144105643033981
0.06881546974182129
0.07935250550508499
0.06204375997185707
0.06133435294032097
0.06839202344417572
0.08860210329294205
