0.31289708614349365
0.1342676877975464
0.13244089484214783
0.13243678212165833
0.006243883166462183
0.0049300831742584705
0.00466108275577426
0.004228218924254179
0.0038462302181869745
0.0035522771067917347
0.0033102429006248713
0.0031525054946541786
0.003142622299492359
0.0031406867783516645
0.0029625925235450268
0.0029009822756052017
0.0028156142216175795
0.0027259942144155502
0.002569663105532527
0.002389997709542513
0.002184726996347308
0.0018117272993549705
0.0018146884394809604
0.001811778754927218
0.0014101045671850443
0.0011245275381952524
0.0010217702947556973
0.0007822168990969658
0.0007273434894159436
0.0006871044752188027
0.000617906975094229
0.0005966508761048317
0.0005995708634145558
0.0005940516712144017
0.000661098281852901
0.000613587733823806
0.0005123860319145024
0.0006331636104732752
0.00046838357229717076
0.0005358434282243252
0.0005286585073918104
0.0005309195839799941
0.0005334493471309543
0.0005350816063582897
0.00043548145913518965
0.00042094176751561463
0.00045870195026509464
0.0004255548119544983
0.0005282760830596089
0.0005490148323588073
0.00040346308378502727
0.00041009869892150164
0.00041548770968802273
0.00041790949762798846
0.0003807112807407975
0.0005417949287220836
0.0006884235190227628
0.0004428562242537737
0.00035055962507613003
0.0003916319983545691
0.0003462924505583942
0.0005327579565346241
0.0005287408130243421
0.000529640237800777
0.0003827726759482175
0.0003642010851763189
0.00047561564133502543
0.0004329454095568508
0.00033624135539866984
0.0006309135933406651
0.0004010010161437094
0.00043765598093159497
0.00044425050145946443
0.00044151843758299947
0.0004800837195944041
0.00040120354969985783
0.0005739387706853449
0.000539987871889025
0.00032938813092187047
0.0004686268512159586
0.00028969335835427046
0.00040309003088623285
0.00040568006807006896
0.0004105525149498135
0.0005072021158412099
0.0003117542655672878
0.0005476159858517349
0.00039349705912172794
0.00042932466021738946
0.0003370651975274086
0.00036474489024840295
0.0003044340992346406
0.00030443683499470353
0.0003023184253834188
0.000614709802903235
0.0003257939242757857
0.0003234589530620724
0.000429335399530828
0.00027749358559958637
0.0003269125591032207
0.00036887748865410686
0.0002892051124945283
0.00029026236734353006
0.0002934480144176632
0.0003084031050093472
0.0003572471614461392
0.0002942781138699502
0.0003181428473908454
0.0004093867028132081
0.0002730731794144958
0.0003024861216545105
0.00028168188873678446
0.0002844409900717437
0.000288210081635043
0.0003318162926007062
0.0006175456219352782
0.0003456782433204353
0.00024932919768616557
0.00027230431442148983
0.0004568259755615145
0.0003105003561358899
0.00043606534018181264
0.000424952304456383
0.0004357790166977793
0.00036811057361774147
0.0002921701525337994
0.00035294750705361366
0.0002791595470625907
0.00029944704147055745
0.0005423331749625504
0.0003085884090978652
0.0009393427171744406
0.0009428971097804606
0.0009271190501749516
0.00038607948226854205
0.0005113892839290202
0.00043039233423769474
0.0002976090763695538
0.00023042481916490942
0.0003246582637075335
0.0004949816502630711
0.0002811614831443876
0.0002911952615249902
0.0002877437509596348
0.00024195690639317036
0.00036421496770344675
0.00030154953128658235
0.00024247157853096724
0.000363999541150406
0.0005730254342779517
0.00024090787337627262
0.00025209179148077965
0.00024164479691535234
0.00024107156787067652
0.00021907634800300002
0.0002661581092979759
0.0003148577525280416
0.00021957361605018377
0.00044422538485378027
0.00032464569085277617
0.00020749280520249158
0.0002471360203344375
0.00023812211293261498
0.0002346219407627359
0.0002477537782397121
0.0005811863229610026
0.0008058861130848527
0.0004780498275067657
0.000465280405478552
0.00022916056332178414
0.00034870137460529804
0.00032241115695796907
0.0002959539706353098
0.0003140060289297253
0.0004176241927780211
0.00029111059848219156
0.0002708880347199738
0.00035193157964386046
0.0002405639534117654
0.00019426715152803808
0.0002634582051541656
0.00034598595811985433
0.00035647329059429467
0.00035171149647794664
0.00030561478342860937
0.0003855668182950467
0.0003904571640305221
0.00020755962759722024
0.0003657384659163654
0.0005989302881062031
0.0001970957819139585
0.0002893648634199053
0.00026883897953666747
0.00030389553285203874
0.0003103340568486601
0.000313513504806906
0.00046682776883244514
0.00032744710915721953
0.00024280385696329176
0.0003362545685376972
0.0006236362387426198
