1.2642582654953003
0.7163571119308472
0.7162957191467285
0.7162909507751465
0.20444002747535706
0.2686256170272827
0.28818026185035706
0.2772766351699829
0.27143529057502747
0.27126243710517883
0.2700386941432953
0.2715508043766022
0.27160632610321045
0.2715558409690857
0.2702162563800812
0.2731376588344574
0.27207985520362854
0.2702656686306
0.2639121115207672
0.25807860493659973
0.2543288767337799
0.2462463229894638
0.24628891050815582
0.24651725590229034
0.23750834167003632
0.23200981318950653
0.23470406234264374
0.22404874861240387
0.22617697715759277
0.22582583129405975
0.22188200056552887
0.22453927993774414
0.22456136345863342
0.22467602789402008
0.21725034713745117
0.21759547293186188
0.21949058771133423
0.22311700880527496
0.21777603030204773
0.22012153267860413
0.22031037509441376
0.22157862782478333
0.2218574732542038
0.2216944694519043
0.21643024682998657
0.21298140287399292
0.21888427436351776
0.21658863127231598
0.2196909785270691
0.2208719700574875
0.21677084267139435
0.21670877933502197
0.216506227850914
0.2165447324514389
0.21135574579238892
0.21333718299865723
0.22052018344402313
0.21704240143299103
0.2135276049375534
0.21119117736816406
0.21068105101585388
0.2145879566669464
0.21459083259105682
0.21464647352695465
0.21504352986812592
0.2146250307559967
0.21322816610336304
0.2156098484992981
0.21157968044281006
0.21971292793750763
0.216458261013031
0.20605359971523285
0.20593981444835663
0.20613859593868256
0.21641851961612701
0.21424487233161926
0.22069178521633148
0.2189529985189438
0.21353735029697418
0.21426226198673248
0.2102428674697876
0.2141268104314804
0.21385952830314636
0.21404603123664856
0.21239441633224487
0.2062554657459259
0.21247515082359314
0.20888394117355347
0.21415185928344727
0.2097991555929184
0.21044178307056427
0.21288102865219116
0.2127457559108734
0.21294642984867096
0.21512779593467712
0.21322335302829742
0.21391552686691284
0.20816583931446075
0.21091113984584808
0.21259473264217377
0.20841047167778015
0.21229612827301025
0.21245133876800537
0.21239684522151947
0.21146290004253387
0.2086920291185379
0.21283622086048126
0.2100224494934082
0.20206178724765778
0.21204817295074463
0.20508340001106262
0.21161769330501556
0.21161001920700073
0.21167653799057007
0.2138615995645523
0.21218205988407135
0.20256687700748444
0.20853924751281738
0.2106647789478302
0.2101113647222519
0.21313850581645966
0.21013647317886353
0.21017082035541534
0.2099204808473587
0.2149927169084549
0.20627665519714355
0.2083410620689392
0.20617225766181946
0.20802880823612213
0.21667832136154175
0.21374334394931793
0.21808134019374847
0.21831777691841125
0.21832990646362305
0.21322943270206451
0.20577794313430786
0.1998610943555832
0.2031877487897873
0.2091600000858307
0.20906469225883484
0.20163027942180634
0.20545843243598938
0.20545485615730286
0.20540088415145874
0.21072973310947418
0.20459924638271332
0.20646071434020996
0.2057565599679947
0.21570506691932678
0.22135375440120697
0.21033160388469696
0.2070591300725937
0.20744837820529938
0.2073010802268982
0.2090202420949936
0.20689843595027924
0.2025231271982193
0.20955879986286163
0.21415923535823822
0.2109508365392685
0.208644300699234
0.20574980974197388
0.20557396113872528
0.205694317817688
0.20607270300388336
0.208818256855011
0.21372830867767334
0.20703555643558502
0.20830748975276947
0.20477138459682465
0.20605087280273438
0.20417164266109467
0.20386643707752228
0.20398752391338348
0.1983156055212021
0.21047215163707733
0.2063007801771164
0.19987523555755615
0.21083766222000122
0.2069888859987259
0.21059869229793549
0.2013484388589859
0.20128843188285828
0.20138265192508698
0.20402033627033234
0.21305418014526367
0.20240119099617004
0.20857290923595428
0.21515409648418427
0.21149437129497528
0.2084202766418457
0.2071790248155594
0.20760665833950043
0.2074737399816513
0.2107604444026947
0.2146841287612915
0.20701242983341217
0.21228809654712677
0.20626002550125122
0.20736689865589142
0.20384322106838226
