1.2631901502609253
0.7161142826080322
0.7160555124282837
0.7134051322937012
0.20435255765914917
0.2681923806667328
0.28767749667167664
0.2767881751060486
0.2710268497467041
0.27075883746147156
0.26959583163261414
0.2709055542945862
0.2711077630519867
0.27110207080841064
0.26954224705696106
0.2726929187774658
0.27158623933792114
0.26979929208755493
0.2633431851863861
0.25748446583747864
0.25370195508003235
0.2458411306142807
0.2459626942873001
0.24580880999565125
0.2370401918888092
0.2315150648355484
0.2343333661556244
0.2235765904188156
0.22557449340820312
0.2253994643688202
0.22160397469997406
0.22399380803108215
0.22405561804771423
0.22390395402908325
0.2167050987482071
0.2170238047838211
0.21912051737308502
0.22251209616661072
0.2172698676586151
0.2197551727294922
0.21977181732654572
0.22120103240013123
0.22120051085948944
0.2211845964193344
0.21586495637893677
0.21266230940818787
0.21814334392547607
0.21620121598243713
0.21916745603084564
0.22038979828357697
0.21627749502658844
0.21616330742835999
0.21610499918460846
0.21603253483772278
0.21079011261463165
0.21288669109344482
0.21994243562221527
0.21650230884552002
0.21305078268051147
0.21071942150592804
0.2103336602449417
0.2140572965145111
0.21402311325073242
0.21403974294662476
0.2144274115562439
0.21398065984249115
0.21273934841156006
0.2150709629058838
0.21104981005191803
0.21924594044685364
0.21582715213298798
0.2055298089981079
0.20543813705444336
0.2055361270904541
0.21576440334320068
0.21365277469158173
0.22010843455791473
0.21810929477214813
0.2129986733198166
0.2138512283563614
0.20984962582588196
0.21349072456359863
0.2134529948234558
0.21345888078212738
0.2118612825870514
0.2056315839290619
0.2119036763906479
0.20828290283679962
0.21334876120090485
0.2092093676328659
0.20990535616874695
0.21234451234340668
0.2122751623392105
0.21220090985298157
0.21432356536388397
0.21264399588108063
0.21339279413223267
0.20752127468585968
0.21033863723278046
0.211965411901474
0.2078094780445099
0.21188274025917053
0.21187789738178253
0.21182137727737427
0.2109769731760025
0.20814330875873566
0.21222205460071564
0.20950694382190704
0.20155459642410278
0.21159040927886963
0.2046031802892685
0.2109343707561493
0.21098801493644714
0.21101750433444977
0.21329699456691742
0.21162395179271698
0.20214159786701202
0.2079755663871765
0.21007412672042847
0.20943449437618256
0.2126302421092987
0.2094479650259018
0.2095259130001068
0.20930489897727966
0.21429593861103058
0.20584997534751892
0.20763985812664032
0.2055143117904663
0.2074754536151886
0.21593107283115387
0.21299831569194794
0.217566579580307
0.21757636964321136
0.21749840676784515
0.21244025230407715
0.20520199835300446
0.19921931624412537
0.2025015503168106
0.20851053297519684
0.20851893723011017
0.20115600526332855
0.2048773467540741
0.2047339677810669
0.2047068476676941
0.20999833941459656
0.20399631559848785
0.2058451771736145
0.20503400266170502
0.21483094990253448
0.22068999707698822
0.20959097146987915
0.2065204381942749
0.20658987760543823
0.20665831863880157
0.20843224227428436
0.20637428760528564
0.2020212560892105
0.2090788185596466
0.21377672255039215
0.21031033992767334
0.20827868580818176
0.20509783923625946
0.20513080060482025
0.2051234394311905
0.20519565045833588
0.208140030503273
0.21297791600227356
0.20640221238136292
0.20787517726421356
0.20419006049633026
0.20532315969467163
0.20343652367591858
0.2033921182155609
0.20329616963863373
0.19767114520072937
0.2099248617887497
0.20578870177268982
0.19927634298801422
0.21015499532222748
0.20657624304294586
0.20990297198295593
0.2009146511554718
0.2007719725370407
0.20089903473854065
0.20344027876853943
0.21248915791511536
0.20196034014225006
0.20797553658485413
0.21444444358348846
0.21089285612106323
0.20759420096874237
0.20677100121974945
0.20693087577819824
0.20685631036758423
0.21010182797908783
0.21393154561519623
0.20640471577644348
0.21165649592876434
0.20571713149547577
0.20682594180107117
0.20323699712753296
