-0.02933979034423828
-0.0075991153717041016
-0.007607460021972656
-0.007578372955322266
-0.0003871917724609375
-0.0007307529449462891
-0.0008227825164794922
-0.0007879734039306641
-0.0007841587066650391
-0.0007731914520263672
-0.0008070468902587891
-0.0010743141174316406
-0.0008070468902587891
-0.0006992816925048828
-0.0011289119720458984
-0.0006461143493652344
-0.0007486343383789062
-0.0007071495056152344
-0.0009324550628662109
-0.0010349750518798828
-0.0010890960693359375
-0.0005886554718017578
-0.0005176067352294922
-0.0010535717010498047
-0.0006959438323974609
-0.0007557868957519531
-0.0006322860717773438
-0.0007066726684570312
-0.0009071826934814453
-0.0006270408630371094
-0.00046372413635253906
-0.0008502006530761719
-0.0007488727569580078
-0.0009684562683105469
-0.0007545948028564453
-0.0007259845733642578
-0.0004744529724121094
-0.0008671283721923828
-0.0007026195526123047
-0.0005376338958740234
-0.0007123947143554688
-0.0005307197570800781
-0.0009255409240722656
-0.0006678104400634766
-0.0007181167602539062
-0.0004837512969970703
-0.0010094642639160156
-0.0005514621734619141
-0.0007052421569824219
-0.0006253719329833984
-0.0006186962127685547
-0.0007865428924560547
-0.0005652904510498047
-0.000614166259765625
-0.0007441043853759766
-0.0005588531494140625
-0.0007617473602294922
-0.0006978511810302734
-0.0006120204925537109
-0.0006508827209472656
-0.0005068778991699219
-0.0006690025329589844
-0.0007762908935546875
-0.0007624626159667969
-0.0008368492126464844
-0.0009143352508544922
-0.0006771087646484375
-0.0007195472717285156
-0.0007605552673339844
-0.00057220458984375
-0.0007917881011962891
-0.0006718635559082031
-0.000667572021484375
-0.0007953643798828125
-0.0007898807525634766
-0.0007719993591308594
-0.0007805824279785156
-0.001081228256225586
-0.0006692409515380859
-0.0005669593811035156
-0.000537872314453125
-0.0008971691131591797
-0.0004901885986328125
-0.0007944107055664062
-0.0006859302520751953
-0.000843048095703125
-0.0007541179656982422
-0.0008411407470703125
-0.0010197162628173828
-0.0007092952728271484
-0.0006935596466064453
-0.0006282329559326172
-0.0006227493286132812
-0.0009438991546630859
-0.0010461807250976562
-0.0007677078247070312
-0.0007100105285644531
-0.0008413791656494141
-0.0008008480072021484
-0.0008997917175292969
-0.0007567405700683594
-0.0004374980926513672
-0.0007839202880859375
-0.0008311271667480469
-0.0006427764892578125
-0.000682830810546875
-0.0008869171142578125
-0.0007295608520507812
-0.0006201267242431641
-0.000644683837890625
-0.0005624294281005859
-0.0009870529174804688
-0.0008993148803710938
-0.0009405612945556641
-0.0007250308990478516
-0.0006909370422363281
-0.0005733966827392578
-0.0007507801055908203
-0.0006902217864990234
-0.0008955001831054688
-0.0005724430084228516
-0.0008339881896972656
-0.0008652210235595703
-0.0008165836334228516
-0.0008697509765625
-0.0006208419799804688
-0.0008890628814697266
-0.0008664131164550781
-0.0006206035614013672
-0.0009324550628662109
-0.0009527206420898438
-0.0006728172302246094
-0.000934600830078125
-0.0011141300201416016
-0.0010290145874023438
-0.0007598400115966797
-0.0007700920104980469
-0.0008759498596191406
-0.0006959438323974609
-0.0007052421569824219
-0.0006520748138427734
-0.0006871223449707031
-0.0009303092956542969
-0.0009398460388183594
-0.0009274482727050781
-0.0007014274597167969
-0.0007781982421875
-0.0009980201721191406
-0.0010833740234375
-0.0008847713470458984
-0.0009484291076660156
-0.0007061958312988281
-0.0011334419250488281
-0.0008628368377685547
-0.0007789134979248047
-0.0007030963897705078
-0.0006053447723388672
-0.0005915164947509766
-0.0005078315734863281
-0.0008091926574707031
-0.0004532337188720703
-0.0008852481842041016
-0.0006082057952880859
-0.0007278919219970703
-0.0011572837829589844
-0.0008974075317382812
-0.0009386539459228516
-0.0009064674377441406
-0.0005750656127929688
-0.0007889270782470703
-0.0009806156158447266
-0.0010514259338378906
-0.0006406307220458984
-0.0008535385131835938
-0.0008728504180908203
-0.0006740093231201172
-0.0007450580596923828
-0.0007965564727783203
-0.0008654594421386719
-0.0004706382751464844
-0.0009226799011230469
-0.0005714893341064453
-0.0006949901580810547
-0.0006494522094726562
-0.00077056884765625
-0.0007390975952148438
-0.0006501674652099609
-0.0007030963897705078
-0.0009920597076416016
-0.0007843971252441406
-0.0011088848114013672
-0.0005528926849365234
-0.0008711814880371094
-0.0007536411285400391
-0.0008392333984375
-0.0009541511535644531
-0.0008013248443603516
-0.0008065700531005859
-0.0007176399230957031
-0.0006830692291259766
-0.0008103847503662109
