0.6035962700843811
0.36892253160476685
0.36890843510627747
0.3688942492008209
0.11378413438796997
0.146579772233963
0.15881794691085815
0.15523579716682434
0.15332256257534027
0.15296000242233276
0.15206493437290192
0.15247778594493866
0.15235574543476105
0.15234532952308655
0.15105493366718292
0.15169091522693634
0.15088917315006256
0.1501474380493164
0.14686992764472961
0.14439846575260162
0.1431863158941269
0.13966871798038483
0.13963238894939423
0.13996818661689758
0.1365930289030075
0.1342637687921524
0.13687603175640106
0.1315757930278778
0.13344860076904297
0.13326996564865112
0.13097123801708221
0.13264453411102295
0.13261672854423523
0.13282962143421173
0.1285325139760971
0.12907719612121582
0.13019001483917236
0.1326528638601303
0.12956327199935913
0.13106635212898254
0.13094468414783478
0.13199977576732635
0.13221345841884613
0.13208696246147156
0.12914952635765076
0.12729069590568542
0.1308622807264328
0.12942570447921753
0.13088484108448029
0.13200418651103973
0.12966743111610413
0.1297435611486435
0.1296621710062027
0.12972189486026764
0.12697626650333405
0.1277206838130951
0.13238875567913055
0.13016630709171295
0.12848950922489166
0.12718218564987183
0.12690949440002441
0.12889190018177032
0.1289171576499939
0.12898750603199005
0.12930968403816223
0.12947335839271545
0.12837888300418854
0.1300923228263855
0.12788179516792297
0.1324758380651474
0.13054083287715912
0.12486512213945389
0.12481360882520676
0.12500660121440887
0.13104893267154694
0.1295270174741745
0.1329401582479477
0.13256847858428955
0.12940086424350739
0.12996898591518402
0.1276254504919052
0.12985759973526
0.12958265841007233
0.12974512577056885
0.12867942452430725
0.1256282478570938
0.12928932905197144
0.12705838680267334
0.13039670884609222
0.1274809092283249
0.12820498645305634
0.12935073673725128
0.12926197052001953
0.12950065732002258
0.13110318779945374
0.1296466588973999
0.12994936108589172
0.12697423994541168
0.12823088467121124
0.12927044928073883
0.12683837115764618
0.12900324165821075
0.12913545966148376
0.12911297380924225
0.1287796050310135
0.12743592262268066
0.1294914186000824
0.12766428291797638
0.12357611209154129
0.12902311980724335
0.12522219121456146
0.12912212312221527
0.12904460728168488
0.12913735210895538
0.13020776212215424
0.12964335083961487
0.12387672066688538
0.12729182839393616
0.12852704524993896
0.12861135601997375
0.12992458045482635
0.12800009548664093
0.12797999382019043
0.12784534692764282
0.1309373378753662
0.12602904438972473
0.12769056856632233
0.12613189220428467
0.1272386908531189
0.13245341181755066
0.13054336607456207
0.13327500224113464
0.13346345722675323
0.13352318108081818
0.13037998974323273
0.12638157606124878
0.122885562479496
0.124929279088974
0.1282014697790146
0.12788982689380646
0.12362851202487946
0.12593406438827515
0.1259894222021103
0.1259640008211136
0.12904320657253265
0.12532474100589752
0.1265009194612503
0.12667615711688995
0.13184182345867157
0.1348206102848053
0.12890104949474335
0.12694594264030457
0.12727661430835724
0.12707968056201935
0.128018319606781
0.12685208022594452
0.12443753331899643
0.12831896543502808
0.1310252696275711
0.1287124752998352
0.12774182856082916
0.12632502615451813
0.12613128125667572
0.1262446939945221
0.12663045525550842
0.1276922971010208
0.13153031468391418
0.12731163203716278
0.127161905169487
0.1257627159357071
0.126758873462677
0.12579746544361115
0.1255236566066742
0.1257329285144806
0.12221712619066238
0.1288667619228363
0.12627995014190674
0.12305529415607452
0.12913408875465393
0.12692226469516754
0.1290951669216156
0.12360943853855133
0.12359786033630371
0.12361982464790344
0.12540990114212036
0.13052234053611755
0.12432043999433517
0.1278463900089264
0.13146331906318665
0.12995821237564087
0.12787899374961853
0.1264527589082718
0.12681415677070618
0.1266736537218094
0.12920929491519928
0.13125066459178925
0.1265404224395752
0.13001255691051483
0.1262950748205185
0.12722370028495789
0.12460891902446747
