0.2021,0.2625
0.2021,0.2625
0.2021,0.2625
0.2022,0.2625
0.2023,0.2625
0.2024,0.2625
0.2025,0.2625
0.2026,0.2625
0.2027,0.2626
0.2028,0.2626
0.2028,0.2626
0.2029,0.2626
0.2030,0.2626
0.2031,0.2626
0.2032,0.2626
0.2033,0.2626
0.2034,0.2627
0.2035,0.2627
0.2036,0.2627
0.2037,0.2627
0.2038,0.2627
0.2039,0.2627
0.2040,0.2627
0.2040,0.2627
0.2040,0.2627
0.2040,0.2627
0.2040,0.2627
0.2040,0.2627
0.2040,0.2627
0.2040,0.2627
0.2040,0.2627
0.2040,0.2627
0.2040,0.2627
0.2040,0.2627
0.2040,0.2627
0.2040,0.2627
0.2040,0.2627
0.2040,0.2627
0.2040,0.2627
0.2040,0.2627
0.2040,0.2627
0.2040,0.2627
0.2040,0.2627
0.2040,0.2627
0.2040,0.2627
0.2040,0.2627
0.2040,0.2627
0.2040,0.2627
0.2040,0.2627
0.2040,0.2627
0.2040,0.2627
0.2040,0.2627
0.2040,0.2627
0.2040,0.2627
0.2040,0.2627
0.2040,0.2627
0.2040,0.2627
0.2040,0.2627
0.2040,0.2627
0.2040,0.2627
0.2040,0.2627
0.2040,0.2627
0.2040,0.2627
0.2040,0.2627
0.2040,0.2627
0.2040,0.2627
0.2040,0.2627
0.2040,0.2627
0.2040,0.2627
0.2041,0.2627
0.2043,0.2628
0.2044,0.2628
0.2045,0.2628
0.2046,0.2628
0.2047,0.2628
0.2048,0.2628
0.2049,0.2629
0.2050,0.2629
0.2052,0.2629
0.2053,0.2629
0.2054,0.2629
0.2055,0.2629
0.2056,0.2629
0.2058,0.2630
0.2059,0.2630
0.2060,0.2630
0.2062,0.2630
0.2063,0.2630
0.2064,0.2631
0.2064,0.2631
0.2064,0.2631
0.2066,0.2631
0.2067,0.2631
0.2068,0.2631
0.2070,0.2631
0.2071,0.2631
0.2072,0.2632
0.2074,0.2632
0.2075,0.2632
0.2077,0.2632
0.2078,0.2632
0.2080,0.2632
0.2081,0.2633
0.2083,0.2633
0.2084,0.2633
0.2085,0.2633
0.2087,0.2633
0.2088,0.2633
0.2089,0.2633
0.2090,0.2633
0.2091,0.2633
0.2091,0.2633
0.2091,0.2633
0.2092,0.2633
0.2093,0.2633
0.2094,0.2633
0.2095,0.2633
0.2096,0.2633
0.2097,0.2633
0.2098,0.2633
0.2099,0.2633
0.2100,0.2633
0.2101,0.2633
0.2102,0.2633
0.2103,0.2633
0.2105,0.2633
0.2106,0.2633
0.2107,0.2633
0.2109,0.2633
0.2110,0.2633
0.2112,0.2633
0.2113,0.2633
0.2115,0.2633
0.2115,0.2633
0.2115,0.2633
0.2116,0.2633
0.2118,0.2633
0.2120,0.2633
0.2121,0.2633
0.2123,0.2633
0.2125,0.2633
0.2126,0.2633
0.2128,0.2633
0.2130,0.2633
0.2131,0.2633
0.2133,0.2633
0.2135,0.2633
0.2136,0.2633
0.2138,0.2633
0.2140,0.2633
0.2142,0.2633
0.2143,0.2633
0.2145,0.2633
0.2147,0.2633
0.2148,0.2633
0.2148,0.2633
0.2148,0.2633
0.2150,0.2633
0.2152,0.2633
0.2153,0.2633
0.2155,0.2633
0.2156,0.2633
0.2158,0.2633
0.2160,0.2633
0.2161,0.2633
0.2163,0.2633
0.2165,0.2633
0.2166,0.2633
0.2168,0.2633
0.2169,0.2633
0.2171,0.2633
0.2173,0.2633
0.2174,0.2633
0.2176,0.2633
0.2177,0.2633
0.2179,0.2633
0.2181,0.2633
0.2181,0.2633
0.2181,0.2633
0.2182,0.2633
0.2184,0.2633
0.2185,0.2633
0.2187,0.2633
0.2189,0.2633
0.2190,0.2633
0.2192,0.2633
0.2194,0.2633
0.2195,0.2633
0.2197,0.2633
0.2199,0.2634
0.2200,0.2634
0.2202,0.2634
0.2203,0.2634
0.2205,0.2634
0.2207,0.2634
0.2208,0.2634
0.2210,0.2634
0.2212,0.2634
0.2213,0.2634
0.2213,0.2634
0.2213,0.2634
0.2215,0.2634
0.2217,0.2634
0.2218,0.2634
0.2220,0.2634
0.2221,0.2634
0.2223,0.2634
0.2225,0.2634
0.2226,0.2634
0.2228,0.2634
0.2230,0.2634
0.2231,0.2634
0.2233,0.2634
0.2235,0.2634
0.2236,0.2634
0.2238,0.2634
0.2240,0.2634
0.2241,0.2634
0.2243,0.2634
0.2245,0.2634
0.2246,0.2634
0.2246,0.2634
0.2246,0.2634
0.2248,0.2634
0.2250,0.2634
0.2251,0.2634
0.2253,0.2634
0.2255,0.2634
0.2256,0.2634
0.2258,0.2635
0.2260,0.2635
0.2261,0.2635
0.2263,0.2635
0.2265,0.2635
0.2266,0.2635
0.2268,0.2635
0.2270,0.2635
0.2271,0.2635
0.2273,0.2635
0.2275,0.2635
0.2276,0.2635
0.2278,0.2635
0.2280,0.2635
0.2280,0.2635
0.2280,0.2635
0.2280,0.2635
0.2280,0.2635
0.2280,0.2635
0.2280,0.2635
0.2280,0.2635
0.2280,0.2635
0.2280,0.2635
0.2280,0.2635
0.2280,0.2635
0.2280,0.2635
0.2280,0.2635
0.2280,0.2635
0.2280,0.2635
0.2280,0.2635
0.2280,0.2635
0.2280,0.2635
0.2280,0.2635
0.2280,0.2635
0.2280,0.2635
0.2280,0.2635
0.2280,0.2635
0.2280,0.2635
0.2280,0.2635
0.2280,0.2635
0.2280,0.2635
0.2280,0.2635
0.2280,0.2635
0.2280,0.2635
0.2280,0.2635
0.2280,0.2635
0.2280,0.2635
0.2280,0.2635
0.2280,0.2635
0.2280,0.2635
0.2280,0.2635
0.2280,0.2635
0.2280,0.2635
0.2280,0.2635
0.2280,0.2635
0.2280,0.2635
0.2280,0.2635
0.2280,0.2635
0.2280,0.2635
0.2280,0.2635
0.2281,0.2635
0.2283,0.2635
0.2285,0.2635
0.2286,0.2635
0.2288,0.2635
0.2290,0.2635
0.2292,0.2636
0.2293,0.2636
0.2295,0.2636
0.2297,0.2636
0.2298,0.2636
0.2300,0.2636
0.2302,0.2636
0.2303,0.2636
0.2305,0.2636
0.2307,0.2636
0.2308,0.2636
0.2310,0.2636
0.2312,0.2636
0.2313,0.2636
0.2313,0.2636
0.2313,0.2636
0.2315,0.2636
0.2317,0.2636
0.2318,0.2636
0.2320,0.2636
0.2322,0.2636
0.2324,0.2636
0.2325,0.2637
0.2327,0.2637
0.2329,0.2637
0.2330,0.2637
0.2332,0.2637
0.2334,0.2637
0.2335,0.2637
0.2337,0.2637
0.2338,0.2637
0.2340,0.2637
0.2342,0.2637
0.2343,0.2637
0.2345,0.2637
0.2347,0.2637
0.2347,0.2637
0.2347,0.2637
0.2348,0.2637
0.2350,0.2637
0.2352,0.2638
0.2353,0.2638
0.2355,0.2638
0.2357,0.2638
0.2358,0.2638
0.2360,0.2638
0.2362,0.2638
0.2363,0.2638
0.2365,0.2638
0.2367,0.2638
0.2368,0.2638
0.2370,0.2638
0.2372,0.2638
0.2373,0.2638
0.2375,0.2638
0.2376,0.2638
0.2378,0.2639
0.2380,0.2639
0.2380,0.2639
0.2380,0.2639
0.2381,0.2639
0.2383,0.2639
0.2385,0.2639
0.2386,0.2639
0.2388,0.2639
0.2389,0.2639
0.2391,0.2639
0.2393,0.2639
0.2394,0.2639
0.2396,0.2639
0.2398,0.2639
0.2399,0.2639
0.2401,0.2639
0.2403,0.2640
0.2404,0.2640
0.2406,0.2640
0.2408,0.2640
0.2409,0.2640
0.2411,0.2640
0.2412,0.2640
0.2412,0.2640
0.2412,0.2640
0.2414,0.2640
0.2416,0.2640
0.2417,0.2640
0.2419,0.2640
0.2421,0.2640
0.2422,0.2640
0.2424,0.2640
0.2425,0.2640
0.2427,0.2641
0.2429,0.2641
0.2430,0.2641
0.2432,0.2641
0.2434,0.2641
0.2435,0.2641
0.2437,0.2641
0.2439,0.2641
0.2440,0.2641
0.2442,0.2641
0.2443,0.2641
0.2445,0.2641
0.2445,0.2641
0.2445,0.2641
0.2447,0.2641
0.2448,0.2641
0.2450,0.2641
0.2452,0.2641
0.2453,0.2641
0.2455,0.2641
0.2457,0.2641
0.2458,0.2642
0.2460,0.2642
0.2462,0.2642
0.2463,0.2642
0.2465,0.2642
0.2467,0.2642
0.2468,0.2642
0.2470,0.2642
0.2472,0.2642
0.2473,0.2642
0.2475,0.2642
0.2476,0.2642
0.2478,0.2642
0.2478,0.2642
0.2478,0.2642
0.2480,0.2642
0.2481,0.2642
0.2483,0.2642
0.2485,0.2642
0.2487,0.2642
0.2488,0.2642
0.2490,0.2642
0.2492,0.2643
0.2494,0.2643
0.2495,0.2643
0.2497,0.2643
0.2499,0.2643
0.2500,0.2643
0.2502,0.2643
0.2504,0.2643
0.2506,0.2643
0.2507,0.2643
0.2509,0.2643
0.2511,0.2643
0.2512,0.2643
0.2512,0.2643
0.2512,0.2643
0.2514,0.2643
0.2516,0.2643
0.2518,0.2643
0.2519,0.2643
0.2521,0.2643
0.2523,0.2643
0.2525,0.2643
0.2527,0.2643
0.2529,0.2643
0.2531,0.2643
0.2533,0.2643
0.2535,0.2643
0.2536,0.2643
0.2538,0.2643
0.2540,0.2643
0.2542,0.2643
0.2544,0.2643
0.2545,0.2643
0.2547,0.2643
0.2549,0.2643
0.2549,0.2643
0.2549,0.2643
0.2549,0.2643
0.2549,0.2643
0.2549,0.2643
0.2549,0.2643
0.2549,0.2643
0.2549,0.2643
0.2549,0.2643
0.2549,0.2643
0.2549,0.2643
0.2549,0.2643
0.2549,0.2643
0.2549,0.2643
0.2549,0.2643
0.2549,0.2643
0.2549,0.2643
0.2549,0.2643
0.2549,0.2643
0.2549,0.2643
0.2549,0.2643
0.2549,0.2643
0.2549,0.2643
0.2549,0.2643
0.2549,0.2643
0.2549,0.2643
0.2549,0.2643
0.2549,0.2643
0.2549,0.2643
0.2549,0.2643
0.2549,0.2643
0.2549,0.2643
0.2549,0.2643
0.2549,0.2643
0.2549,0.2643
0.2549,0.2643
0.2549,0.2643
0.2549,0.2643
0.2549,0.2643
0.2549,0.2643
0.2549,0.2643
0.2549,0.2643
0.2549,0.2643
0.2549,0.2643
0.2549,0.2643
0.2549,0.2643
0.2551,0.2643
0.2553,0.2643
0.2555,0.2643
0.2557,0.2643
0.2559,0.2643
0.2561,0.2643
0.2563,0.2643
0.2565,0.2643
0.2567,0.2643
0.2569,0.2643
0.2572,0.2643
0.2574,0.2643
0.2576,0.2643
0.2578,0.2643
0.2580,0.2643
0.2582,0.2643
0.2584,0.2643
0.2586,0.2643
0.2588,0.2643
0.2590,0.2643
0.2590,0.2643
0.2590,0.2643
0.2592,0.2643
0.2594,0.2643
0.2596,0.2643
0.2599,0.2643
0.2601,0.2643
0.2603,0.2643
0.2606,0.2643
0.2608,0.2643
0.2611,0.2643
0.2613,0.2643
0.2615,0.2643
0.2618,0.2643
0.2620,0.2643
0.2622,0.2643
0.2625,0.2643
0.2627,0.2643
0.2630,0.2643
0.2632,0.2643
0.2634,0.2643
0.2637,0.2643
0.2637,0.2643
0.2637,0.2643
0.2639,0.2643
0.2641,0.2643
0.2643,0.2643
0.2645,0.2643
0.2648,0.2643
0.2650,0.2643
0.2652,0.2643
0.2654,0.2643
0.2656,0.2643
0.2658,0.2643
0.2660,0.2643
0.2662,0.2643
0.2664,0.2643
0.2666,0.2643
0.2667,0.2643
0.2669,0.2643
0.2671,0.2643
0.2673,0.2643
0.2675,0.2643
0.2678,0.2643
0.2678,0.2643
0.2678,0.2643
0.2680,0.2643
0.2682,0.2643
0.2685,0.2643
0.2688,0.2643
0.2690,0.2643
0.2693,0.2643
0.2695,0.2643
0.2698,0.2643
0.2700,0.2643
0.2703,0.2644
0.2706,0.2644
0.2708,0.2644
0.2710,0.2644
0.2713,0.2644
0.2715,0.2644
0.2717,0.2644
0.2719,0.2644
0.2721,0.2644
0.2723,0.2644
0.2725,0.2644
0.2725,0.2644
0.2725,0.2644
0.2727,0.2644
0.2729,0.2644
0.2730,0.2644
0.2732,0.2644
0.2734,0.2644
0.2736,0.2644
0.2738,0.2644
0.2740,0.2644
0.2742,0.2644
0.2744,0.2644
0.2746,0.2644
0.2748,0.2644
0.2750,0.2644
0.2751,0.2645
0.2753,0.2645
0.2755,0.2645
0.2756,0.2645
0.2758,0.2645
0.2759,0.2645
0.2761,0.2645
0.2761,0.2645
0.2761,0.2645
0.2762,0.2645
0.2763,0.2645
0.2765,0.2645
0.2766,0.2645
0.2768,0.2645
0.2769,0.2645
0.2771,0.2645
0.2772,0.2645
0.2774,0.2645
0.2775,0.2646
0.2777,0.2646
0.2778,0.2646
0.2780,0.2646
0.2782,0.2646
0.2784,0.2646
0.2786,0.2646
0.2788,0.2646
0.2789,0.2646
0.2791,0.2646
0.2793,0.2646
0.2793,0.2646
0.2793,0.2646
0.2794,0.2646
0.2796,0.2646
0.2798,0.2646
0.2799,0.2646
0.2801,0.2646
0.2803,0.2646
0.2804,0.2647
0.2806,0.2647
0.2808,0.2647
0.2810,0.2647
0.2812,0.2647
0.2814,0.2647
0.2816,0.2647
0.2819,0.2647
0.2821,0.2647
0.2823,0.2647
0.2825,0.2648
0.2827,0.2648
0.2829,0.2648
0.2831,0.2648
0.2831,0.2648
0.2831,0.2648
0.2833,0.2648
0.2835,0.2648
0.2837,0.2648
0.2838,0.2648
0.2840,0.2648
0.2842,0.2648
0.2843,0.2648
0.2845,0.2648
0.2846,0.2648
0.2848,0.2648
0.2849,0.2648
0.2851,0.2649
0.2852,0.2649
0.2853,0.2649
0.2854,0.2649
0.2856,0.2649
0.2857,0.2649
0.2858,0.2649
0.2860,0.2649
0.2861,0.2649
0.2861,0.2649
0.2861,0.2649
0.2861,0.2649
0.2861,0.2649
0.2861,0.2649
0.2861,0.2649
0.2861,0.2649
0.2861,0.2649
0.2861,0.2649
0.2861,0.2649
0.2861,0.2649
0.2861,0.2649
0.2861,0.2649
0.2861,0.2649
0.2861,0.2649
0.2861,0.2649
0.2861,0.2649
0.2861,0.2649
0.2861,0.2649
0.2861,0.2649
0.2861,0.2649
0.2861,0.2649
0.2861,0.2649
0.2861,0.2649
0.2861,0.2649
0.2861,0.2649
0.2861,0.2649
0.2861,0.2649
0.2861,0.2649
0.2861,0.2649
0.2861,0.2649
0.2861,0.2649
0.2861,0.2649
0.2861,0.2649
0.2861,0.2649
0.2861,0.2649
0.2861,0.2649
0.2861,0.2649
0.2861,0.2649
0.2861,0.2649
0.2861,0.2649
0.2861,0.2649
0.2861,0.2649
0.2861,0.2649
0.2861,0.2649
0.2861,0.2649
0.2862,0.2649
0.2863,0.2649
0.2864,0.2649
0.2866,0.2649
0.2867,0.2649
0.2868,0.2649
0.2870,0.2650
0.2871,0.2650
0.2873,0.2650
0.2875,0.2650
0.2877,0.2650
0.2878,0.2650
0.2880,0.2650
0.2882,0.2650
0.2884,0.2650
0.2885,0.2650
0.2887,0.2650
0.2889,0.2651
0.2891,0.2651
0.2893,0.2651
0.2893,0.2651
0.2893,0.2651
0.2894,0.2651
0.2896,0.2651
0.2897,0.2651
0.2899,0.2651
0.2901,0.2651
0.2902,0.2651
0.2904,0.2651
0.2906,0.2651
0.2907,0.2651
0.2909,0.2651
0.2911,0.2651
0.2913,0.2651
0.2915,0.2651
0.2916,0.2652
0.2918,0.2652
0.2920,0.2652
0.2921,0.2652
0.2923,0.2652
0.2925,0.2652
0.2926,0.2652
0.2926,0.2652
0.2926,0.2652
0.2928,0.2652
0.2930,0.2652
0.2931,0.2652
0.2933,0.2652
0.2935,0.2652
0.2936,0.2652
0.2938,0.2652
0.2939,0.2653
0.2941,0.2653
0.2943,0.2653
0.2944,0.2653
0.2946,0.2653
0.2948,0.2653
0.2950,0.2653
0.2952,0.2653
0.2954,0.2653
0.2956,0.2653
0.2958,0.2653
0.2960,0.2653
0.2961,0.2654
0.2961,0.2654
0.2961,0.2654
0.2963,0.2654
0.2965,0.2654
0.2967,0.2654
0.2969,0.2654
0.2971,0.2654
0.2973,0.2654
0.2974,0.2654
0.2976,0.2654
0.2977,0.2654
0.2979,0.2654
0.2981,0.2654
0.2983,0.2654
0.2984,0.2654
0.2986,0.2654
0.2988,0.2654
0.2989,0.2654
0.2991,0.2654
0.2992,0.2654
0.2994,0.2654
0.2995,0.2654
0.2995,0.2654
0.2995,0.2654
0.2997,0.2654
0.2998,0.2654
0.3000,0.2655
0.3001,0.2655
0.3003,0.2655
0.3004,0.2655
0.3005,0.2655
0.3007,0.2655
0.3008,0.2655
0.3009,0.2655
0.3011,0.2655
0.3012,0.2655
0.3013,0.2655
0.3014,0.2655
0.3015,0.2655
0.3016,0.2655
0.3017,0.2655
0.3018,0.2655
0.3019,0.2655
0.3020,0.2655
0.3020,0.2655
0.3020,0.2655
0.3021,0.2655
0.3022,0.2655
0.3023,0.2655
0.3024,0.2655
0.3025,0.2656
0.3026,0.2656
0.3027,0.2656
0.3029,0.2656
0.3030,0.2656
0.3031,0.2656
0.3032,0.2656
0.3033,0.2656
0.3034,0.2656
0.3035,0.2656
0.3036,0.2656
0.3037,0.2656
0.3039,0.2656
0.3040,0.2656
0.3041,0.2656
0.3043,0.2656
0.3043,0.2656
0.3043,0.2656
0.3044,0.2656
0.3045,0.2656
0.3047,0.2656
0.3048,0.2656
0.3049,0.2656
0.3050,0.2656
0.3052,0.2656
0.3053,0.2656
0.3054,0.2656
0.3055,0.2657
0.3056,0.2657
0.3057,0.2657
0.3058,0.2657
0.3059,0.2657
0.3060,0.2657
0.3060,0.2657
0.3061,0.2657
0.3062,0.2657
0.3063,0.2657
0.3064,0.2657
0.3064,0.2657
0.3064,0.2657
0.3065,0.2657
0.3066,0.2657
0.3067,0.2657
0.3067,0.2657
0.3068,0.2657
0.3069,0.2657
0.3070,0.2657
0.3071,0.2657
0.3072,0.2657
0.3073,0.2657
0.3074,0.2657
0.3074,0.2657
0.3075,0.2657
0.3076,0.2657
0.3077,0.2657
0.3078,0.2657
0.3079,0.2657
0.3081,0.2657
0.3082,0.2657
0.3083,0.2657
0.3083,0.2657
0.3083,0.2657
0.3083,0.2657
0.3083,0.2657
0.3083,0.2657
0.3083,0.2657
0.3083,0.2657
0.3083,0.2657
0.3083,0.2657
0.3083,0.2657
0.3083,0.2657
0.3083,0.2657
0.3083,0.2657
0.3083,0.2657
0.3083,0.2657
0.3083,0.2657
0.3083,0.2657
0.3083,0.2657
0.3083,0.2657
0.3083,0.2657
0.3083,0.2657
0.3083,0.2657
0.3083,0.2657
0.3083,0.2657
0.3083,0.2657
0.3083,0.2657
0.3083,0.2657
0.3083,0.2657
0.3083,0.2657
0.3083,0.2657
0.3083,0.2657
0.3083,0.2657
0.3083,0.2657
0.3083,0.2657
0.3083,0.2657
0.3083,0.2657
0.3083,0.2657
0.3083,0.2657
0.3083,0.2657
0.3083,0.2657
0.3083,0.2657
0.3083,0.2657
0.3083,0.2657
0.3083,0.2657
0.3083,0.2657
0.3083,0.2657
0.3085,0.2657
0.3086,0.2658
0.3087,0.2658
0.3089,0.2658
0.3090,0.2658
0.3092,0.2658
0.3093,0.2658
0.3094,0.2658
0.3096,0.2658
0.3097,0.2658
0.3098,0.2658
0.3099,0.2658
0.3100,0.2658
0.3101,0.2658
0.3102,0.2658
0.3103,0.2658
0.3104,0.2658
0.3105,0.2658
0.3106,0.2658
0.3107,0.2658
0.3107,0.2658
0.3107,0.2658
0.3108,0.2659
0.3109,0.2659
0.3109,0.2659
0.3110,0.2659
0.3111,0.2659
0.3112,0.2659
0.3112,0.2659
0.3113,0.2659
0.3114,0.2659
0.3114,0.2659
0.3115,0.2659
0.3116,0.2659
0.3116,0.2659
0.3117,0.2659
0.3118,0.2659
0.3118,0.2659
0.3119,0.2659
0.3119,0.2659
0.3120,0.2659
0.3121,0.2659
0.3121,0.2659
0.3121,0.2659
0.3121,0.2659
0.3122,0.2659
0.3123,0.2659
0.3124,0.2659
0.3124,0.2659
0.3125,0.2659
0.3126,0.2659
0.3127,0.2659
0.3127,0.2659
0.3128,0.2659
0.3129,0.2659
0.3130,0.2659
0.3131,0.2659
0.3131,0.2659
0.3132,0.2659
0.3133,0.2659
0.3134,0.2659
0.3135,0.2659
0.3136,0.2659
0.3137,0.2659
0.3137,0.2659
0.3137,0.2659
0.3138,0.2659
0.3139,0.2659
0.3140,0.2660
0.3141,0.2660
0.3142,0.2660
0.3143,0.2660
0.3144,0.2660
0.3145,0.2660
0.3146,0.2660
0.3147,0.2660
0.3148,0.2660
0.3149,0.2660
0.3150,0.2660
0.3151,0.2660
0.3152,0.2660
0.3153,0.2660
0.3154,0.2660
0.3155,0.2660
0.3155,0.2660
0.3156,0.2660
0.3156,0.2660
0.3156,0.2660
0.3157,0.2660
0.3158,0.2660
0.3158,0.2660
0.3159,0.2660
0.3160,0.2660
0.3160,0.2660
0.3161,0.2660
0.3161,0.2660
0.3162,0.2660
0.3163,0.2660
0.3164,0.2660
0.3164,0.2660
0.3165,0.2660
0.3166,0.2660
0.3167,0.2660
0.3167,0.2660
0.3168,0.2660
0.3169,0.2660
0.3170,0.2660
0.3170,0.2661
0.3170,0.2661
0.3170,0.2661
0.3171,0.2661
0.3172,0.2661
0.3173,0.2661
0.3174,0.2661
0.3175,0.2661
0.3176,0.2661
0.3177,0.2661
0.3178,0.2661
0.3179,0.2661
0.3180,0.2661
0.3181,0.2661
0.3182,0.2661
0.3182,0.2661
0.3183,0.2661
0.3184,0.2661
0.3185,0.2661
0.3186,0.2661
0.3187,0.2661
0.3188,0.2661
0.3189,0.2662
0.3189,0.2662
0.3189,0.2662
0.3190,0.2662
0.3191,0.2662
0.3192,0.2662
0.3193,0.2662
0.3194,0.2662
0.3195,0.2662
0.3196,0.2662
0.3197,0.2662
0.3198,0.2662
0.3199,0.2662
0.3200,0.2662
0.3201,0.2662
0.3202,0.2662
0.3203,0.2662
0.3204,0.2662
0.3205,0.2662
0.3206,0.2662
0.3207,0.2662
0.3208,0.2662
0.3209,0.2662
0.3209,0.2662
0.3209,0.2662
0.3210,0.2662
0.3211,0.2663
0.3212,0.2663
0.3213,0.2663
0.3214,0.2663
0.3215,0.2663
0.3216,0.2663
0.3217,0.2663
0.3218,0.2663
0.3219,0.2663
0.3220,0.2663
0.3221,0.2663
0.3222,0.2663
0.3222,0.2663
0.3223,0.2663
0.3224,0.2663
0.3225,0.2663
0.3226,0.2663
0.3227,0.2663
0.3228,0.2663
0.3228,0.2663
0.3228,0.2663
0.3228,0.2663
0.3228,0.2663
0.3228,0.2663
0.3228,0.2663
0.3228,0.2663
0.3228,0.2663
0.3228,0.2663
0.3228,0.2663
0.3228,0.2663
0.3228,0.2663
0.3228,0.2663
0.3228,0.2663
0.3228,0.2663
0.3228,0.2663
0.3228,0.2663
0.3228,0.2663
0.3228,0.2663
0.3228,0.2663
0.3228,0.2663
0.3228,0.2663
0.3228,0.2663
0.3228,0.2663
0.3228,0.2663
0.3228,0.2663
0.3228,0.2663
0.3228,0.2663
0.3228,0.2663
0.3228,0.2663
0.3228,0.2663
0.3228,0.2663
0.3228,0.2663
0.3228,0.2663
0.3228,0.2663
0.3228,0.2663
0.3228,0.2663
0.3228,0.2663
0.3228,0.2663
0.3228,0.2663
0.3228,0.2663
0.3228,0.2663
0.3228,0.2663
0.3228,0.2663
0.3228,0.2663
0.3228,0.2663
0.3228,0.2663
0.3230,0.2663
0.3231,0.2664
0.3232,0.2664
0.3233,0.2664
0.3234,0.2664
0.3235,0.2664
0.3236,0.2664
0.3237,0.2664
0.3238,0.2664
0.3239,0.2664
0.3240,0.2664
0.3242,0.2664
0.3243,0.2664
0.3244,0.2664
0.3245,0.2664
0.3246,0.2664
0.3247,0.2664
0.3248,0.2664
0.3249,0.2665
0.3249,0.2665
0.3249,0.2665
0.3250,0.2665
0.3251,0.2665
0.3252,0.2665
0.3253,0.2665
0.3254,0.2665
0.3255,0.2665
0.3256,0.2665
0.3256,0.2665
0.3257,0.2665
0.3258,0.2665
0.3259,0.2665
0.3260,0.2665
0.3260,0.2665
0.3261,0.2665
0.3262,0.2665
0.3263,0.2665
0.3264,0.2665
0.3265,0.2665
0.3266,0.2665
0.3266,0.2665
0.3266,0.2665
0.3266,0.2665
0.3267,0.2665
0.3268,0.2665
0.3269,0.2665
0.3270,0.2665
0.3271,0.2665
0.3272,0.2665
0.3273,0.2666
0.3273,0.2666
0.3274,0.2666
0.3275,0.2666
0.3276,0.2666
0.3278,0.2666
0.3279,0.2666
0.3280,0.2666
0.3281,0.2666
0.3282,0.2666
0.3283,0.2666
0.3284,0.2666
0.3286,0.2666
0.3287,0.2666
0.3287,0.2666
0.3287,0.2666
0.3288,0.2666
0.3290,0.2666
0.3291,0.2666
0.3292,0.2666
0.3294,0.2666
0.3295,0.2666
0.3296,0.2666
0.3297,0.2666
0.3299,0.2666
0.3300,0.2666
0.3301,0.2666
0.3302,0.2666
0.3304,0.2666
0.3305,0.2666
0.3306,0.2666
0.3307,0.2666
0.3308,0.2666
0.3310,0.2666
0.3311,0.2666
0.3312,0.2666
0.3312,0.2666
0.3312,0.2666
0.3313,0.2666
0.3314,0.2666
0.3315,0.2666
0.3316,0.2666
0.3317,0.2666
0.3318,0.2666
0.3319,0.2666
0.3320,0.2666
0.3321,0.2666
0.3322,0.2666
0.3323,0.2666
0.3324,0.2666
0.3325,0.2666
0.3325,0.2666
0.3326,0.2666
0.3327,0.2666
0.3328,0.2666
0.3329,0.2666
0.3329,0.2666
0.3330,0.2666
0.3330,0.2666
0.3330,0.2666
0.3331,0.2666
0.3332,0.2666
0.3332,0.2666
0.3333,0.2666
0.3334,0.2666
0.3335,0.2666
0.3336,0.2666
0.3337,0.2666
0.3338,0.2666
0.3339,0.2666
0.3340,0.2666
0.3341,0.2666
0.3342,0.2666
0.3343,0.2666
0.3343,0.2666
0.3344,0.2666
0.3345,0.2666
0.3346,0.2666
0.3347,0.2666
0.3348,0.2666
0.3348,0.2666
0.3348,0.2666
0.3348,0.2666
0.3349,0.2666
0.3350,0.2666
0.3351,0.2666
0.3352,0.2666
0.3352,0.2666
0.3353,0.2666
0.3354,0.2666
0.3354,0.2666
0.3355,0.2666
0.3356,0.2666
0.3357,0.2666
0.3357,0.2666
0.3358,0.2666
0.3359,0.2666
0.3360,0.2666
0.3360,0.2666
0.3361,0.2666
0.3362,0.2666
0.3362,0.2666
0.3362,0.2666
0.3362,0.2666
0.3363,0.2666
0.3364,0.2666
0.3364,0.2666
0.3365,0.2666
0.3366,0.2666
0.3366,0.2666
0.3367,0.2666
0.3368,0.2665
0.3369,0.2665
0.3370,0.2665
0.3370,0.2665
0.3371,0.2665
0.3372,0.2665
0.3373,0.2665
0.3374,0.2665
0.3375,0.2665
0.3376,0.2665
0.3376,0.2665
0.3377,0.2665
0.3378,0.2665
0.3378,0.2665
0.3378,0.2665
0.3378,0.2665
0.3378,0.2665
0.3378,0.2665
0.3378,0.2665
0.3378,0.2665
0.3378,0.2665
0.3378,0.2665
0.3378,0.2665
0.3378,0.2665
0.3378,0.2665
0.3378,0.2665
0.3378,0.2665
0.3378,0.2665
0.3378,0.2665
0.3378,0.2665
0.3378,0.2665
0.3378,0.2665
0.3378,0.2665
0.3378,0.2665
0.3378,0.2665
0.3378,0.2665
0.3378,0.2665
0.3378,0.2665
0.3378,0.2665
0.3378,0.2665
0.3378,0.2665
0.3378,0.2665
0.3378,0.2665
0.3378,0.2665
0.3378,0.2665
0.3378,0.2665
0.3378,0.2665
0.3378,0.2665
0.3378,0.2665
0.3378,0.2665
0.3378,0.2665
0.3378,0.2665
0.3378,0.2665
0.3378,0.2665
0.3378,0.2665
0.3378,0.2665
0.3378,0.2665
0.3378,0.2665
0.3378,0.2665
0.3379,0.2665
0.3380,0.2665
0.3381,0.2665
0.3382,0.2665
0.3383,0.2665
0.3384,0.2665
0.3384,0.2665
0.3385,0.2665
0.3386,0.2665
0.3387,0.2665
0.3387,0.2664
0.3388,0.2664
0.3389,0.2664
0.3390,0.2664
0.3391,0.2664
0.3392,0.2664
0.3392,0.2664
0.3393,0.2664
0.3394,0.2664
0.3395,0.2664
0.3395,0.2664
0.3395,0.2664
0.3395,0.2664
0.3396,0.2664
0.3397,0.2664
0.3397,0.2664
0.3398,0.2664
0.3399,0.2664
0.3399,0.2664
0.3400,0.2664
0.3400,0.2664
0.3401,0.2664
0.3401,0.2664
0.3402,0.2664
0.3402,0.2664
0.3402,0.2663
0.3403,0.2663
0.3403,0.2663
0.3403,0.2663
0.3404,0.2663
0.3404,0.2663
0.3405,0.2663
0.3405,0.2663
0.3405,0.2663
0.3405,0.2663
0.3406,0.2663
0.3406,0.2663
0.3407,0.2663
0.3407,0.2663
0.3408,0.2663
0.3408,0.2663
0.3409,0.2663
0.3409,0.2663
0.3409,0.2663
0.3410,0.2663
0.3410,0.2663
0.3411,0.2663
0.3411,0.2663
0.3412,0.2663
0.3412,0.2663
0.3412,0.2663
0.3413,0.2663
0.3413,0.2663
0.3414,0.2663
0.3414,0.2663
0.3414,0.2663
0.3414,0.2663
0.3414,0.2663
0.3415,0.2663
0.3415,0.2663
0.3416,0.2663
0.3416,0.2663
0.3417,0.2663
0.3417,0.2663
0.3418,0.2663
0.3418,0.2663
0.3419,0.2663
0.3419,0.2662
0.3420,0.2662
0.3420,0.2662
0.3421,0.2662
0.3421,0.2662
0.3422,0.2662
0.3422,0.2662
0.3422,0.2662
0.3423,0.2662
0.3423,0.2662
0.3423,0.2662
0.3423,0.2662
0.3424,0.2662
0.3424,0.2662
0.3424,0.2662
0.3424,0.2662
0.3425,0.2662
0.3425,0.2662
0.3425,0.2662
0.3426,0.2662
0.3426,0.2662
0.3426,0.2662
0.3426,0.2662
0.3427,0.2662
0.3427,0.2662
0.3427,0.2662
0.3427,0.2662
0.3427,0.2662
0.3428,0.2662
0.3428,0.2662
0.3428,0.2662
0.3428,0.2662
0.3428,0.2662
0.3429,0.2662
0.3429,0.2662
0.3429,0.2662
0.3429,0.2662
0.3430,0.2662
0.3430,0.2662
0.3430,0.2662
0.3431,0.2662
0.3431,0.2662
0.3431,0.2662
0.3432,0.2662
0.3432,0.2662
0.3432,0.2662
0.3433,0.2661
0.3433,0.2661
0.3433,0.2661
0.3434,0.2661
0.3434,0.2661
0.3435,0.2661
0.3436,0.2661
0.3436,0.2661
0.3436,0.2661
0.3436,0.2661
0.3437,0.2661
0.3437,0.2661
0.3438,0.2661
0.3438,0.2661
0.3439,0.2661
0.3439,0.2661
0.3439,0.2661
0.3440,0.2661
0.3440,0.2661
0.3440,0.2661
0.3441,0.2661
0.3441,0.2661
0.3441,0.2661
0.3442,0.2661
0.3442,0.2661
0.3442,0.2661
0.3442,0.2661
0.3443,0.2661
0.3443,0.2661
0.3443,0.2661
0.3443,0.2661
0.3443,0.2661
0.3443,0.2661
0.3444,0.2661
0.3444,0.2661
0.3444,0.2661
0.3444,0.2661
0.3444,0.2661
0.3444,0.2661
0.3445,0.2661
0.3445,0.2661
0.3445,0.2661
0.3445,0.2661
0.3445,0.2661
0.3446,0.2661
0.3446,0.2661
0.3446,0.2661
0.3446,0.2661
0.3446,0.2660
0.3447,0.2660
0.3447,0.2660
0.3447,0.2660
0.3447,0.2660
0.3447,0.2660
0.3447,0.2660
0.3447,0.2660
0.3447,0.2660
0.3447,0.2660
0.3447,0.2660
0.3447,0.2660
0.3447,0.2660
0.3447,0.2660
0.3447,0.2660
0.3447,0.2660
0.3447,0.2660
0.3447,0.2660
0.3447,0.2660
0.3447,0.2660
0.3447,0.2660
0.3447,0.2660
0.3447,0.2660
0.3447,0.2660
0.3447,0.2660
0.3447,0.2660
0.3447,0.2660
0.3447,0.2660
0.3447,0.2660
0.3447,0.2660
0.3447,0.2660
0.3447,0.2660
0.3447,0.2660
0.3447,0.2660
0.3447,0.2660
0.3447,0.2660
0.3447,0.2660
0.3447,0.2660
0.3447,0.2660
0.3447,0.2660
0.3447,0.2660
0.3447,0.2660
0.3447,0.2660
0.3447,0.2660
0.3447,0.2660
0.3447,0.2660
0.3447,0.2660
0.3447,0.2660
0.3447,0.2660
0.3447,0.2660
0.3447,0.2660
0.3447,0.2660
0.3448,0.2660
0.3448,0.2660
0.3448,0.2660
0.3449,0.2660
0.3449,0.2660
0.3449,0.2660
0.3449,0.2660
0.3450,0.2660
0.3450,0.2660
0.3450,0.2660
0.3450,0.2660
0.3451,0.2660
0.3451,0.2660
0.3451,0.2660
0.3451,0.2660
0.3451,0.2660
0.3452,0.2660
0.3452,0.2660
0.3452,0.2660
0.3452,0.2660
0.3452,0.2660
0.3452,0.2660
0.3453,0.2660
0.3453,0.2660
0.3453,0.2660
0.3453,0.2660
0.3453,0.2660
0.3454,0.2660
0.3454,0.2660
0.3454,0.2660
0.3454,0.2660
0.3455,0.2660
0.3455,0.2660
0.3455,0.2660
0.3455,0.2660
0.3456,0.2660
0.3456,0.2660
0.3456,0.2660
0.3456,0.2660
0.3456,0.2660
0.3456,0.2660
0.3456,0.2660
0.3457,0.2660
0.3457,0.2660
0.3457,0.2660
0.3457,0.2660
0.3458,0.2660
0.3458,0.2660
0.3458,0.2660
0.3458,0.2660
0.3458,0.2660
0.3459,0.2660
0.3459,0.2660
0.3459,0.2660
0.3459,0.2660
0.3460,0.2660
0.3460,0.2659
0.3460,0.2659
0.3461,0.2659
0.3461,0.2659
0.3461,0.2659
0.3461,0.2659
0.3461,0.2659
0.3461,0.2659
0.3462,0.2659
0.3462,0.2659
0.3462,0.2659
0.3462,0.2659
0.3463,0.2659
0.3463,0.2659
0.3463,0.2659
0.3463,0.2659
0.3463,0.2659
0.3464,0.2659
0.3464,0.2659
0.3464,0.2659
0.3464,0.2659
0.3464,0.2659
0.3465,0.2659
0.3465,0.2659
0.3465,0.2659
0.3465,0.2659
0.3466,0.2659
0.3466,0.2659
0.3466,0.2659
0.3466,0.2659
0.3466,0.2659
0.3466,0.2659
0.3466,0.2659
0.3467,0.2659
0.3467,0.2659
0.3467,0.2659
0.3467,0.2659
0.3468,0.2659
0.3468,0.2659
0.3468,0.2659
0.3468,0.2659
0.3469,0.2659
0.3469,0.2659
0.3469,0.2659
0.3470,0.2659
0.3470,0.2659
0.3470,0.2659
0.3470,0.2659
0.3470,0.2659
0.3470,0.2659
0.3470,0.2659
0.3471,0.2659
0.3471,0.2659
0.3471,0.2659
0.3471,0.2659
0.3471,0.2659
0.3472,0.2659
0.3472,0.2659
0.3472,0.2659
0.3472,0.2659
0.3472,0.2659
0.3472,0.2659
0.3473,0.2659
0.3473,0.2659
0.3473,0.2659
0.3473,0.2659
0.3473,0.2659
0.3473,0.2659
0.3474,0.2659
0.3474,0.2659
0.3474,0.2659
0.3474,0.2659
0.3474,0.2659
0.3474,0.2659
0.3474,0.2659
0.3474,0.2659
0.3474,0.2659
0.3474,0.2659
0.3475,0.2659
0.3475,0.2659
0.3475,0.2659
0.3476,0.2659
0.3476,0.2658
0.3476,0.2658
0.3477,0.2658
0.3477,0.2658
0.3477,0.2658
0.3477,0.2658
0.3478,0.2658
0.3478,0.2658
0.3478,0.2658
0.3479,0.2658
0.3479,0.2658
0.3479,0.2658
0.3479,0.2658
0.3479,0.2658
0.3479,0.2658
0.3480,0.2658
0.3480,0.2658
0.3480,0.2658
0.3480,0.2658
0.3481,0.2658
0.3481,0.2658
0.3482,0.2658
0.3482,0.2658
0.3482,0.2658
0.3483,0.2658
0.3483,0.2658
0.3483,0.2658
0.3483,0.2658
0.3484,0.2658
0.3484,0.2658
0.3484,0.2658
0.3484,0.2658
0.3484,0.2658
0.3484,0.2658
0.3484,0.2658
0.3484,0.2658
0.3484,0.2658
0.3484,0.2658
0.3484,0.2658
0.3484,0.2658
0.3484,0.2658
0.3484,0.2658
0.3484,0.2658
0.3484,0.2658
0.3484,0.2658
0.3484,0.2658
0.3484,0.2658
0.3484,0.2658
0.3484,0.2658
0.3484,0.2658
0.3484,0.2658
0.3484,0.2658
0.3484,0.2658
0.3484,0.2658
0.3484,0.2658
0.3484,0.2658
0.3484,0.2658
0.3484,0.2658
0.3484,0.2658
0.3484,0.2658
0.3484,0.2658
0.3484,0.2658
0.3484,0.2658
0.3484,0.2658
0.3484,0.2658
0.3484,0.2658
0.3484,0.2658
0.3484,0.2658
0.3484,0.2658
0.3484,0.2658
0.3484,0.2658
0.3484,0.2658
0.3484,0.2658
0.3484,0.2658
0.3484,0.2658
0.3484,0.2658
0.3484,0.2658
0.3484,0.2658
0.3484,0.2658
0.3485,0.2658
0.3485,0.2658
0.3485,0.2658
0.3485,0.2658
0.3485,0.2658
0.3486,0.2658
0.3486,0.2658
0.3486,0.2658
0.3486,0.2658
0.3486,0.2658
0.3486,0.2658
0.3487,0.2658
0.3487,0.2658
0.3487,0.2658
0.3487,0.2658
0.3487,0.2658
0.3488,0.2658
0.3488,0.2658
0.3488,0.2658
0.3489,0.2658
0.3489,0.2658
0.3489,0.2658
0.3489,0.2658
0.3489,0.2658
0.3489,0.2658
0.3490,0.2658
0.3490,0.2658
0.3490,0.2658
0.3490,0.2658
0.3491,0.2658
0.3491,0.2658
0.3491,0.2658
0.3491,0.2658
0.3491,0.2658
0.3492,0.2658
0.3492,0.2658
0.3492,0.2658
0.3493,0.2658
0.3493,0.2658
0.3493,0.2658
0.3493,0.2658
0.3494,0.2658
0.3494,0.2658
0.3494,0.2658
0.3494,0.2658
0.3494,0.2658
0.3494,0.2658
0.3495,0.2657
0.3495,0.2657
0.3495,0.2657
0.3495,0.2657
0.3495,0.2657
0.3496,0.2657
0.3496,0.2657
0.3496,0.2657
0.3496,0.2657
0.3496,0.2657
0.3496,0.2657
0.3497,0.2657
0.3497,0.2657
0.3497,0.2657
0.3497,0.2657
0.3497,0.2657
0.3497,0.2657
0.3497,0.2657
0.3497,0.2657
0.3497,0.2657
0.3498,0.2657
0.3498,0.2657
0.3498,0.2657
0.3498,0.2657
0.3498,0.2657
0.3498,0.2657
0.3498,0.2657
0.3498,0.2657
0.3499,0.2657
0.3499,0.2657
0.3499,0.2657
0.3499,0.2657
0.3499,0.2657
0.3499,0.2657
0.3499,0.2657
0.3499,0.2657
0.3499,0.2657
0.3499,0.2657
0.3499,0.2657
0.3499,0.2657
0.3499,0.2657
0.3499,0.2657
0.3500,0.2657
0.3500,0.2657
0.3500,0.2657
0.3500,0.2657
0.3500,0.2657
0.3500,0.2657
0.3500,0.2657
0.3500,0.2657
0.3500,0.2657
0.3500,0.2657
0.3500,0.2657
0.3501,0.2657
0.3501,0.2657
0.3501,0.2657
0.3501,0.2657
0.3501,0.2657
0.3501,0.2657
0.3501,0.2657
0.3501,0.2657
0.3501,0.2657
0.3501,0.2657
0.3501,0.2657
0.3501,0.2657
0.3501,0.2657
0.3501,0.2657
0.3502,0.2657
0.3502,0.2657
0.3502,0.2657
0.3502,0.2657
0.3502,0.2657
0.3502,0.2657
0.3502,0.2657
0.3502,0.2657
0.3503,0.2657
0.3503,0.2657
0.3503,0.2657
0.3503,0.2657
0.3503,0.2657
0.3504,0.2657
0.3504,0.2657
0.3504,0.2657
0.3504,0.2657
0.3504,0.2657
0.3504,0.2657
0.3504,0.2657
0.3505,0.2657
0.3505,0.2657
0.3505,0.2657
0.3505,0.2657
0.3505,0.2657
0.3506,0.2657
0.3506,0.2657
0.3506,0.2657
0.3506,0.2657
0.3506,0.2657
0.3506,0.2657
0.3507,0.2657
0.3507,0.2657
0.3507,0.2657
0.3507,0.2657
0.3507,0.2657
0.3507,0.2657
0.3507,0.2657
0.3507,0.2657
0.3507,0.2657
0.3508,0.2657
0.3508,0.2657
0.3508,0.2657
0.3508,0.2657
0.3508,0.2657
0.3508,0.2657
0.3508,0.2657
0.3509,0.2657
0.3509,0.2657
0.3509,0.2657
0.3509,0.2657
0.3509,0.2657
0.3509,0.2657
0.3509,0.2657
0.3509,0.2657
0.3509,0.2657
0.3509,0.2657
0.3509,0.2657
0.3510,0.2657
0.3510,0.2657
0.3510,0.2657
0.3510,0.2657
0.3510,0.2657
0.3510,0.2657
0.3510,0.2657
0.3510,0.2657
0.3510,0.2657
0.3510,0.2657
0.3510,0.2657
0.3510,0.2657
0.3510,0.2657
0.3510,0.2657
0.3510,0.2657
0.3510,0.2657
0.3510,0.2657
0.3510,0.2657
0.3510,0.2657
0.3510,0.2657
0.3510,0.2657
0.3510,0.2657
0.3510,0.2657
0.3510,0.2657
0.3510,0.2657
0.3510,0.2657
0.3510,0.2657
0.3510,0.2657
0.3510,0.2657
0.3510,0.2657
0.3510,0.2657
0.3510,0.2657
0.3510,0.2657
0.3510,0.2657
0.3510,0.2657
0.3510,0.2657
0.3510,0.2657
0.3510,0.2657
0.3510,0.2657
0.3510,0.2657
0.3510,0.2657
0.3510,0.2657
0.3510,0.2657
0.3510,0.2657
0.3510,0.2657
0.3510,0.2657
0.3510,0.2657
0.3510,0.2657
0.3510,0.2657
0.3510,0.2657
0.3510,0.2657
0.3510,0.2657
0.3510,0.2657
0.3510,0.2657
0.3510,0.2657
0.3510,0.2657
0.3510,0.2657
0.3510,0.2657
0.3510,0.2657
0.3511,0.2657
0.3511,0.2657
0.3511,0.2657
0.3511,0.2657
0.3511,0.2657
0.3511,0.2657
0.3512,0.2657
0.3512,0.2657
0.3512,0.2657
0.3512,0.2657
0.3512,0.2657
0.3512,0.2657
0.3512,0.2657
0.3513,0.2657
0.3513,0.2657
0.3513,0.2657
0.3513,0.2657
0.3513,0.2657
0.3513,0.2657
0.3513,0.2657
0.3513,0.2657
0.3514,0.2657
0.3514,0.2657
0.3514,0.2657
0.3514,0.2657
0.3514,0.2657
0.3514,0.2657
0.3514,0.2657
0.3514,0.2657
0.3514,0.2657
0.3515,0.2657
0.3515,0.2657
0.3515,0.2657
0.3515,0.2657
0.3515,0.2657
0.3515,0.2657
0.3515,0.2657
0.3515,0.2657
0.3515,0.2657
0.3515,0.2657
0.3516,0.2657
0.3516,0.2657
0.3516,0.2657
0.3516,0.2657
0.3516,0.2657
0.3516,0.2657
0.3516,0.2657
0.3517,0.2657
0.3517,0.2657
0.3517,0.2657
0.3517,0.2657
0.3517,0.2657
0.3517,0.2657
0.3517,0.2657
0.3517,0.2657
0.3517,0.2657
0.3517,0.2657
0.3517,0.2657
0.3518,0.2657
0.3518,0.2657
0.3518,0.2657
0.3518,0.2656
0.3518,0.2656
0.3518,0.2656
0.3518,0.2657
0.3518,0.2657
0.3518,0.2657
0.3518,0.2657
0.3519,0.2656
0.3519,0.2656
0.3519,0.2656
0.3519,0.2657
0.3519,0.2657
0.3519,0.2657
0.3519,0.2657
0.3519,0.2657
0.3519,0.2657
0.3519,0.2656
0.3519,0.2656
0.3519,0.2656
0.3519,0.2656
0.3520,0.2656
0.3520,0.2657
0.3520,0.2657
0.3520,0.2657
0.3520,0.2657
0.3520,0.2656
0.3520,0.2656
0.3520,0.2656
0.3520,0.2656
0.3520,0.2656
0.3520,0.2656
0.3520,0.2656
0.3521,0.2656
0.3521,0.2656
0.3521,0.2656
0.3521,0.2656
0.3521,0.2656
0.3521,0.2656
0.3521,0.2656
0.3521,0.2656
0.3521,0.2656
0.3521,0.2656
0.3522,0.2656
0.3522,0.2656
0.3522,0.2656
0.3522,0.2656
0.3522,0.2656
0.3522,0.2656
0.3522,0.2656
0.3522,0.2656
0.3522,0.2656
0.3523,0.2656
0.3523,0.2656
0.3523,0.2656
0.3523,0.2656
0.3523,0.2656
0.3523,0.2656
0.3523,0.2656
0.3523,0.2656
0.3523,0.2656
0.3523,0.2656
0.3524,0.2656
0.3524,0.2656
0.3524,0.2656
0.3524,0.2656
0.3524,0.2656
0.3525,0.2656
0.3525,0.2656
0.3525,0.2656
0.3525,0.2656
0.3526,0.2656
0.3526,0.2656
0.3526,0.2656
0.3527,0.2656
0.3527,0.2656
0.3527,0.2656
0.3527,0.2656
0.3528,0.2656
0.3528,0.2656
0.3528,0.2656
0.3528,0.2656
0.3528,0.2656
0.3528,0.2656
0.3528,0.2656
0.3528,0.2656
0.3529,0.2656
0.3529,0.2656
0.3529,0.2656
0.3529,0.2656
0.3529,0.2656
0.3529,0.2656
0.3529,0.2656
0.3529,0.2656
0.3529,0.2656
0.3530,0.2656
0.3530,0.2656
0.3530,0.2656
0.3530,0.2656
0.3530,0.2656
0.3530,0.2656
0.3530,0.2656
0.3530,0.2656
0.3530,0.2656
0.3530,0.2656
0.3530,0.2656
0.3530,0.2656
0.3530,0.2656
0.3530,0.2656
0.3530,0.2656
0.3530,0.2656
0.3530,0.2656
0.3530,0.2656
0.3530,0.2656
0.3530,0.2656
0.3530,0.2656
0.3530,0.2656
0.3530,0.2656
0.3530,0.2656
0.3530,0.2656
0.3530,0.2656
0.3530,0.2656
0.3530,0.2656
0.3530,0.2656
0.3530,0.2656
0.3530,0.2656
0.3530,0.2656
0.3530,0.2656
0.3530,0.2656
0.3530,0.2656
0.3530,0.2656
0.3530,0.2656
0.3530,0.2656
0.3530,0.2656
0.3530,0.2656
0.3530,0.2656
0.3530,0.2656
0.3530,0.2656
0.3530,0.2656
0.3530,0.2656
0.3530,0.2656
0.3530,0.2656
0.3530,0.2656
0.3530,0.2656
0.3530,0.2656
0.3530,0.2656
0.3530,0.2656
0.3530,0.2656
0.3530,0.2656
0.3530,0.2656
0.3530,0.2656
0.3530,0.2656
0.3531,0.2656
0.3531,0.2656
0.3531,0.2656
0.3531,0.2656
0.3531,0.2656
0.3531,0.2656
0.3531,0.2656
0.3531,0.2656
0.3531,0.2656
0.3531,0.2656
0.3531,0.2656
0.3532,0.2656
0.3532,0.2656
0.3532,0.2656
0.3532,0.2656
0.3532,0.2656
0.3532,0.2656
0.3532,0.2656
0.3532,0.2656
0.3532,0.2656
0.3533,0.2656
0.3533,0.2656
0.3533,0.2656
0.3533,0.2656
0.3533,0.2656
0.3533,0.2656
0.3533,0.2656
0.3533,0.2656
0.3533,0.2656
0.3533,0.2656
0.3534,0.2656
0.3534,0.2656
0.3534,0.2656
0.3534,0.2656
0.3534,0.2656
0.3534,0.2656
0.3534,0.2656
0.3534,0.2656
0.3534,0.2656
0.3534,0.2656
0.3534,0.2656
0.3534,0.2656
0.3535,0.2656
0.3535,0.2656
0.3535,0.2656
0.3535,0.2656
0.3535,0.2656
0.3535,0.2656
0.3535,0.2656
0.3535,0.2656
0.3535,0.2656
0.3536,0.2656
0.3536,0.2656
0.3536,0.2656
0.3536,0.2656
0.3536,0.2656
0.3536,0.2656
0.3536,0.2656
0.3536,0.2656
0.3536,0.2656
0.3536,0.2656
0.3536,0.2656
0.3536,0.2656
0.3536,0.2656
0.3536,0.2656
0.3537,0.2656
0.3537,0.2656
0.3537,0.2656
0.3537,0.2656
0.3537,0.2656
0.3537,0.2656
0.3537,0.2656
0.3537,0.2656
0.3537,0.2656
0.3537,0.2656
0.3537,0.2656
0.3537,0.2656
0.3538,0.2656
0.3538,0.2656
0.3538,0.2656
0.3538,0.2656
0.3538,0.2656
0.3538,0.2656
0.3538,0.2656
0.3538,0.2656
0.3538,0.2656
0.3538,0.2656
0.3538,0.2656
0.3538,0.2656
0.3539,0.2656
0.3539,0.2656
0.3539,0.2656
0.3539,0.2656
0.3539,0.2656
0.3539,0.2656
0.3539,0.2656
0.3540,0.2656
0.3540,0.2656
0.3540,0.2656
0.3540,0.2656
0.3540,0.2656
0.3540,0.2656
0.3541,0.2656
0.3541,0.2656
0.3541,0.2656
0.3541,0.2656
0.3541,0.2656
0.3541,0.2656
0.3541,0.2656
0.3541,0.2656
0.3542,0.2656
0.3542,0.2656
0.3542,0.2656
0.3542,0.2656
0.3543,0.2656
0.3543,0.2656
0.3543,0.2656
0.3543,0.2656
0.3543,0.2656
0.3544,0.2656
0.3544,0.2656
0.3544,0.2656
0.3544,0.2656
0.3544,0.2656
0.3545,0.2656
0.3545,0.2656
0.3545,0.2656
0.3545,0.2656
0.3545,0.2656
0.3545,0.2656
0.3545,0.2656
0.3545,0.2656
0.3545,0.2656
0.3545,0.2656
0.3545,0.2656
0.3545,0.2656
0.3545,0.2656
0.3546,0.2656
0.3546,0.2656
0.3546,0.2656
0.3546,0.2656
0.3546,0.2656
0.3546,0.2656
0.3546,0.2656
0.3546,0.2656
0.3546,0.2656
0.3546,0.2656
0.3546,0.2656
0.3547,0.2656
0.3547,0.2656
0.3547,0.2656
0.3547,0.2656
0.3547,0.2656
0.3547,0.2656
0.3547,0.2656
0.3547,0.2656
0.3547,0.2656
0.3547,0.2656
0.3547,0.2656
0.3547,0.2656
0.3547,0.2656
0.3547,0.2656
0.3547,0.2656
0.3547,0.2656
0.3547,0.2656
0.3547,0.2656
0.3547,0.2656
0.3547,0.2656
0.3547,0.2656
0.3547,0.2656
0.3547,0.2656
0.3547,0.2656
0.3547,0.2656
0.3547,0.2656
0.3547,0.2656
0.3547,0.2656
0.3547,0.2656
0.3547,0.2656
0.3547,0.2656
0.3547,0.2656
0.3547,0.2656
0.3547,0.2656
0.3547,0.2656
0.3547,0.2656
0.3547,0.2656
0.3547,0.2656
0.3547,0.2656
0.3547,0.2656
0.3547,0.2656
0.3547,0.2656
0.3547,0.2656
0.3547,0.2656
0.3547,0.2656
0.3547,0.2656
0.3547,0.2656
0.3547,0.2656
0.3547,0.2656
0.3547,0.2656
0.3547,0.2656
0.3547,0.2656
0.3547,0.2656
0.3547,0.2656
0.3547,0.2656
0.3547,0.2656
0.3547,0.2656
0.3547,0.2656
0.3547,0.2656
0.3547,0.2656
0.3547,0.2656
0.3547,0.2656
0.3547,0.2656
0.3547,0.2656
0.3547,0.2656
0.3547,0.2656
0.3547,0.2656
0.3547,0.2656
0.3547,0.2656
0.3547,0.2656
0.3547,0.2656
0.3547,0.2656
0.3547,0.2656
0.3547,0.2656
0.3547,0.2656
0.3547,0.2656
0.3547,0.2656
0.3547,0.2656
0.3547,0.2656
0.3547,0.2656
0.3547,0.2656
0.3547,0.2656
0.3547,0.2656
0.3547,0.2656
0.3547,0.2656
0.3547,0.2656
0.3547,0.2656
0.3547,0.2656
0.3547,0.2656
0.3547,0.2656
0.3547,0.2656
0.3548,0.2656
0.3548,0.2656
0.3548,0.2656
0.3548,0.2656
0.3548,0.2656
0.3548,0.2656
0.3548,0.2656
0.3548,0.2656
0.3548,0.2656
0.3548,0.2656
0.3548,0.2656
0.3548,0.2656
0.3548,0.2656
0.3548,0.2656
0.3548,0.2656
0.3548,0.2656
0.3548,0.2656
0.3548,0.2656
0.3548,0.2656
0.3548,0.2656
0.3548,0.2656
0.3548,0.2656
0.3548,0.2656
0.3548,0.2656
0.3548,0.2656
0.3548,0.2656
0.3548,0.2656
0.3548,0.2656
0.3548,0.2656
0.3548,0.2656
0.3548,0.2656
0.3548,0.2656
0.3548,0.2656
0.3548,0.2656
0.3548,0.2656
0.3548,0.2656
0.3548,0.2656
0.3548,0.2656
0.3548,0.2656
0.3548,0.2656
0.3548,0.2656
0.3548,0.2656
0.3548,0.2656
0.3548,0.2656
0.3548,0.2656
0.3548,0.2656
0.3548,0.2656
0.3548,0.2656
0.3548,0.2656
0.3548,0.2656
0.3548,0.2656
0.3548,0.2656
0.3548,0.2656
0.3548,0.2656
0.3548,0.2656
0.3548,0.2656
0.3548,0.2656
0.3548,0.2656
0.3548,0.2656
0.3548,0.2656
0.3548,0.2656
0.3548,0.2656
0.3548,0.2656
0.3548,0.2656
0.3548,0.2656
0.3548,0.2656
0.3548,0.2656
0.3548,0.2656
0.3548,0.2656
0.3548,0.2656
0.3548,0.2656
0.3548,0.2656
0.3548,0.2656
0.3548,0.2656
0.3548,0.2656
0.3548,0.2656
0.3548,0.2656
0.3548,0.2656
0.3548,0.2656
0.3548,0.2656
0.3548,0.2656
0.3548,0.2656
0.3548,0.2656
0.3548,0.2656
0.3548,0.2656
0.3548,0.2656
0.3548,0.2656
0.3548,0.2656
0.3548,0.2656
0.3548,0.2656
0.3548,0.2656
0.3548,0.2656
0.3548,0.2656
0.3548,0.2656
0.3548,0.2656
0.3548,0.2656
0.3548,0.2656
0.3548,0.2656
0.3548,0.2656
0.3548,0.2656
0.3548,0.2656
0.3548,0.2656
0.3548,0.2656
0.3548,0.2656
0.3548,0.2656
0.3548,0.2656
0.3548,0.2656
0.3548,0.2656
0.3548,0.2656
0.3548,0.2656
0.3548,0.2656
0.3548,0.2656
0.3548,0.2656
0.3548,0.2656
0.3548,0.2656
0.3548,0.2656
0.3548,0.2656
0.3548,0.2656
0.3548,0.2656
0.3548,0.2656
0.3548,0.2656
0.3548,0.2656
0.3548,0.2656
0.3548,0.2656
0.3548,0.2656
0.3548,0.2656
0.3548,0.2656
0.3548,0.2656
0.3548,0.2656
0.3548,0.2656
0.3548,0.2656
0.3548,0.2656
0.3548,0.2656
0.3548,0.2656
0.3548,0.2656
0.3548,0.2656
0.3548,0.2656
0.3548,0.2656
0.3548,0.2656
0.3548,0.2656
0.3548,0.2656
0.3548,0.2656
0.3548,0.2656
0.3548,0.2656
0.3548,0.2656
0.3548,0.2656
0.3548,0.2656
0.3548,0.2656
0.3548,0.2656
0.3548,0.2656
0.3548,0.2656
0.3548,0.2656
0.3548,0.2656
0.3548,0.2656
0.3548,0.2656
0.3548,0.2656
0.3548,0.2656
0.3548,0.2656
0.3548,0.2656
0.3548,0.2656
0.3548,0.2656
0.3548,0.2656
0.3548,0.2656
0.3548,0.2656
0.3548,0.2656
0.3548,0.2656
0.3548,0.2656
0.3548,0.2656
0.3548,0.2656
0.3548,0.2656
0.3548,0.2656
0.3548,0.2656
0.3548,0.2656
0.3548,0.2656
0.3548,0.2656
0.3548,0.2656
0.3548,0.2656
0.3548,0.2656
0.3548,0.2656
0.3548,0.2656
0.3548,0.2656
0.3548,0.2656
0.3548,0.2656
0.3548,0.2656
0.3548,0.2656
0.3548,0.2656
0.3548,0.2656
0.3548,0.2656
0.3548,0.2656
0.3548,0.2656
0.3548,0.2656
0.3548,0.2656
0.3548,0.2656
0.3548,0.2656
0.3548,0.2656
0.3548,0.2656
0.3548,0.2656
0.3548,0.2656
0.3548,0.2656
0.3548,0.2656
0.3548,0.2656
0.3548,0.2656
0.3548,0.2656
0.3548,0.2656
0.3548,0.2656
0.3548,0.2656
0.3548,0.2656
0.3548,0.2656
0.3548,0.2656
0.3548,0.2656
0.3548,0.2656
0.3548,0.2656
0.3548,0.2656
0.3548,0.2656
0.3548,0.2656
0.3548,0.2656
0.3548,0.2656
0.3548,0.2656
0.3548,0.2656
0.3548,0.2656
0.3548,0.2656
0.3548,0.2656
0.3548,0.2656
0.3548,0.2656
0.3548,0.2656
0.3548,0.2656
0.3548,0.2656
0.3548,0.2656
0.3548,0.2656
0.3548,0.2656
0.3548,0.2656
0.3548,0.2656
0.3548,0.2656
0.3548,0.2656
0.3548,0.2656
0.3548,0.2656
0.3548,0.2656
0.3548,0.2656
0.3548,0.2656
0.3548,0.2656
0.3548,0.2656
0.3548,0.2656
0.3548,0.2656
0.3548,0.2656
0.3548,0.2656
0.3548,0.2656
0.3548,0.2656
0.3548,0.2656
0.3548,0.2656
0.3548,0.2656
0.3548,0.2656
0.3548,0.2656
0.3548,0.2656
0.3548,0.2656
0.3548,0.2656
0.3548,0.2656
0.3548,0.2656
0.3548,0.2656
0.3548,0.2656
0.3548,0.2656
0.3548,0.2656
0.3548,0.2656
0.3548,0.2656
0.3548,0.2656
0.3548,0.2656
0.3548,0.2656
0.3548,0.2656
0.3548,0.2656
0.3548,0.2656
0.3548,0.2656
0.3548,0.2656
0.3548,0.2656
0.3548,0.2656
0.3548,0.2656
0.3548,0.2656
0.3548,0.2656
0.3548,0.2656
0.3548,0.2656
0.3548,0.2656
0.3548,0.2656
0.3548,0.2656
0.3548,0.2656
0.3548,0.2656
0.3548,0.2656
0.3548,0.2656
0.3548,0.2656
0.3548,0.2656
0.3548,0.2656
0.3548,0.2656
0.3548,0.2656
0.3548,0.2656
0.3548,0.2656
0.3548,0.2656
0.3548,0.2656
0.3548,0.2656
0.3548,0.2656
0.3548,0.2656
0.3548,0.2656
0.3548,0.2656
0.3548,0.2656
0.3548,0.2656
0.3548,0.2656
0.3548,0.2656
0.3548,0.2656
0.3548,0.2656
0.3548,0.2656
0.3548,0.2656
0.3548,0.2656
0.3548,0.2656
0.3548,0.2656
0.3548,0.2656
0.3548,0.2656
0.3548,0.2656
0.3548,0.2656
0.3548,0.2656
0.3548,0.2656
0.3548,0.2656
0.3548,0.2656
0.3548,0.2656
0.3548,0.2656
0.3548,0.2656
0.3548,0.2656
0.3548,0.2656
0.3548,0.2656
0.3548,0.2656
0.3548,0.2656
0.3548,0.2656
0.3548,0.2656
0.3548,0.2656
0.3548,0.2656
0.3548,0.2656
0.3548,0.2656
0.3548,0.2656
0.3548,0.2656
0.3548,0.2656
0.3548,0.2656
0.3548,0.2656
0.3548,0.2656
0.3548,0.2656
0.3548,0.2656
0.3548,0.2656
0.3548,0.2656
0.3548,0.2656
0.3548,0.2656
0.3548,0.2656
0.3548,0.2656
0.3548,0.2656
0.3548,0.2656
0.3548,0.2656
0.3548,0.2656
0.3548,0.2656
0.3548,0.2656
0.3548,0.2656
0.3548,0.2656
0.3548,0.2656
0.3548,0.2656
0.3548,0.2656
0.3548,0.2656
0.3548,0.2656
0.3548,0.2656
0.3548,0.2656
0.3548,0.2656
0.3548,0.2656
0.3548,0.2656
0.3548,0.2656
0.3548,0.2656
0.3548,0.2656
0.3548,0.2656
0.3548,0.2656
0.3548,0.2656
0.3548,0.2656
0.3548,0.2656
0.3548,0.2656
0.3548,0.2656
0.3548,0.2656
0.3548,0.2656
0.3548,0.2656
0.3548,0.2656
0.3548,0.2656
0.3548,0.2656
0.3548,0.2656
0.3548,0.2656
0.3548,0.2656
0.3548,0.2656
0.3548,0.2656
0.3548,0.2656
0.3548,0.2656
0.3548,0.2656
0.3548,0.2656
0.3548,0.2656
0.3548,0.2656
0.3548,0.2656
0.3548,0.2656
0.3548,0.2656
0.3548,0.2656
0.3548,0.2656
0.3548,0.2656
0.3548,0.2656
0.3548,0.2656
0.3548,0.2656
0.3548,0.2656
0.3548,0.2656
0.3548,0.2656
0.3548,0.2656
0.3548,0.2656
0.3548,0.2656
0.3548,0.2656
0.3548,0.2656
0.3548,0.2656
0.3548,0.2656
0.3548,0.2656
0.3548,0.2656
0.3548,0.2656
0.3548,0.2656
0.3548,0.2656
0.3548,0.2656
0.3548,0.2656
0.3548,0.2656
0.3548,0.2656
0.3548,0.2656
0.3548,0.2656
0.3548,0.2656
0.3548,0.2656
0.3548,0.2656
0.3548,0.2656
0.3548,0.2656
0.3548,0.2656
0.3548,0.2656
0.3548,0.2656
0.3548,0.2656
0.3548,0.2656
0.3548,0.2656
0.3548,0.2656
0.3548,0.2656
0.3548,0.2656
0.3548,0.2656
0.3548,0.2656
0.3548,0.2656
0.3548,0.2656
0.3548,0.2656
0.3548,0.2656
0.3548,0.2656
0.3548,0.2656
0.3548,0.2656
0.3548,0.2656
0.3548,0.2656
0.3548,0.2656
0.3548,0.2656
0.3548,0.2656
0.3548,0.2656
0.3548,0.2656
0.3548,0.2656
0.3548,0.2656
0.3548,0.2656
0.3548,0.2656
0.3548,0.2656
0.3548,0.2656
0.3548,0.2656
0.3548,0.2656
0.3548,0.2656
0.3548,0.2656
0.3548,0.2656
0.3548,0.2656
0.3548,0.2656
0.3548,0.2656
0.3548,0.2656
0.3548,0.2656
0.3548,0.2656
0.3548,0.2656
0.3548,0.2656
0.3548,0.2656
0.3548,0.2656
0.3548,0.2656
0.3548,0.2656
0.3548,0.2656
0.3548,0.2656
0.3548,0.2656
0.3548,0.2656
0.3548,0.2656
0.3548,0.2656
0.3548,0.2656
0.3548,0.2656
0.3548,0.2656
0.3548,0.2656
0.3548,0.2656
0.3548,0.2656
0.3548,0.2656
0.3548,0.2656
0.3548,0.2656
0.3548,0.2656
0.3548,0.2656
0.3548,0.2656
0.3548,0.2656
0.3548,0.2656
0.3548,0.2656
0.3548,0.2656
0.3548,0.2656
0.3548,0.2656
0.3548,0.2656
0.3548,0.2656
0.3548,0.2656
0.3548,0.2656
0.3548,0.2656
0.3548,0.2656
0.3548,0.2656
0.3548,0.2656
0.3548,0.2656
0.3548,0.2656
0.3548,0.2656
0.3548,0.2656
0.3548,0.2656
0.3548,0.2656
0.3548,0.2656
0.3548,0.2656
0.3548,0.2656
0.3548,0.2656
0.3548,0.2656
0.3548,0.2656
0.3548,0.2656
0.3548,0.2656
0.3548,0.2656
0.3548,0.2656
0.3548,0.2656
0.3548,0.2656
0.3548,0.2656
0.3548,0.2656
0.3548,0.2656
0.3548,0.2656
0.3548,0.2656
0.3548,0.2656
0.3548,0.2656
0.3548,0.2656
0.3548,0.2656
0.3548,0.2656
0.3548,0.2656
0.3548,0.2656
0.3548,0.2656
0.3548,0.2656
0.3548,0.2656
0.3548,0.2656
0.3548,0.2656
0.3548,0.2656
0.3548,0.2656
0.3548,0.2656
0.3548,0.2656
0.3548,0.2656
0.3548,0.2656
0.3548,0.2656
0.3548,0.2656
0.3548,0.2656
0.3548,0.2656
0.3548,0.2656
0.3548,0.2656
0.3548,0.2656
0.3548,0.2656
0.3548,0.2656
0.3548,0.2656
0.3548,0.2656
0.3548,0.2656
0.3548,0.2656
0.3548,0.2656
0.3548,0.2656
0.3548,0.2656
0.3548,0.2656
0.3548,0.2656
0.3548,0.2656
0.3548,0.2656
0.3548,0.2656
0.3548,0.2656
0.3548,0.2656
0.3548,0.2656
0.3548,0.2656
0.3548,0.2656
0.3548,0.2656
0.3548,0.2656
0.3548,0.2656
0.3548,0.2656
0.3548,0.2656
0.3548,0.2656
0.3548,0.2656
0.3548,0.2656
0.3548,0.2656
0.3548,0.2656
0.3548,0.2656
0.3548,0.2656
0.3548,0.2656
0.3548,0.2656
0.3548,0.2656
0.3548,0.2656
0.3548,0.2656
0.3548,0.2656
0.3548,0.2656
0.3548,0.2656
0.3548,0.2656
0.3548,0.2656
0.3548,0.2656
0.3548,0.2656
0.3548,0.2656
0.3548,0.2656
0.3548,0.2656
0.3548,0.2656
0.3548,0.2656
0.3548,0.2656
0.3548,0.2656
0.3548,0.2656
0.3548,0.2656
0.3548,0.2656
0.3548,0.2656
0.3548,0.2656
0.3548,0.2656
0.3548,0.2656
0.3548,0.2656
0.3548,0.2656
0.3548,0.2656
0.3548,0.2656
0.3548,0.2656
0.3548,0.2656
0.3548,0.2656
0.3548,0.2656
0.3548,0.2656
0.3548,0.2656
0.3548,0.2656
0.3548,0.2656
0.3548,0.2656
0.3548,0.2656
0.3548,0.2656
0.3548,0.2656
0.3548,0.2656
0.3548,0.2656
0.3548,0.2656
0.3548,0.2656
0.3548,0.2656
0.3548,0.2656
0.3548,0.2656
0.3548,0.2656
0.3548,0.2656
0.3548,0.2656
0.3548,0.2656
0.3548,0.2656
0.3548,0.2656
0.3548,0.2656
0.3548,0.2656
0.3548,0.2656
0.3548,0.2656
0.3548,0.2656
0.3548,0.2656
0.3548,0.2656
0.3548,0.2656
0.3548,0.2656
0.3548,0.2656
0.3548,0.2656
0.3548,0.2656
0.3548,0.2656
0.3548,0.2656
0.3548,0.2656
0.3548,0.2656
0.3548,0.2656
0.3548,0.2656
0.3548,0.2656
0.3548,0.2656
0.3548,0.2656
0.3548,0.2656
0.3548,0.2656
0.3548,0.2656
0.3548,0.2656
0.3548,0.2656
0.3548,0.2656
0.3548,0.2656
0.3548,0.2656
0.3548,0.2656
0.3548,0.2656
0.3548,0.2656
0.3548,0.2656
0.3548,0.2656
0.3548,0.2656
0.3548,0.2656
0.3548,0.2656
0.3548,0.2656
0.3548,0.2656
0.3548,0.2656
0.3548,0.2656
0.3548,0.2656
0.3548,0.2656
0.3548,0.2656
0.3548,0.2656
0.3548,0.2656
0.3548,0.2656
0.3548,0.2656
0.3548,0.2656
0.3548,0.2656
0.3548,0.2656
0.3548,0.2656
0.3548,0.2656
0.3548,0.2656
0.3548,0.2656
0.3548,0.2656
0.3548,0.2656
0.3548,0.2656
0.3548,0.2656
0.3548,0.2656
0.3548,0.2656
0.3548,0.2656
0.3548,0.2656
0.3548,0.2656
0.3548,0.2656
0.3548,0.2656
0.3548,0.2656
0.3548,0.2656
0.3548,0.2656
0.3548,0.2656
0.3548,0.2656
0.3548,0.2656
0.3548,0.2656
0.3548,0.2656
0.3548,0.2656
0.3548,0.2656
0.3548,0.2656
0.3548,0.2656
0.3548,0.2656
0.3548,0.2656
0.3548,0.2656
0.3548,0.2656
0.3548,0.2656
0.3548,0.2656
0.3548,0.2656
0.3548,0.2656
0.3548,0.2656
0.3548,0.2656
0.3548,0.2656
0.3548,0.2656
0.3548,0.2656
0.3548,0.2656
0.3548,0.2656
0.3548,0.2656
0.3548,0.2656
0.3548,0.2656
0.3548,0.2656
0.3548,0.2656
0.3548,0.2656
0.3548,0.2656
0.3548,0.2656
0.3548,0.2656
0.3548,0.2656
0.3548,0.2656
0.3548,0.2656
0.3548,0.2656
0.3548,0.2656
0.3548,0.2656
0.3548,0.2656
0.3548,0.2656
0.3548,0.2656
0.3548,0.2656
0.3548,0.2656
0.3548,0.2656
0.3548,0.2656
0.3548,0.2656
0.3548,0.2656
0.3548,0.2656
0.3548,0.2656
0.3548,0.2656
0.3548,0.2656
0.3548,0.2656
0.3548,0.2656
0.3548,0.2656
0.3548,0.2656
0.3548,0.2656
0.3548,0.2656
0.3548,0.2656
0.3548,0.2656
0.3548,0.2656
0.3548,0.2656
0.3548,0.2656
0.3548,0.2656
0.3548,0.2656
0.3548,0.2656
0.3548,0.2656
0.3548,0.2656
0.3548,0.2656
0.3548,0.2656
0.3548,0.2656
0.3548,0.2656
0.3548,0.2656
0.3548,0.2656
0.3548,0.2656
0.3548,0.2656
0.3548,0.2656
0.3548,0.2656
0.3548,0.2656
0.3548,0.2656
0.3548,0.2656
0.3548,0.2656
0.3548,0.2656
0.3548,0.2656
0.3548,0.2656
0.3548,0.2656
0.3548,0.2656
0.3548,0.2656
0.3548,0.2656
0.3548,0.2656
0.3548,0.2656
0.3548,0.2656
0.3548,0.2656
0.3548,0.2656
0.3548,0.2656
0.3548,0.2656
0.3548,0.2656
0.3548,0.2656
0.3548,0.2656
0.3548,0.2656
0.3548,0.2656
0.3548,0.2656
0.3548,0.2656
0.3548,0.2656
0.3548,0.2656
0.3548,0.2656
0.3548,0.2656
0.3548,0.2656
0.3548,0.2656
0.3548,0.2656
0.3548,0.2656
0.3548,0.2656
0.3548,0.2656
0.3548,0.2656
0.3548,0.2656
0.3548,0.2656
0.3548,0.2656
0.3548,0.2656
0.3548,0.2656
0.3548,0.2656
0.3548,0.2656
0.3548,0.2656
0.3548,0.2656
0.3548,0.2656
0.3548,0.2656
0.3548,0.2656
0.3548,0.2656
0.3548,0.2656
0.3548,0.2656
0.3548,0.2656
0.3548,0.2656
0.3548,0.2656
0.3548,0.2656
0.3548,0.2656
0.3548,0.2656
0.3548,0.2656
0.3548,0.2656
0.3548,0.2656
0.3548,0.2656
0.3548,0.2656
0.3548,0.2656
0.3548,0.2656
0.3548,0.2656
0.3548,0.2656
0.3548,0.2656
0.3548,0.2656
0.3548,0.2656
0.3548,0.2656
0.3548,0.2656
0.3548,0.2656
0.3548,0.2656
0.3548,0.2656
0.3548,0.2656
0.3548,0.2656
0.3548,0.2656
0.3548,0.2656
0.3548,0.2656
0.3548,0.2656
0.3548,0.2656
0.3548,0.2656
0.3548,0.2656
0.3548,0.2656
0.3548,0.2656
0.3548,0.2656
0.3548,0.2656
0.3548,0.2656
0.3548,0.2656
0.3548,0.2656
0.3548,0.2656
0.3548,0.2656
0.3548,0.2656
0.3548,0.2656
0.3548,0.2656
0.3548,0.2656
0.3548,0.2656
0.3548,0.2656
0.3548,0.2656
0.3548,0.2656
0.3548,0.2656
0.3548,0.2656
0.3548,0.2656
0.3548,0.2656
0.3548,0.2656
0.3548,0.2656
0.3548,0.2656
0.3548,0.2656
0.3548,0.2656
0.3548,0.2656
0.3548,0.2656
0.3548,0.2656
0.3548,0.2656
0.3548,0.2656
0.3548,0.2656
0.3548,0.2656
0.3548,0.2656
0.3548,0.2656
0.3548,0.2656
0.3548,0.2656
0.3548,0.2656
0.3548,0.2656
0.3548,0.2656
0.3548,0.2656
0.3548,0.2656
0.3548,0.2656
0.3548,0.2656
0.3548,0.2656
0.3548,0.2656
0.3548,0.2656
0.3548,0.2656
0.3548,0.2656
0.3548,0.2656
0.3548,0.2656
0.3548,0.2656
0.3548,0.2656
0.3548,0.2656
0.3548,0.2656
0.3548,0.2656
0.3548,0.2656
0.3548,0.2656
0.3548,0.2656
0.3548,0.2656
0.3548,0.2656
0.3548,0.2656
0.3548,0.2656
0.3548,0.2656
0.3548,0.2656
0.3548,0.2656
0.3548,0.2656
0.3548,0.2656
0.3548,0.2656
0.3548,0.2656
0.3548,0.2656
0.3548,0.2656
0.3548,0.2656
0.3548,0.2656
0.3548,0.2656
0.3548,0.2656
0.3548,0.2656
0.3548,0.2656
0.3548,0.2656
0.3548,0.2656
0.3548,0.2656
0.3548,0.2656
0.3548,0.2656
0.3548,0.2656
0.3548,0.2656
0.3548,0.2656
0.3548,0.2656
0.3548,0.2656
0.3548,0.2656
0.3548,0.2656
0.3548,0.2656
0.3548,0.2656
0.3548,0.2656
0.3548,0.2656
0.3548,0.2656
0.3548,0.2656
0.3548,0.2656
0.3548,0.2656
0.3548,0.2656
0.3548,0.2656
0.3548,0.2656
0.3548,0.2656
0.3548,0.2656
0.3548,0.2656
0.3548,0.2656
0.3548,0.2656
0.3548,0.2656
0.3548,0.2656
0.3548,0.2656
0.3548,0.2656
0.3548,0.2656
0.3548,0.2656
0.3548,0.2656
0.3548,0.2656
0.3548,0.2656
0.3548,0.2656
0.3548,0.2656
0.3548,0.2656
0.3548,0.2656
0.3548,0.2656
0.3548,0.2656
0.3548,0.2656
0.3548,0.2656
0.3548,0.2656
0.3548,0.2656
0.3548,0.2656
0.3548,0.2656
0.3548,0.2656
0.3548,0.2656
0.3548,0.2656
0.3548,0.2656
0.3548,0.2656
0.3548,0.2656
0.3548,0.2656
0.3548,0.2656
0.3548,0.2656
0.3548,0.2656
0.3548,0.2656
0.3548,0.2656
0.3548,0.2656
0.3548,0.2656
0.3548,0.2656
0.3548,0.2656
0.3548,0.2656
0.3548,0.2656
0.3548,0.2656
0.3548,0.2656
0.3548,0.2656
0.3548,0.2656
0.3548,0.2656
0.3548,0.2656
0.3548,0.2656
0.3548,0.2656
0.3548,0.2656
0.3548,0.2656
0.3548,0.2656
0.3548,0.2656
0.3548,0.2656
0.3548,0.2656
0.3548,0.2656
0.3548,0.2656
0.3548,0.2656
0.3548,0.2656
0.3548,0.2656
0.3548,0.2656
0.3548,0.2656
0.3548,0.2656
0.3548,0.2656
0.3548,0.2656
0.3548,0.2656
0.3548,0.2656
0.3548,0.2656
0.3548,0.2656
0.3548,0.2656
0.3548,0.2656
0.3548,0.2656
0.3548,0.2656
0.3548,0.2656
0.3548,0.2656
0.3548,0.2656
0.3548,0.2656
0.3548,0.2656
0.3548,0.2656
0.3548,0.2656
0.3548,0.2656
0.3548,0.2656
0.3548,0.2656
0.3548,0.2656
0.3548,0.2656
0.3548,0.2656
0.3548,0.2656
0.3548,0.2656
0.3548,0.2656
0.3548,0.2656
0.3548,0.2656
0.3548,0.2656
0.3548,0.2656
0.3548,0.2656
0.3548,0.2656
0.3548,0.2656
0.3548,0.2656
0.3548,0.2656
0.3548,0.2656
0.3548,0.2656
0.3548,0.2656
0.3548,0.2656
0.3548,0.2656
0.3548,0.2656
0.3548,0.2656
0.3548,0.2656
0.3548,0.2656
0.3548,0.2656
0.3548,0.2656
0.3548,0.2656
0.3548,0.2656
0.3548,0.2656
0.3548,0.2656
0.3548,0.2656
0.3548,0.2656
0.3548,0.2656
0.3548,0.2656
0.3548,0.2656
0.3548,0.2656
0.3548,0.2656
0.3548,0.2656
0.3548,0.2656
0.3548,0.2656
0.3548,0.2656
0.3548,0.2656
0.3548,0.2656
0.3548,0.2656
0.3548,0.2656
0.3548,0.2656
0.3548,0.2656
0.3548,0.2656
0.3548,0.2656
0.3548,0.2656
0.3548,0.2656
0.3548,0.2656
0.3548,0.2656
0.3548,0.2656
0.3548,0.2656
0.3548,0.2656
0.3548,0.2656
0.3548,0.2656
0.3548,0.2656
0.3548,0.2656
0.3548,0.2656
0.3548,0.2656
0.3548,0.2656
0.3548,0.2656
0.3548,0.2656
0.3548,0.2656
0.3548,0.2656
0.3548,0.2656
0.3548,0.2656
0.3548,0.2656
0.3548,0.2656
0.3548,0.2656
0.3548,0.2656
0.3548,0.2656
0.3548,0.2656
0.3548,0.2656
0.3548,0.2656
0.3548,0.2656
0.3548,0.2656
0.3548,0.2656
0.3548,0.2656
0.3548,0.2656
0.3548,0.2656
0.3548,0.2656
0.3548,0.2656
0.3548,0.2656
0.3548,0.2656
0.3548,0.2656
0.3548,0.2656
0.3548,0.2656
0.3548,0.2656
0.3548,0.2656
0.3548,0.2656
0.3548,0.2656
0.3548,0.2656
0.3548,0.2656
0.3548,0.2656
0.3548,0.2656
0.3548,0.2656
0.3548,0.2656
0.3548,0.2656
0.3548,0.2656
0.3548,0.2656
0.3548,0.2656
0.3548,0.2656
0.3548,0.2656
0.3548,0.2656
0.3548,0.2656
0.3548,0.2656
0.3548,0.2656
0.3548,0.2656
0.3548,0.2656
0.3548,0.2656
0.3548,0.2656
0.3548,0.2656
0.3548,0.2656
0.3548,0.2656
0.3548,0.2656
0.3548,0.2656
0.3548,0.2656
0.3548,0.2656
0.3548,0.2656
0.3548,0.2656
0.3548,0.2656
0.3548,0.2656
0.3548,0.2656
0.3548,0.2656
0.3548,0.2656
0.3548,0.2656
0.3548,0.2656
0.3548,0.2656
0.3548,0.2656
0.3548,0.2656
0.3548,0.2656
0.3548,0.2656
0.3548,0.2656
0.3548,0.2656
0.3548,0.2656
0.3548,0.2656
0.3548,0.2656
0.3548,0.2656
0.3548,0.2656
0.3548,0.2656
0.3548,0.2656
0.3548,0.2656
0.3548,0.2656
0.3548,0.2656
0.3548,0.2656
0.3548,0.2656
0.3548,0.2656
0.3548,0.2656
0.3548,0.2656
0.3548,0.2656
0.3548,0.2656
0.3548,0.2656
0.3548,0.2656
0.3548,0.2656
0.3548,0.2656
0.3548,0.2656
0.3548,0.2656
0.3548,0.2656
0.3548,0.2656
0.3548,0.2656
0.3548,0.2656
0.3548,0.2656
0.3548,0.2656
0.3548,0.2656
0.3548,0.2656
0.3548,0.2656
0.3548,0.2656
0.3548,0.2656
0.3548,0.2656
0.3548,0.2656
0.3548,0.2656
0.3548,0.2656
0.3548,0.2656
0.3548,0.2656
0.3548,0.2656
0.3548,0.2656
0.3548,0.2656
0.3548,0.2656
0.3548,0.2656
0.3548,0.2656
0.3548,0.2656
0.3548,0.2656
0.3548,0.2656
0.3548,0.2656
0.3548,0.2656
0.3548,0.2656
0.3548,0.2656
0.3548,0.2656
0.3548,0.2656
0.3548,0.2656
0.3548,0.2656
0.3548,0.2656
0.3548,0.2656
0.3548,0.2656
0.3548,0.2656
0.3548,0.2656
0.3548,0.2656
0.3548,0.2656
0.3548,0.2656
0.3548,0.2656
0.3548,0.2656
0.3548,0.2656
0.3548,0.2656
0.3548,0.2656
0.3548,0.2656
0.3548,0.2656
0.3548,0.2656
0.3548,0.2656
0.3548,0.2656
0.3548,0.2656
0.3548,0.2656
0.3548,0.2656
0.3548,0.2656
0.3548,0.2656
0.3548,0.2656
0.3548,0.2656
0.3548,0.2656
0.3548,0.2656
0.3548,0.2656
0.3548,0.2656
0.3548,0.2656
0.3548,0.2656
0.3548,0.2656
0.3548,0.2656
0.3548,0.2656
0.3548,0.2656
0.3548,0.2656
0.3548,0.2656
0.3548,0.2656
0.3548,0.2656
0.3548,0.2656
0.3548,0.2656
0.3548,0.2656
0.3548,0.2656
0.3548,0.2656
0.3548,0.2656
0.3548,0.2656
0.3548,0.2656
0.3548,0.2656
0.3548,0.2656
0.3548,0.2656
0.3548,0.2656
0.3548,0.2656
0.3548,0.2656
0.3548,0.2656
0.3548,0.2656
0.3548,0.2656
0.3548,0.2656
0.3548,0.2656
0.3548,0.2656
0.3548,0.2656
0.3548,0.2656
0.3548,0.2656
0.3548,0.2656
0.3548,0.2656
0.3548,0.2656
0.3548,0.2656
0.3548,0.2656
0.3548,0.2656
0.3548,0.2656
0.3548,0.2656
0.3548,0.2656
0.3548,0.2656
0.3548,0.2656
0.3548,0.2656
0.3548,0.2656
0.3548,0.2656
0.3548,0.2656
0.3548,0.2656
0.3548,0.2656
0.3548,0.2656
0.3548,0.2656
0.3548,0.2656
0.3548,0.2656
0.3548,0.2656
0.3548,0.2656
0.3548,0.2656
0.3548,0.2656
0.3548,0.2656
0.3548,0.2656
0.3548,0.2656
0.3548,0.2656
nan,nan
nan,nan
nan,nan
nan,nan
nan,nan
nan,nan
nan,nan
nan,nan
nan,nan
nan,nan
nan,nan
nan,nan
nan,nan
nan,nan
nan,nan
nan,nan
nan,nan
nan,nan
nan,nan
nan,nan
nan,nan
nan,nan
nan,nan
nan,nan
nan,nan
nan,nan
nan,nan
nan,nan
nan,nan
nan,nan
nan,nan
nan,nan
nan,nan
nan,nan
nan,nan
nan,nan
nan,nan
nan,nan
nan,nan
nan,nan
nan,nan
nan,nan
nan,nan
nan,nan
nan,nan
nan,nan
nan,nan
nan,nan
nan,nan
nan,nan
nan,nan
nan,nan
nan,nan
nan,nan
nan,nan
nan,nan
nan,nan
nan,nan
nan,nan
nan,nan
nan,nan
nan,nan
nan,nan
nan,nan
nan,nan
nan,nan
nan,nan
nan,nan
nan,nan
nan,nan
nan,nan
nan,nan
nan,nan
nan,nan
nan,nan
nan,nan
nan,nan
nan,nan
nan,nan
nan,nan
nan,nan
nan,nan
nan,nan
nan,nan
nan,nan
nan,nan
nan,nan
nan,nan
nan,nan
nan,nan
nan,nan
nan,nan
nan,nan
nan,nan
nan,nan
nan,nan
nan,nan
nan,nan
nan,nan
nan,nan
nan,nan
nan,nan
nan,nan
nan,nan
nan,nan
nan,nan
nan,nan
nan,nan
nan,nan
nan,nan
nan,nan
nan,nan
nan,nan
nan,nan
nan,nan
nan,nan
nan,nan
nan,nan
nan,nan
nan,nan
nan,nan
nan,nan
nan,nan
nan,nan
nan,nan
nan,nan
nan,nan
nan,nan
nan,nan
nan,nan
nan,nan
nan,nan
nan,nan
nan,nan
nan,nan
nan,nan
nan,nan
nan,nan
nan,nan
nan,nan
nan,nan
nan,nan
nan,nan
nan,nan
nan,nan
nan,nan
nan,nan
nan,nan
nan,nan
nan,nan
nan,nan
nan,nan
nan,nan
nan,nan
nan,nan
nan,nan
nan,nan
nan,nan
nan,nan
nan,nan
nan,nan
nan,nan
nan,nan
nan,nan
nan,nan
nan,nan
nan,nan
nan,nan
nan,nan
nan,nan
nan,nan
nan,nan
nan,nan
nan,nan
nan,nan
nan,nan
nan,nan
nan,nan
nan,nan
nan,nan
nan,nan
nan,nan
nan,nan
nan,nan
nan,nan
nan,nan
nan,nan
nan,nan
nan,nan
nan,nan
nan,nan
nan,nan
nan,nan
nan,nan
nan,nan
nan,nan
nan,nan
nan,nan
nan,nan
nan,nan
nan,nan
nan,nan
nan,nan
nan,nan
nan,nan
nan,nan
nan,nan
nan,nan
nan,nan
nan,nan
nan,nan
nan,nan
nan,nan
nan,nan
nan,nan
nan,nan
nan,nan
nan,nan
nan,nan
nan,nan
nan,nan
nan,nan
nan,nan
nan,nan
nan,nan
nan,nan
nan,nan
nan,nan
nan,nan
nan,nan
nan,nan
nan,nan
nan,nan
nan,nan
nan,nan
nan,nan
nan,nan
nan,nan
nan,nan
nan,nan
nan,nan
nan,nan
nan,nan
nan,nan
nan,nan
nan,nan
nan,nan
nan,nan
nan,nan
nan,nan
nan,nan
nan,nan
nan,nan
nan,nan
nan,nan
nan,nan
nan,nan
nan,nan
nan,nan
nan,nan
nan,nan
nan,nan
nan,nan
nan,nan
nan,nan
nan,nan
nan,nan
nan,nan
nan,nan
nan,nan
nan,nan
nan,nan
nan,nan
nan,nan
nan,nan
nan,nan
nan,nan
nan,nan
nan,nan
nan,nan
nan,nan
nan,nan
nan,nan
nan,nan
nan,nan
nan,nan
nan,nan
nan,nan
nan,nan
nan,nan
nan,nan
nan,nan
nan,nan
nan,nan
nan,nan
nan,nan
nan,nan
nan,nan
nan,nan
nan,nan
nan,nan
nan,nan
nan,nan
nan,nan
nan,nan
nan,nan
nan,nan
nan,nan
nan,nan
nan,nan
nan,nan
nan,nan
nan,nan
nan,nan
nan,nan
nan,nan
nan,nan
nan,nan
nan,nan
nan,nan
nan,nan
nan,nan
nan,nan
nan,nan
nan,nan
nan,nan
nan,nan
nan,nan
nan,nan
nan,nan
nan,nan
nan,nan
nan,nan
nan,nan
nan,nan
nan,nan
nan,nan
nan,nan
nan,nan
nan,nan
nan,nan
nan,nan
nan,nan
nan,nan
nan,nan
nan,nan
nan,nan
nan,nan
nan,nan
nan,nan
nan,nan
nan,nan
nan,nan
nan,nan
nan,nan
nan,nan
nan,nan
nan,nan
nan,nan
nan,nan
nan,nan
nan,nan
nan,nan
nan,nan
nan,nan
nan,nan
nan,nan
nan,nan
nan,nan
nan,nan
nan,nan
nan,nan
nan,nan
nan,nan
nan,nan
nan,nan
nan,nan
nan,nan
nan,nan
nan,nan
nan,nan
nan,nan
nan,nan
nan,nan
nan,nan
nan,nan
nan,nan
nan,nan
nan,nan
nan,nan
nan,nan
nan,nan
nan,nan
nan,nan
nan,nan
nan,nan
nan,nan
nan,nan
nan,nan
nan,nan
nan,nan
nan,nan
nan,nan
nan,nan
nan,nan
nan,nan
nan,nan
nan,nan
nan,nan
nan,nan
nan,nan
nan,nan
nan,nan
nan,nan
nan,nan
nan,nan
nan,nan
nan,nan
nan,nan
nan,nan
nan,nan
nan,nan
nan,nan
nan,nan
nan,nan
nan,nan
nan,nan
nan,nan
nan,nan
nan,nan
nan,nan
nan,nan
nan,nan
nan,nan
nan,nan
nan,nan
nan,nan
nan,nan
nan,nan
nan,nan
nan,nan
nan,nan
nan,nan
nan,nan
nan,nan
nan,nan
nan,nan
nan,nan
nan,nan
nan,nan
nan,nan
nan,nan
nan,nan
nan,nan
nan,nan
nan,nan
nan,nan
nan,nan
nan,nan
nan,nan
nan,nan
nan,nan
nan,nan
nan,nan
nan,nan
nan,nan
nan,nan
nan,nan
nan,nan
nan,nan
nan,nan
nan,nan
nan,nan
nan,nan
nan,nan
nan,nan
nan,nan
nan,nan
nan,nan
nan,nan
nan,nan
nan,nan
nan,nan
nan,nan
nan,nan
nan,nan
nan,nan
nan,nan
nan,nan
nan,nan
nan,nan
nan,nan
nan,nan
nan,nan
nan,nan
nan,nan
nan,nan
nan,nan
nan,nan
nan,nan
nan,nan
nan,nan
nan,nan
nan,nan
nan,nan
nan,nan
nan,nan
nan,nan
nan,nan
nan,nan
nan,nan
nan,nan
nan,nan
nan,nan
nan,nan
nan,nan
nan,nan
nan,nan
nan,nan
nan,nan
nan,nan
nan,nan
nan,nan
nan,nan
nan,nan
nan,nan
nan,nan
nan,nan
nan,nan
nan,nan
nan,nan
nan,nan
nan,nan
nan,nan
nan,nan
nan,nan
nan,nan
nan,nan
nan,nan
nan,nan
nan,nan
nan,nan
nan,nan
nan,nan
nan,nan
nan,nan
nan,nan
nan,nan
nan,nan
0.3538,0.2656
0.3538,0.2656
