0.5666018724441528
0.2529109716415405
0.2529445290565491
0.047812048345804214
0.007611698005348444
0.009859251789748669
0.010819454677402973
0.011265182867646217
0.012956918217241764
0.014796778559684753
0.01649540103971958
0.01782379299402237
0.0178323183208704
0.01064611878246069
0.01075779553502798
0.010843537747859955
0.010585136711597443
0.010323156602680683
0.009835943579673767
0.00945156067609787
0.009382895193994045
0.00930889043956995
0.009306041523814201
0.008331452496349812
0.008165102452039719
0.007881121709942818
0.0080465292558074
0.00746714323759079
0.0077605172991752625
0.007711957674473524
0.007519126404076815
0.007632842753082514
0.007610720116645098
0.00688397791236639
0.00655091367661953
0.00658204173669219
0.006781381089240313
0.006972228176891804
0.0067171622067689896
0.006891707889735699
0.006834466475993395
0.0070153879933059216
0.007015278097242117
0.006451272871345282
0.0062814559787511826
0.006237975787371397
0.00644481647759676
0.006377179641276598
0.00643656961619854
0.006644314620643854
0.0064890580251812935
0.006443060468882322
0.00644167372956872
0.006326782051473856
0.006224809214472771
0.006241589318960905
0.006622834596782923
0.00643937336280942
0.006363700143992901
0.00628688232973218
0.006334938108921051
0.006408300716429949
0.006432026159018278
0.0063527836464345455
0.0063451738096773624
0.006415868643671274
0.006325701251626015
0.006513555068522692
0.0063751498237252235
0.0066752503626048565
0.0065517001785337925
0.006282235030084848
0.006269128993153572
0.006337752565741539
0.006727567873895168
0.006557186599820852
0.006803636904805899
0.00687264371663332
0.006687532644718885
0.0067783016711473465
0.0065634651109576225
0.006730209104716778
0.00668659433722496
0.006583315320312977
0.0064184414222836494
0.0064035579562187195
0.006665077526122332
0.006482170894742012
0.00676645478233695
0.006458902265876532
0.006562366150319576
0.006543303839862347
0.00658149179071188
0.0065623559057712555
0.006713661830872297
0.006604461930692196
0.006634761579334736
0.006487390026450157
0.006580581422895193
0.00656502740457654
0.0064726113341748714
0.006634329911321402
0.006581220775842667
0.006535166874527931
0.006527094170451164
0.006497661117464304
0.0065765599720180035
0.006364922970533371
0.006275652442127466
0.006494305096566677
0.00638181297108531
0.006547002587467432
0.0065373522229492664
0.006446704268455505
0.0065310620702803135
0.0065107280388474464
0.006291417870670557
0.0064521958120167255
0.0064766863361001015
0.006590105593204498
0.0065833390690386295
0.006405909080058336
0.006387562490999699
0.006346489768475294
0.006531413644552231
0.00630328431725502
0.006479248404502869
0.006307588890194893
0.00643247039988637
0.006777999922633171
0.006567938718944788
0.006849515251815319
0.006874909158796072
0.006824932061135769
0.006613879464566708
0.006459852680563927
0.006102827377617359
0.006321112159639597
0.006466950289905071
0.006321453955024481
0.0060884528793394566
0.006258843932300806
0.0062600537203252316
0.006301203276962042
0.006499455310404301
0.00631294772028923
0.006355371326208115
0.006505978759378195
0.006589200347661972
0.006737217772752047
0.006576082669198513
0.006388800218701363
0.00647277757525444
0.006391268223524094
0.0064299451187253
0.006375245284289122
0.006226552650332451
0.006406995002180338
0.006542001385241747
0.00635187141597271
0.006382243242114782
0.006338754203170538
0.0063136862590909
0.006340770050883293
0.0064041512086987495
0.006396622862666845
0.006810770370066166
0.006555245257914066
0.006403205916285515
0.006330674979835749
0.0064995186403393745
0.006425088737159967
0.006385487038642168
0.006396183744072914
0.0062738521955907345
0.00653961393982172
0.006325821857899427
0.006205571349710226
0.0064810593612492085
0.00641647120937705
0.006521005183458328
0.006114049814641476
0.006121819373220205
0.006215077359229326
0.006316861603409052
0.006733344402164221
0.00626295106485486
0.006508681457489729
0.006609151139855385
0.006735693663358688
0.006411146372556686
0.006271073594689369
0.006254894658923149
0.0061969696544110775
0.006461110431700945
0.006448728963732719
0.006191637367010117
0.0064842673018574715
0.006346241571009159
0.006392206065356731
0.006035286001861095
