15.095552444458008
7.128744125366211
1.771654486656189
1.771669626235962
0.4589119851589203
0.39339014887809753
0.4557626247406006
0.4692966341972351
0.48179614543914795
0.4912538528442383
0.508743941783905
0.5135362148284912
0.2530378997325897
0.25229573249816895
0.2620545029640198
0.27378684282302856
0.2774781286716461
0.2790443003177643
0.27490174770355225
0.27329176664352417
0.28317791223526
0.3006967306137085
0.21595048904418945
0.21632619202136993
0.22801873087882996
0.22706234455108643
0.23128923773765564
0.22103416919708252
0.23676368594169617
0.23957905173301697
0.22746187448501587
0.23569412529468536
0.1993328481912613
0.20021221041679382
0.1882876753807068
0.191268190741539
0.20340470969676971
0.20972447097301483
0.19927263259887695
0.20766521990299225
0.1984766721725464
0.20672208070755005
0.1839795559644699
0.18357959389686584
0.18031609058380127
0.17803803086280823
0.18483023345470428
0.18155831098556519
0.17725026607513428
0.19202139973640442
0.18476217985153198
0.18303737044334412
0.15899181365966797
0.15931333601474762
0.15908768773078918
0.15452516078948975
0.1735890954732895
0.16603237390518188
0.16283434629440308
0.15939369797706604
0.1634790152311325
0.15817992389202118
0.1474733203649521
0.14875778555870056
0.15206262469291687
0.15753266215324402
0.14868012070655823
0.1599828153848648
0.15782973170280457
0.16742593050003052
0.15658754110336304
0.1513034999370575
0.1471094787120819
0.1477149873971939
0.16088765859603882
0.15246689319610596
0.15542390942573547
0.16225078701972961
0.15771058201789856
0.16293051838874817
0.15724503993988037
0.16116032004356384
0.1584698110818863
0.15838946402072906
0.14624819159507751
0.154320627450943
0.16238433122634888
0.15128836035728455
0.16224944591522217
0.15077991783618927
0.15802502632141113
0.15516647696495056
0.15337444841861725
0.15128225088119507
0.16186723113059998
0.1545906662940979
0.15588486194610596
0.15901347994804382
0.1521199345588684
0.1515330672264099
0.15017740428447723
0.15485858917236328
0.14933188259601593
0.15086795389652252
0.15532070398330688
0.15576612949371338
0.15339937806129456
0.14939308166503906
0.14824554324150085
0.15386247634887695
0.15259189903736115
0.15506863594055176
0.15080085396766663
0.15010720491409302
0.15150071680545807
0.1588508039712906
0.14812496304512024
0.14990276098251343
0.15135499835014343
0.15979266166687012
0.15401743352413177
0.1445513367652893
0.14215293526649475
0.14268989861011505
0.14886416494846344
0.1495860368013382
0.15709063410758972
0.14680781960487366
0.14635629951953888
0.1602116823196411
0.15107232332229614
0.16780716180801392
0.16464051604270935
0.1681698113679886
0.15416324138641357
0.15766534209251404
0.1462269127368927
0.14983555674552917
0.14994505047798157
0.14327698945999146
0.14149965345859528
0.14431673288345337
0.14494147896766663
0.14437982439994812
0.14851482212543488
0.1421433985233307
0.1431475281715393
0.15009090304374695
0.15101730823516846
0.1506369709968567
0.1489807367324829
0.14530818164348602
0.14514362812042236
0.14712706208229065
0.1471424400806427
0.14401856064796448
0.14570820331573486
0.1497150957584381
0.15618810057640076
0.14458291232585907
0.14816036820411682
0.14812347292900085
0.14728796482086182
0.14777672290802002
0.14812438189983368
0.13827845454216003
0.16249854862689972
0.15541136264801025
0.14060725271701813
0.14379459619522095
0.15083210170269012
0.14944849908351898
0.14697179198265076
0.14803224802017212
0.14761203527450562
0.14574593305587769
0.14415383338928223
0.14172953367233276
0.14655256271362305
0.14640647172927856
0.1493655890226364
0.14205753803253174
0.13993340730667114
0.14328694343566895
0.14664685726165771
0.1526075154542923
0.13818207383155823
0.14616909623146057
0.14571590721607208
0.1561589241027832
0.14722520112991333
0.1399962306022644
0.1449117213487625
0.14383375644683838
0.15366996824741364
0.15030214190483093
0.1414913535118103
0.15406492352485657
0.1480964869260788
0.15504056215286255
0.1377144753932953
