0.5924227833747864
0.24761319160461426
0.2476278394460678
0.24766451120376587
0.03051145374774933
0.04998357594013214
0.06159370765089989
0.06387536227703094
0.06786879897117615
0.07032652199268341
0.07159197330474854
0.07146880030632019
0.07163754850625992
0.07161211967468262
0.07086940109729767
0.07087539881467819
0.07099433988332748
0.07070466130971909
0.06938451528549194
0.06884591281414032
0.06983256340026855
0.06980464607477188
0.06984227895736694
0.06992627680301666
0.07048692554235458
0.06980090588331223
0.07327783107757568
0.06959973275661469
0.07227817922830582
0.0726621150970459
0.07106814533472061
0.07236158102750778
0.07213160395622253
0.0721677616238594
0.06893695145845413
0.06974257528781891
0.07151606678962708
0.07418753206729889
0.07132504880428314
0.07346311956644058
0.07232388854026794
0.07420426607131958
0.07420767843723297
0.07417438179254532
0.07170778512954712
0.07061075419187546
0.07313564419746399
0.07243220508098602
0.07245897501707077
0.07456444203853607
0.07248901575803757
0.07255110144615173
0.07278087735176086
0.07282672077417374
0.07095770537853241
0.07052375376224518
0.07565170526504517
0.07378164678812027
0.07244285196065903
0.07146932184696198
0.07193193584680557
0.07260032743215561
0.07238581776618958
0.0722539946436882
0.07281485199928284
0.07340019196271896
0.07253682613372803
0.07476154714822769
0.07282833009958267
0.0770321786403656
0.0745401605963707
0.07078427821397781
0.07047206908464432
0.07089465856552124
0.07570269703865051
0.07387026399374008
0.076007179915905
0.07665633410215378
0.07405291497707367
0.07577265799045563
0.0734705850481987
0.07478304207324982
0.07505767047405243
0.07505619525909424
0.0728619247674942
0.07171325385570526
0.07529624551534653
0.07222733646631241
0.0759449377655983
0.07260856032371521
0.07457321882247925
0.07443905621767044
0.07430323958396912
0.07433591783046722
0.07664366066455841
0.0749007910490036
0.07490354031324387
0.0735766813158989
0.07345857471227646
0.07418189197778702
0.07247114181518555
0.07400387525558472
0.07387655973434448
0.07451225817203522
0.07472401112318039
0.07390234619379044
0.07460077106952667
0.07261528074741364
0.0708291307091713
0.0747341439127922
0.07228634506464005
0.07489045709371567
0.07491933554410934
0.07439864426851273
0.0755373165011406
0.07666970044374466
0.07146599143743515
0.07380186021327972
0.07513183355331421
0.07680006325244904
0.07657618075609207
0.07439418137073517
0.07436597347259521
0.0746651291847229
0.07759180665016174
0.07494271546602249
0.07639624178409576
0.07494199275970459
0.07737401872873306
0.0806661993265152
0.07750049978494644
0.08413662761449814
0.08392024040222168
0.08401964604854584
0.07841192185878754
0.07880999147891998
0.0735752284526825
0.07607907056808472
0.07738812267780304
0.07698853313922882
0.07385844737291336
0.0752725675702095
0.07554569840431213
0.07519926875829697
0.07958738505840302
0.07436662912368774
0.07537542283535004
0.07772433012723923
0.08093400299549103
0.08272070437669754
0.07878449559211731
0.07762188464403152
0.07770997285842896
0.07783273607492447
0.07770043611526489
0.07727845758199692
0.0746544823050499
0.07746362686157227
0.08189734071493149
0.07733992487192154
0.07823767513036728
0.07772175222635269
0.0772147849202156
0.07642661035060883
0.07735621184110641
0.07463794201612473
0.081911101937294
0.07855778187513351
0.07519402354955673
0.07542582601308823
0.07683618366718292
0.0777675062417984
0.07730993628501892
0.07795011252164841
0.07449354976415634
0.07851869612932205
0.077165387570858
0.07466765493154526
0.0783451646566391
0.07739219069480896
0.08072192221879959
0.07472598552703857
0.07485798746347427
0.0755034014582634
0.0761321634054184
0.08103430271148682
0.0746232271194458
0.07747702300548553
0.08198457956314087
0.0811665877699852
0.07867489010095596
0.07444214820861816
0.07474316656589508
0.07498927414417267
0.07796340435743332
0.07835063338279724
0.07560177892446518
0.08275321125984192
0.07577934861183167
0.07867925614118576
0.07470434904098511
