0.5750877261161804
0.3960948884487152
0.16960732638835907
0.09319646656513214
0.10669883340597153
0.11686457693576813
0.09867677092552185
0.10535281151533127
0.10923749953508377
0.11941678076982498
0.10981645435094833
0.12115395069122314
0.10947448760271072
0.12263620644807816
0.11051910370588303
0.12330195307731628
0.11008688062429428
0.1224047988653183
0.1101987436413765
0.12095172703266144
0.10968825966119766
0.1190476194024086
0.10862697660923004
0.11766926199197769
0.10938630998134613
0.11743354797363281
0.10956737399101257
0.11534211039543152
0.11119920015335083
0.11505533009767532
0.1121126189827919
0.1146039366722107
0.10907765477895737
0.11106249690055847
0.10590146481990814
0.10759379714727402
0.10739900916814804
0.11038423329591751
0.11105704307556152
0.11442016810178757
0.11437125504016876
0.11406565457582474
0.11574846506118774
0.11495953798294067
0.11544129997491837
0.11648090183734894
0.11435726284980774
0.11675116419792175
0.1147993877530098
0.11573554575443268
0.11680745333433151
0.11809343844652176
0.11682932823896408
0.1173105537891388
0.11746480315923691
0.1169394850730896
0.11624696105718613
0.11567745357751846
0.11611682921648026
0.11750556528568268
0.11597592383623123
0.11601712554693222
0.1168215423822403
0.11649798601865768
0.11524296551942825
0.11773546040058136
0.11821865290403366
0.11730208992958069
0.11656524986028671
0.11587294936180115
0.11797065287828445
0.11588885635137558
0.11747795343399048
0.11910708993673325
0.11523444950580597
0.11804496496915817
0.11618977785110474
0.11746551841497421
0.11608093976974487
0.11738397181034088
0.11574108898639679
0.11780784279108047
0.11655478179454803
0.11711712926626205
0.11860226839780807
0.11795283108949661
0.11907001584768295
0.11564454436302185
0.11857575178146362
0.1166686862707138
0.11634229868650436
0.11847985535860062
0.11844757944345474
0.11806182563304901
0.11832180619239807
0.11685765534639359
0.11790595203638077
0.1178387999534607
0.11621292680501938
0.11914908140897751
0.11797872185707092
0.11869756132364273
0.11647073924541473
0.11798705905675888
0.11743523925542831
0.11819788068532944
0.117518350481987
0.11671219021081924
0.11711771786212921
0.1185855120420456
0.11612376570701599
0.11853542178869247
0.11627759039402008
0.11772841960191727
0.1182909682393074
0.11707685142755508
0.11857438832521439
0.1166476234793663
0.11861017346382141
0.11721322685480118
0.11711402982473373
0.11725196987390518
0.11661258339881897
0.11730634421110153
0.11836368590593338
0.11829014122486115
0.11754853278398514
0.11758262664079666
0.11776711046695709
0.11827171593904495
0.11759670823812485
0.11796397715806961
0.11838393658399582
0.11719527840614319
0.11577955633401871
0.11972641944885254
0.11691775172948837
0.11849534511566162
0.11600709706544876
0.1183435246348381
0.11688865721225739
0.11789645254611969
0.11709483712911606
0.11757396161556244
0.11751381307840347
0.11855611205101013
0.11742140352725983
0.1179388165473938
0.11686526238918304
0.11799533665180206
0.11678352952003479
0.11684462428092957
0.11758018285036087
0.11672329902648926
0.11802466958761215
0.11648239940404892
0.11701535433530807
0.1169188916683197
0.11811823397874832
0.11720073223114014
0.11783699691295624
0.11775221675634384
0.11737914383411407
0.11658957600593567
0.11735077947378159
0.11666857451200485
0.11711076647043228
0.11647200584411621
0.11846017092466354
0.1257130354642868
0.12594570219516754
0.12379281967878342
0.12450218200683594
0.1256115734577179
0.12351863831281662
0.12442831695079803
0.1253221333026886
0.12457405775785446
0.12561821937561035
0.12580402195453644
0.1249757632613182
0.12689335644245148
0.1249374970793724
0.12615206837654114
0.12434140592813492
0.12617331743240356
0.12549933791160583
0.12634862959384918
0.12593841552734375
0.12432193011045456
0.12602782249450684
0.12542226910591125
0.12455199658870697
0.12489084154367447
0.12498277425765991
0.12691950798034668
0.12457732856273651
0.12445776164531708
0.12491875141859055
0.12595103681087494
0.12664897739887238
0.12487182766199112
0.12424737960100174
0.1272325962781906
0.12555615603923798
0.12577275931835175
0.12543222308158875
0.12508775293827057
0.1257820576429367
0.1267155408859253
0.12489965558052063
0.1250872015953064
0.12493029981851578
0.12754520773887634
0.125618115067482
0.12476827949285507
0.12487100809812546
0.12473084032535553
0.1256718635559082
0.12579593062400818
0.1266833394765854
0.12535475194454193
0.12517458200454712
0.12601961195468903
0.12594906985759735
0.1263422966003418
0.12547001242637634
0.12547454237937927
0.12678000330924988
0.12627054750919342
0.12652327120304108
0.12430363148450851
0.12538322806358337
0.12613703310489655
0.1257372796535492
0.12504065036773682
0.12535360455513
0.12601003050804138
0.12468832731246948
0.1268220990896225
0.12399004399776459
0.1276583969593048
0.12575772404670715
0.12683555483818054
0.12379887700080872
0.12535211443901062
0.1263265758752823
0.1260177344083786
0.12609577178955078
0.12513771653175354
0.12661874294281006
0.12536467611789703
0.12509192526340485
0.12507905066013336
0.12503427267074585
0.12505941092967987
0.12526844441890717
0.1251637041568756
0.12509234249591827
0.12493583559989929
0.12499739229679108
0.12514206767082214
0.12509523332118988
0.12520737946033478
0.12517662346363068
0.1251475214958191
0.1252952218055725
0.12494976818561554
0.1251012235879898
0.12516072392463684
0.12523503601551056
0.12516623735427856
0.1252834051847458
0.1251235455274582
0.12503452599048615
0.12502305209636688
