0.08070050179958344
0.02705722115933895
0.02529541775584221
0.024685006588697433
0.029780790209770203
0.029790088534355164
0.0296394731849432
0.029352892190217972
0.03643956035375595
0.03649445250630379
0.04053382948040962
0.040497489273548126
0.03785206750035286
0.043663181364536285
0.0434088371694088
0.04580407589673996
0.04557103291153908
0.045642752200365067
0.045452315360307693
0.04539017751812935
0.039828699082136154
0.03982336446642876
0.03952045366168022
0.039444513618946075
0.034066054970026016
0.03395026549696922
0.03372162580490112
0.03347190469503403
0.03325372561812401
0.028321202844381332
0.03272499144077301
0.027870146557688713
0.02771557867527008
0.027614710852503777
0.03223922476172447
0.027539730072021484
0.027523523196578026
0.02749418094754219
0.027461566030979156
0.02746007777750492
0.02744438871741295
0.02319055050611496
0.02317376621067524
0.019308432936668396
0.015684328973293304
0.015623195096850395
0.012231732718646526
0.0019884773064404726
0.009054661728441715
0.0015561716863885522
0.0013491495046764612
0.0010903956135734916
0.0007065123645588756
0.00045879572280682623
0.0003142273344565183
0.0002648438676260412
0.00021850233315490186
0.00020476286590564996
0.00017357106844428927
0.00016142078675329685
0.0001388136442983523
0.00014071381883695722
0.00012500140292104334
0.00011699410242727026
9.92964196484536e-05
9.864418825600296e-05
8.779719064477831e-05
8.811239968053997e-05
8.107149915304035e-05
7.382216426776722e-05
7.492539589293301e-05
7.23575140000321e-05
6.372232746798545e-05
6.563917850144207e-05
6.106253567850217e-05
5.936822708463296e-05
5.8910183724947274e-05
6.076514546293765e-05
5.625776975648478e-05
5.6281725846929476e-05
5.403097748057917e-05
5.258355304249562e-05
4.8228088417090476e-05
4.7860274207778275e-05
4.739446740131825e-05
4.4584354327525944e-05
5.1984283345518634e-05
4.516751869232394e-05
5.034643618273549e-05
4.383576015243307e-05
4.217400783090852e-05
4.221550625516102e-05
3.998123065684922e-05
3.9029426261549816e-05
4.1546099964762107e-05
3.7685633287765086e-05
3.8536520150955766e-05
4.394247298478149e-05
3.917891808669083e-05
3.636051405919716e-05
3.685904812300578e-05
3.6885670851916075e-05
3.6893990909447894e-05
3.553683200152591e-05
3.788733374676667e-05
3.5370878322282806e-05
3.549302346073091e-05
3.574594302335754e-05
3.493523399811238e-05
3.781056875595823e-05
3.356820889166556e-05
3.676628693938255e-05
3.756137812160887e-05
3.329243554617278e-05
3.48660942108836e-05
3.429458229220472e-05
3.500173625070602e-05
3.2551586627960205e-05
3.263243706896901e-05
3.23896347254049e-05
3.248992288718e-05
3.241708691348322e-05
3.497409124975093e-05
3.396499960217625e-05
3.0919625714886934e-05
3.110897523583844e-05
3.107983138761483e-05
3.2141266274265945e-05
3.1297735404223204e-05
3.0165670978021808e-05
3.0039400371606462e-05
3.0096509362920187e-05
3.3055101084755734e-05
3.239825673517771e-05
3.1932777346810326e-05
2.973103619297035e-05
3.124218346783891e-05
3.23015519825276e-05
2.9933911719126627e-05
3.1170755391940475e-05
2.8751806894433685e-05
2.945071719295811e-05
2.8977414331166074e-05
3.0960476578911766e-05
2.8959659175598063e-05
2.9918837753939442e-05
2.9622167858178727e-05
2.8662270779022947e-05
3.234489122405648e-05
2.934559051936958e-05
2.9720275051658973e-05
2.925113403762225e-05
2.861175744328648e-05
2.8119557100581005e-05
2.877564838854596e-05
2.965607745863963e-05
2.9253424145281315e-05
2.843781840056181e-05
2.817338827298954e-05
2.7889664124813862e-05
2.891321673814673e-05
2.750912244664505e-05
2.959920311695896e-05
2.7645162845146842e-05
2.7804795536212623e-05
2.782672345347237e-05
3.373908475623466e-05
2.7451802452560514e-05
1.0020716217695735e-05
7.433486189256655e-06
6.342408596538007e-06
6.217366717464756e-06
6.131130703579402e-06
1.2807347047782969e-05
5.864410013600718e-06
8.686695764481556e-06
8.8510296336608e-06
7.98936980572762e-06
6.040290827513672e-06
5.315879661793588e-06
6.809617389080813e-06
4.988020918972325e-06
4.94328060085536e-06
7.475999609596329e-06
4.861451543547446e-06
5.01561726196087e-06
7.2987454586836975e-06
4.799729595106328e-06
6.904928795847809e-06
6.552043032570509e-06
4.74978605780052e-06
4.844419891014695e-06
4.79446225654101e-06
4.718596755992621e-06
6.8528215706464835e-06
1.0031192687165458e-05
4.849868219025666e-06
4.622150299837813e-06
4.448557774594519e-06
4.52449103249819e-06
4.388808065414196e-06
4.854706730839098e-06
7.188277322711656e-06
4.3211211959715e-06
4.232554601912852e-06
8.284856448881328e-06
5.870631412108196e-06
3.91488947570906e-06
4.4207317841937765e-06
4.427222393132979e-06
5.016788236389402e-06
3.7355046060838504e-06
5.641407369694207e-06
4.110019744985038e-06
4.566614734358154e-06
4.249317044013878e-06
5.00654277857393e-06
5.786525889561744e-06
3.5948582990386058e-06
4.2124711399083026e-06
3.893046596203931e-06
4.071901457791682e-06
3.666150178105454e-06
4.9175914682564326e-06
3.354797399879317e-06
3.409119472053135e-06
4.568894837575499e-06
4.539066139841452e-06
4.384052317618625e-06
4.907120455754921e-06
5.585509370575892e-06
5.628053713735426e-06
4.02475143346237e-06
3.5528146327123977e-06
5.504797627509106e-06
3.98917563870782e-06
3.373084609847865e-06
3.5408904750511283e-06
5.046224032412283e-06
1.6977970517473295e-05
4.700460976891918e-06
6.361513442243449e-06
3.6522064874588978e-06
5.791611783934059e-06
3.1273061722458806e-06
3.3339938454446383e-06
3.232246172046871e-06
3.5077812299277866e-06
1.0244196346320678e-05
4.238142082613194e-06
3.2308782920154044e-06
3.519478696034639e-06
3.9527944863948505e-06
3.382403974683257e-06
3.6596386507881107e-06
3.4821912322513526e-06
3.670169917313615e-06
3.340045850563911e-06
3.5987216051580617e-06
3.4015306482615415e-06
3.2699317671358585e-06
3.4409765703458106e-06
3.3507362786622252e-06
3.5269004001747817e-06
3.455235400906531e-06
3.364937811056734e-06
3.801422053584247e-06
3.293084773758892e-06
3.446005621299264e-06
3.476133997537545e-06
3.823519364232197e-06
3.382129534656997e-06
3.529428568072035e-06
3.7280012747942237e-06
3.517692448440357e-06
