0.3678329586982727
0.7285841107368469
0.8124066591262817
0.8616527318954468
0.8616527318954468
0.8616527318954468
0.8616527318954468
0.8616527318954468
0.8616527318954468
0.8616527318954468
0.8616527318954468
0.8616527318954468
0.8364282846450806
0.8364282846450806
0.8364282846450806
0.8364282846450806
0.8364282846450806
0.8364282846450806
0.8364282846450806
0.8364282846450806
0.8124066591262817
0.8124066591262817
0.8124066591262817
0.8124066591262817
0.7759219408035278
0.7759219408035278
0.7759219408035278
0.7759219408035278
0.7759219408035278
0.7416163086891174
0.7759219408035278
0.7416163086891174
0.7416163086891174
0.7416163086891174
0.7759219408035278
0.7416163086891174
0.7416163086891174
0.7416163086891174
0.7416163086891174
0.7416163086891174
0.7416163086891174
0.7133646607398987
0.7133646607398987
0.6925417184829712
0.6672981977462769
0.6672981977462769
0.6376999020576477
0.21503256261348724
0.61183762550354
0.22354736924171448
0.2260376662015915
0.18694567680358887
0.1541459858417511
0.1274438500404358
0.10745811462402344
0.09889060258865356
0.08945903182029724
0.08651623129844666
0.07868692278862
0.07622766494750977
0.06935980916023254
0.07059994339942932
0.06476649641990662
0.06255105137825012
0.05509293079376221
0.05607423186302185
0.049489229917526245
0.049780696630477905
0.04799601435661316
0.04281216859817505
0.045523762702941895
0.04141455888748169
0.038539379835128784
0.04077216982841492
0.03761360049247742
0.03924480080604553
0.035884082317352295
0.036992430686950684
0.03499042987823486
0.03503584861755371
0.035366982221603394
0.032436639070510864
0.03104117512702942
0.03184694051742554
0.02865573763847351
0.027471989393234253
0.03332492709159851
0.024524539709091187
0.03292572498321533
0.027920782566070557
0.027253419160842896
0.025727957487106323
0.02517262101173401
0.025415122509002686
0.027322828769683838
0.023610979318618774
0.024726003408432007
0.027880042791366577
0.019802600145339966
0.024295389652252197
0.022554874420166016
0.022903412580490112
0.024696379899978638
0.022928357124328613
0.02668529748916626
0.022495537996292114
0.0219862163066864
0.023495256900787354
0.01936781406402588
0.023789674043655396
0.01879081130027771
0.022265344858169556
0.025504589080810547
0.021716058254241943
0.022599071264266968
0.017994612455368042
0.022776037454605103
0.018105745315551758
0.02150672674179077
0.01980125904083252
0.02045413851737976
0.017656713724136353
0.023491084575653076
0.014420270919799805
0.019964098930358887
0.019153743982315063
0.019370466470718384
0.021346956491470337
0.02061799168586731
0.018514126539230347
0.015234231948852539
0.01678258180618286
0.0211179256439209
0.01679694652557373
0.014838039875030518
0.016389816999435425
0.02035677433013916
0.01935306191444397
0.01618814468383789
0.018656373023986816
0.016408056020736694
0.01527288556098938
0.015858441591262817
0.012763619422912598
0.015221357345581055
0.018466323614120483
0.012837976217269897
0.01664149761199951
0.010201126337051392
0.01660364866256714
0.016935616731643677
0.018105745315551758
0.015127331018447876
0.014422833919525146
0.013741910457611084
0.01755264401435852
0.011489540338516235
0.01692122220993042
0.01301717758178711
0.016305208206176758
0.012076526880264282
0.01513633131980896
0.016998469829559326
0.012913674116134644
0.014422833919525146
0.015872687101364136
0.020063817501068115
0.012816548347473145
0.014484256505966187
0.015395432710647583
0.013425827026367188
0.014912545680999756
0.015260010957717896
0.020630210638046265
0.012129157781600952
0.009492844343185425
0.017593473196029663
0.009948104619979858
0.011795133352279663
0.012210607528686523
0.012162983417510986
0.012631386518478394
0.01436913013458252
0.014355063438415527
0.012446552515029907
0.013084113597869873
0.01748025417327881
0.013425827026367188
0.015927135944366455
0.010471493005752563
0.014479130506515503
0.014274567365646362
0.011184781789779663
0.011438488960266113
0.009091287851333618
0.018430471420288086
0.010259389877319336
0.01444968581199646
0.011589229106903076
0.012729614973068237
0.013319402933120728
0.013772428035736084
0.009001076221466064
0.01465076208114624
0.011689037084579468
0.019626587629318237
0.008769810199737549
0.012065261602401733
0.0132485032081604
0.013607233762741089
0.014497041702270508
0.0112667977809906
0.01578328013420105
0.014443308115005493
0.014704585075378418
0.013081580400466919
0.014573872089385986
0.016548842191696167
0.013199180364608765
0.011287927627563477
0.013234585523605347
0.01394420862197876
0.013454973697662354
0.008802622556686401
0.011609196662902832
0.011056900024414062
0.014726400375366211
0.010830044746398926
0.0150526762008667
0.008161008358001709
0.013118237257003784
0.016202449798583984
0.00924992561340332
0.012012690305709839
0.014784127473831177
0.014037221670150757
0.012729614973068237
0.011319011449813843
0.00796160101890564
0.020308107137680054
0.009808123111724854
0.017268627882003784
0.01320803165435791
0.014046132564544678
0.009892821311950684
0.011863857507705688
0.011882603168487549
0.013463854789733887
0.019393235445022583
0.014224737882614136
0.011296629905700684
0.011356353759765625
0.0116615891456604
0.011281728744506836
0.011575520038604736
0.010659277439117432
0.011499524116516113
0.01091429591178894
0.01180887222290039
0.011056900024414062
0.010796606540679932
0.011709004640579224
0.011109024286270142
0.011253118515014648
0.010812729597091675
0.01161542534828186
0.011871367692947388
0.010841190814971924
0.011137574911117554
0.01189887523651123
0.011966407299041748
0.010883301496505737
0.011867612600326538
0.011850118637084961
0.011163651943206787
