0.29893234372138977
0.1693318486213684
0.029623454436659813
0.019735507667064667
0.017817173153162003
0.01430931594222784
0.01600785180926323
0.014753619208931923
0.013857611455023289
0.01286628283560276
0.013473092578351498
0.012246541678905487
0.013035125099122524
0.011706585995852947
0.012404548935592175
0.01110586803406477
0.01194624975323677
0.010682634077966213
0.011395088396966457
0.010214755311608315
0.010924403555691242
0.009837774559855461
0.010711217299103737
0.009419200010597706
0.010061229579150677
0.008910547941923141
0.009459963999688625
0.00849925447255373
0.00852416455745697
0.007811110466718674
0.007514696568250656
0.006879799999296665
0.00672650383785367
0.006058644503355026
0.006319486536085606
0.0059356470592319965
0.005766730289906263
0.00523133622482419
0.004937475081533194
0.0045440346002578735
0.004451747052371502
0.004517915192991495
0.0042219944298267365
0.004216872155666351
0.003997975494712591
0.003910238854587078
0.004021406639367342
0.0037880134768784046
0.0038729473017156124
0.0037267752923071384
0.0036165707278996706
0.0036005480214953423
0.00348526774905622
0.00351596437394619
0.0034496034495532513
0.0034565404057502747
0.0032969911117106676
0.0033447749447077513
0.0032165434677153826
0.0031452516559511423
0.0031925260554999113
0.003240390680730343
0.0030964910984039307
0.003126705065369606
0.003272086149081588
0.003076396184042096
0.003039394970983267
0.003101774025708437
0.003101922105997801
0.003199914935976267
0.0030402038246393204
0.003129691584035754
0.003036702750250697
0.0030276405159384012
0.0032405960373580456
0.0029985615983605385
0.003096950938925147
0.0030067437328398228
0.003122617956250906
0.003001851262524724
0.0031432672403752804
0.002977498574182391
0.003044593147933483
0.0030176034197211266
0.0029686219058930874
0.0029989294707775116
0.0029842425137758255
0.00320816389285028
0.002985230879858136
0.0030636126175522804
0.0030678517650812864
0.0029847801197320223
0.0029751223046332598
0.0029763178899884224
0.00295771355740726
0.003012730274349451
0.0029661348089575768
0.0029635620303452015
0.003113914281129837
0.003000947879627347
0.0029624169692397118
0.002961111720651388
0.003041220596060157
0.002947969129309058
0.0029695797711610794
0.0029478820506483316
0.0029799749609082937
0.0030396461952477694
0.00301928399130702
0.0029614826198667288
0.0030972359236329794
0.0029760769102722406
0.0031036590225994587
0.0029837090987712145
0.002943282015621662
0.0030070506036281586
0.0029675906989723444
0.0030386890284717083
0.0029701374005526304
0.002986944280564785
0.002980319783091545
0.0029864106327295303
0.003037489717826247
0.0030014084186404943
0.002987566404044628
0.002943141618743539
0.0029643590096384287
0.002968640299513936
0.0029553917702287436
0.002941037528216839
0.002955808537080884
0.002960416954010725
0.002954615280032158
0.00300981174223125
0.0031246100552380085
0.003014630638062954
0.0029918167274445295
0.002942163497209549
0.0030841100960969925
0.0029497758951038122
0.0030104562174528837
0.002945973537862301
0.0029805712401866913
0.0029573950450867414
0.0029774883296340704
0.0029445199761539698
0.002959675155580044
0.0029573740903288126
0.0029801412019878626
0.002975557232275605
0.0030033017974346876
0.003014838555827737
0.00294756842777133
0.003004309721291065
0.002945956075564027
0.0030223417561501265
0.0029910074081271887
0.0029916963540017605
0.002936156000941992
0.00297681987285614
0.0029372486751526594
0.0029589831829071045
0.0029510275926440954
0.0030249636620283127
0.002954759867861867
0.0030106266494840384
0.002968327607959509
0.003061816096305847
0.0029058039654046297
0.001411277917213738
0.0009255287586711347
0.0008365652756765485
0.0007004828657954931
0.0007188085000962019
0.0009552995907142758
0.0006640964420512319
0.0007990135345607996
0.0007898662006482482
0.0007950416184030473
0.0005961520364508033
0.0005485941073857248
0.0007855198928155005
0.0005180386360734701
0.0004986068233847618
0.0008099086699075997
0.0004589666204992682
0.0004319279396440834
0.0005403432878665626
0.0004229979822412133
0.0007247365429066122
0.0006928687216714025
0.00039625121280550957
0.00048613204853609204
0.0004494361055549234
0.0004642099083866924
0.0007284649182111025
0.0007109969737939537
0.0005471395561471581
0.000414316076785326
0.000394359027268365
0.000528178527019918
0.00046609312994405627
0.0005660305032506585
0.0007556299678981304
0.0003465459740255028
0.00040104915387928486
0.00042006830335594714
0.0004704990133177489
0.0003177885664626956
0.0004466545069590211
0.0004593039338942617
0.0004253744555171579
0.0004023166256956756
0.0007001344347372651
0.00032135986839421093
0.00044238584814593196
0.0004436749732121825
0.0005225571221671999
0.00037242460530251265
0.0002966765605378896
0.0005600235890597105
0.00033819745294749737
0.0003784798027481884
0.0002996243420056999
0.00046458447468467057
0.0003422398876864463
0.00032497511710971594
0.00039680919144302607
0.0006177237955853343
0.0003305388381704688
0.0005419166409410536
0.0007415071013383567
0.00038210159982554615
0.0003769627946894616
0.0003818409168161452
0.0005356232868507504
0.00033275221358053386
0.00029173371149227023
0.00047753172111697495
0.0005774502060376108
0.0011419635266065598
0.0007548202411271632
0.0003639815840870142
0.00044313189573585987
0.0007495625177398324
0.00031715104705654085
0.0003688207652885467
0.0003094676067121327
0.00030482260626740754
0.0005640628514811397
0.0005234130658209324
0.00032384254154749215
0.0003994355211034417
0.00037911764229647815
0.0003751446201931685
0.00036875210935249925
0.0003431931836530566
0.0003690742014441639
0.0003742465632967651
0.00042916019447147846
0.00038184484583325684
0.0003499476588331163
0.00037530777626670897
0.0003520920581649989
0.00034601520746946335
0.0003607681719586253
0.0003399949346203357
0.0004063985834363848
0.00037729833275079727
0.0003574512666091323
0.00035683828173205256
0.00036292444565333426
0.0003433366946410388
0.00037082054768688977
0.0003995904990006238
0.0003862117591779679
