245.93275451660156
106.97801208496094
5.749040126800537
0.37013185024261475
0.6641980409622192
0.6201582551002502
0.5448691844940186
0.49446141719818115
0.5282736420631409
0.5323159098625183
0.4588043689727783
0.5375353097915649
0.4558241367340088
0.5198661684989929
0.4324150085449219
0.5364810228347778
0.4307963252067566
0.4858347177505493
0.4321223795413971
0.47629547119140625
0.45563027262687683
0.4610697627067566
0.4167361557483673
0.47196564078330994
0.4318554997444153
0.48238977789878845
0.4246523380279541
0.44222164154052734
0.46889379620552063
0.45140212774276733
0.48688796162605286
0.4331095218658447
0.40302935242652893
0.39930400252342224
0.3746027946472168
0.3474262058734894
0.3806455135345459
0.32027748227119446
0.32258015871047974
0.32607850432395935
0.3123962879180908
0.25986841320991516
0.29378658533096313
0.25722840428352356
0.24709340929985046
0.27975860238075256
0.24542102217674255
0.2728472948074341
0.24943283200263977
0.2521332800388336
0.28208184242248535
0.3035314977169037
0.21528801321983337
0.2820604145526886
0.2969842851161957
0.3999270498752594
0.378963828086853
0.4700697064399719
0.4630174934864044
0.5035109519958496
0.4435475766658783
0.4736860394477844
0.4152667224407196
0.5096216797828674
0.43551936745643616
0.5220362544059753
0.4411047101020813
0.5342453122138977
0.5286923050880432
0.425123393535614
0.4712803363800049
0.4174547493457794
0.5260005593299866
0.4125853478908539
0.37607696652412415
0.4228747487068176
0.32952943444252014
0.4509153664112091
0.43925076723098755
0.43234923481941223
0.3862033784389496
0.3623456060886383
0.41977402567863464
0.3301292657852173
0.31732842326164246
0.3494546413421631
0.31842219829559326
0.2608306109905243
0.38206228613853455
0.30319643020629883
0.30702313780784607
0.2777950167655945
0.3098323941230774
0.26658111810684204
0.2646867334842682
0.2794555425643921
0.26194101572036743
0.28034496307373047
0.26943516731262207
0.3019463121891022
0.2229897528886795
0.2526562809944153
0.24930499494075775
0.2441050261259079
0.24181242287158966
0.19560188055038452
0.22855862975120544
0.2140040397644043
0.1789504885673523
0.2565269470214844
0.2150139957666397
0.22196942567825317
0.20286372303962708
0.1804230958223343
0.20366285741329193
0.19065481424331665
0.2562139630317688
0.1777551919221878
0.19461145997047424
0.1707129329442978
0.20748519897460938
0.1856875866651535
0.1953180581331253
0.15409408509731293
0.2191687375307083
0.1634977012872696
0.17310968041419983
0.17753402888774872
0.16112089157104492
0.15626634657382965
0.16202768683433533
0.15657958388328552
0.17359916865825653
0.14718052744865417
0.1757194548845291
0.18339009582996368
0.1746194064617157
0.16200074553489685
0.15752381086349487
0.18177495896816254
0.1638754904270172
0.15483486652374268
0.1802680492401123
0.16840828955173492
0.1848226934671402
0.16454462707042694
0.158829927444458
0.1846594512462616
0.14146491885185242
0.19492201507091522
0.14813348650932312
0.14650730788707733
0.14045850932598114
0.14376023411750793
0.1459169238805771
0.15087838470935822
0.13327114284038544
0.1736728698015213
0.1422639638185501
0.14042231440544128
0.1322535127401352
0.1461622714996338
0.1357494741678238
0.1266915500164032
0.14059942960739136
0.12192992866039276
0.13108067214488983
0.12447912991046906
0.1470993608236313
0.11986140161752701
0.11492425203323364
0.11941955238580704
0.1130092442035675
0.10423575341701508
0.08045633137226105
0.13703443109989166
0.13679912686347961
0.09894156455993652
0.13831597566604614
0.12564577162265778
0.12017722427845001
0.12179813534021378
0.10436815023422241
0.09371685236692429
0.10490120947360992
0.11353607475757599
0.11903078109025955
0.08676386624574661
0.11417409032583237
0.09228882193565369
0.10727232694625854
0.103833869099617
0.09147144854068756
0.12304757535457611
0.1152024045586586
0.13031302392482758
0.08623359352350235
0.10654181987047195
0.08816716820001602
0.10304120928049088
0.09643156081438065
0.09305647015571594
0.09614177793264389
0.12775962054729462
0.08334458619356155
0.08715754747390747
0.06732527166604996
0.1309090405702591
0.0976315587759018
0.10706831514835358
0.08402271568775177
0.09951160103082657
0.08397658914327621
0.07350524514913559
0.07506100833415985
0.07930365949869156
0.08747819811105728
0.08356369286775589
0.07408258318901062
0.07426649332046509
0.07990424335002899
0.08907423168420792
0.06473325192928314
0.06800995022058487
0.10367603600025177
0.07390146702528
0.07763153314590454
0.07017994672060013
0.08638318628072739
0.07473442703485489
0.08483375608921051
0.08075986057519913
0.07504230737686157
0.09870264679193497
0.08492167294025421
0.07239753007888794
0.0729469358921051
0.0733422338962555
0.06953717768192291
0.08418749272823334
0.07818811386823654
0.09005982428789139
0.062483131885528564
0.06755392998456955
0.07837801426649094
0.08859948813915253
0.07041763514280319
0.06614473462104797
0.07087486982345581
0.05899942293763161
0.06323479115962982
0.08016462624073029
0.08459919691085815
0.10891081392765045
0.08157513290643692
0.09377741068601608
0.0994110256433487
0.09627428650856018
0.08533615618944168
0.07374632358551025
0.08089128136634827
0.08486852049827576
0.08217226713895798
0.08450151979923248
0.09517350047826767
0.09199745953083038
0.08156098425388336
0.09256897866725922
0.07848340272903442
0.08923230320215225
0.07995201647281647
0.09815318882465363
0.0892079621553421
0.08339843153953552
0.09047342091798782
0.08858297765254974
