0.31475701928138733
0.13973690569400787
0.01116915512830019
0.005913999862968922
0.005834008101373911
0.005242097191512585
0.005354546010494232
0.005197662394493818
0.0050787064246833324
0.0049467748031020164
0.0049879224970936775
0.004827284719794989
0.004894026089459658
0.0047088381834328175
0.0047709038481116295
0.004593047313392162
0.004669076297432184
0.004495604895055294
0.004557853098958731
0.004408842884004116
0.004460926633328199
0.004333624616265297
0.004387243650853634
0.004249877762049437
0.004262346308678389
0.004139136057347059
0.004119423683732748
0.003998782020062208
0.003922766074538231
0.003787251189351082
0.0036288395058363676
0.003426759038120508
0.003182044718414545
0.0029607750475406647
0.0028182060923427343
0.0027578622102737427
0.00271148351021111
0.002635371405631304
0.002590982709079981
0.002553501632064581
0.0025384793989360332
0.002506459364667535
0.0024731094017624855
0.0024483795277774334
0.0024171548429876566
0.002394031500443816
0.0023752490524202585
0.002350432798266411
0.0023226470220834017
0.0022898614406585693
0.0022466666996479034
0.0022011538967490196
0.002121873665601015
0.001992197008803487
0.0018168848473578691
0.0016769872745499015
0.0015604754444211721
0.00149768334813416
0.0014563198201358318
0.0014096633531153202
0.0013484526425600052
0.0013032536953687668
0.0012806515442207456
0.001268718857318163
0.0012154639698565006
0.0011912218760699034
0.0011567099718376994
0.0011549718910828233
0.001147816190496087
0.001077092019841075
0.0010693763615563512
0.00103959406260401
0.0010777481365948915
0.000994423869997263
0.0009767392184585333
0.0009739341912791133
0.0009241143707185984
0.0009667248814366758
0.0009707240387797356
0.0009415323729626834
0.0009249167051166296
0.0009037235868163407
0.0009129444370046258
0.0008587713236920536
0.0008540692506358027
0.0008646386559121311
0.0008385741384699941
0.0008652451797388494
0.0008630809024907649
0.0008620628505013883
0.0008180568693205714
0.0008047197479754686
0.0008159520220942795
0.0007860582554712892
0.0007756993873044848
0.0007935548783279955
0.0007645839941687882
0.0007723511080257595
0.0008098935359157622
0.0007971713785082102
0.0007433001883327961
0.0007598960655741394
0.0007502999505959451
0.000751681684050709
0.0007383404881693423
0.0007523323292843997
0.0007350108935497701
0.0007333557587116957
0.0007311300141736865
0.0007444877992384136
0.0007518679485656321
0.0007258684490807354
0.0007424678187817335
0.0007472162251360714
0.0007156767533160746
0.0007240654667839408
0.0007394793792627752
0.0007231297786347568
0.0007146938587538898
0.0007019818876869977
0.0007050647982396185
0.0007030576816760004
0.0007042157230898738
0.0007223183638416231
0.0007360739982686937
0.0006888147909194231
0.0006914777914062142
0.0006906407652422786
0.0006986866937950253
0.0006930315867066383
0.0006807444151490927
0.0006845698808319867
0.0006861808360554278
0.0007045315578579903
0.0007008512038737535
0.0007148730219341815
0.0006762408302165568
0.000693363428581506
0.0006975465221330523
0.0006858573760837317
0.000688949367031455
0.0006681538070552051
0.0006754525820724666
0.0006706130807287991
0.0006984706269577146
0.0006746395956724882
0.0006771967746317387
0.0006832617218606174
0.0006637086044065654
0.0007179890526458621
0.0006703416584059596
0.0006730150198563933
0.0006709398003295064
0.0006625333917327225
0.0006635916070081294
0.0006656110635958612
0.0006730778841301799
0.0006753956549800932
0.0006649144925177097
0.0006622444489039481
0.0006585678784176707
0.0006746897124685347
0.0006530492682941258
0.0006712928880006075
0.0006572810234501958
0.0006530194077640772
0.000654964242130518
0.0007117518689483404
0.0006596152670681477
0.00038967980071902275
0.00033177563454955816
0.0003066901408601552
0.00030134475673548877
0.00029842607909813523
0.0004250260826665908
0.00029605109011754394
0.0003699831140693277
0.00035512546310201287
0.00035307067446410656
0.00030178474844433367
0.00028097437461838126
0.0003219472127966583
0.00027074042009189725
0.000265188398770988
0.0003292062319815159
0.00026677813730202615
0.0002708739775698632
0.00031968526309356093
0.00026356455055065453
0.00031275770743377507
0.0003175745077896863
0.0002594117831904441
0.00026124645955860615
0.00026682010502554476
0.0002644032647367567
0.0003258214273955673
0.00037691183388233185
0.000269460171693936
0.00025540648493915796
0.00025651432224549353
0.0002570426440797746
0.00025066451053135097
0.0002640621387399733
0.0003343315329402685
0.000246060750214383
0.0002496214001439512
0.0003370664198882878
0.00030050642089918256
0.00023718230659142137
0.0002523511357139796
0.00025028345407918096
0.00026644146419130266
0.0002330661955056712
0.00028386490885168314
0.00023970584152266383
0.00025339628336951137
0.00024613659479655325
0.0002663803461473435
0.0002837267820723355
0.0002247817174065858
0.00024995379499159753
0.0002353375602979213
0.0002387373533565551
0.00022689135221298784
0.0002740368072409183
0.00021988475054968148
0.0002221778267994523
0.00025305565213784575
0.000261000357568264
0.00024719745852053165
0.00027471562498249114
0.0002843359543476254
0.00027971595409326255
0.0002460138057358563
0.0002262919588247314
0.00027952517848461866
0.00023662247986067086
0.00021840512636117637
0.0002258195454487577
0.00027912636869587004
0.0004920573555864394
0.00026683395844884217
0.00029670388903468847
0.00022771659132558852
0.0002892019983846694
0.0002130610664607957
0.00021817052038386464
0.00021556727006100118
0.00022197543876245618
0.0003779112594202161
0.0002460456162225455
0.0002152385568479076
0.0002248372184112668
0.00023911269090604037
0.00022066861856728792
0.0002295386657351628
0.00022437948791775852
0.00022954153246246278
0.0002194082480855286
0.00022672576596960425
0.0002212055551353842
0.00021740196098107845
0.0002221890608780086
0.00021916505647823215
0.0002253340935567394
0.00022330736101139337
0.0002192453102907166
0.00023372445139102638
0.00021818969980813563
0.0002229587989859283
0.00022283493308350444
0.00023433145543094724
0.00022083531075622886
0.00022487253590952605
0.00023117384989745915
0.00022522665676660836
