1.2658706903457642
0.8039337992668152
0.3180310130119324
0.17088547348976135
0.19026239216327667
0.21046797931194305
0.17550326883792877
0.18654417991638184
0.1918627768754959
0.20862933993339539
0.19046585261821747
0.20893535017967224
0.18743343651294708
0.20838724076747894
0.18673524260520935
0.20662592351436615
0.18370302021503448
0.20208890736103058
0.18172518908977509
0.19767850637435913
0.17964054644107819
0.19323183596134186
0.17702440917491913
0.19086691737174988
0.17801909148693085
0.18995115160942078
0.17814621329307556
0.18701599538326263
0.18056434392929077
0.18687288463115692
0.18112456798553467
0.18491093814373016
0.17376594245433807
0.17694564163684845
0.1656930297613144
0.1689070463180542
0.16764743626117706
0.17672431468963623
0.17664191126823425
0.183237224817276
0.18306192755699158
0.1832803338766098
0.18586334586143494
0.18458424508571625
0.18415333330631256
0.18597939610481262
0.18174156546592712
0.18543754518032074
0.18198077380657196
0.18282487988471985
0.18425187468528748
0.1856711208820343
0.18365150690078735
0.18398909270763397
0.18388481438159943
0.18290096521377563
0.18150436878204346
0.18059150874614716
0.18107089400291443
0.18255499005317688
0.17998109757900238
0.17996683716773987
0.18107934296131134
0.18083353340625763
0.17820727825164795
0.18241915106773376
0.18240803480148315
0.18123915791511536
0.17980562150478363
0.1783447563648224
0.18139433860778809
0.17832159996032715
0.18059876561164856
0.18283237516880035
0.17700286209583282
0.18124037981033325
0.17829039692878723
0.18063169717788696
0.17823241651058197
0.1803411841392517
0.17754308879375458
0.1810244470834732
0.17880584299564362
0.17966529726982117
0.18163549900054932
0.18053099513053894
0.1821247786283493
0.17720629274845123
0.18104992806911469
0.1787373125553131
0.17792384326457977
0.1813487857580185
0.18105745315551758
0.1802738755941391
0.18072552978992462
0.17879536747932434
0.1802782565355301
0.18021056056022644
0.17733871936798096
0.182195246219635
0.18051081895828247
0.1812152862548828
0.17774149775505066
0.18048134446144104
0.17972294986248016
0.18091031908988953
0.1796061247587204
0.17820346355438232
0.17826315760612488
0.18126675486564636
0.17720547318458557
0.18139192461967468
0.17762956023216248
0.18035374581813812
0.18071132898330688
0.1789180338382721
0.18160098791122437
0.17827756702899933
0.18140625953674316
0.17935319244861603
0.1788167506456375
0.1793212741613388
0.17812202870845795
0.1796116977930069
0.18077369034290314
0.18090127408504486
0.17967621982097626
0.1799630969762802
0.1799573004245758
0.18106156587600708
0.18001633882522583
0.18026696145534515
0.18101559579372406
0.179380401968956
0.17748862504959106
0.18298450112342834
0.17871931195259094
0.18161647021770477
0.1775234341621399
0.18119221925735474
0.17871466279029846
0.18028229475021362
0.17927402257919312
0.17969906330108643
0.17994184792041779
0.18155056238174438
0.179825097322464
0.18087489902973175
0.1788136512041092
0.18067416548728943
0.17864453792572021
0.17861494421958923
0.17992866039276123
0.1790565401315689
0.18062952160835266
0.1786821186542511
0.179332435131073
0.17941591143608093
0.1810046285390854
0.17981211841106415
0.1805098056793213
0.1807851940393448
0.18001678586006165
0.1788935661315918
0.17994551360607147
0.17911459505558014
0.17974796891212463
0.17911671102046967
0.18340206146240234
0.2097325325012207
0.20774729549884796
0.20205289125442505
0.20185574889183044
0.20412400364875793
0.19878534972667694
0.19972552359104156
0.20111843943595886
0.2002112865447998
0.20087185502052307
0.2008146494626999
0.19854797422885895
0.20161157846450806
0.19745130836963654
0.20010621845722198
0.19637615978717804
0.19949044287204742
0.19711947441101074
0.1992538422346115
0.19775789976119995
0.19486995041370392
0.1971871256828308
0.1963443160057068
0.19403330981731415
0.19486941397190094
0.19426067173480988
0.19757580757141113
0.19345775246620178
0.19336478412151337
0.19365696609020233
0.19585555791854858
0.19651088118553162
0.19360215961933136
0.19231168925762177
0.19725565612316132
0.19427184760570526
0.19452030956745148
0.19392718374729156
0.19367365539073944
0.19405412673950195
0.19605331122875214
0.19278667867183685
0.19366100430488586
0.19271335005760193
0.1974431574344635
0.1934002786874771
0.1923399120569229
0.1924816519021988
0.19246222078800201
0.19353944063186646
0.193994402885437
0.19495037198066711
0.19298075139522552
0.19233359396457672
0.19400356709957123
0.1934017390012741
0.19432568550109863
0.19279199838638306
0.1929500848054886
0.1946502923965454
0.19426849484443665
0.19438539445400238
0.19119663536548615
0.19249765574932098
0.1938968151807785
0.1929149627685547
0.1920633763074875
0.19235293567180634
0.1934049278497696
0.1904587745666504
0.1946408748626709
0.19004005193710327
0.19595643877983093
0.19252009689807892
0.19493071734905243
0.18945355713367462
0.19189424812793732
0.19359907507896423
0.19330093264579773
0.19282060861587524
0.19160661101341248
0.19384914636611938
0.19153225421905518
0.19113199412822723
0.19121262431144714
0.191255122423172
0.19128543138504028
0.19134943187236786
0.19121959805488586
0.1912442445755005
0.19113947451114655
0.19125722348690033
0.19148433208465576
0.19123971462249756
0.19149930775165558
0.1913580596446991
0.19120430946350098
0.19150131940841675
0.1911977082490921
0.19134053587913513
0.19130080938339233
0.19132907688617706
0.19124144315719604
0.19142967462539673
0.19121254980564117
0.19115857779979706
0.19131001830101013
