1.265875220298767
0.8040241003036499
0.31806567311286926
0.17089153826236725
0.1902795284986496
0.21047639846801758
0.1755075752735138
0.18654896318912506
0.1918708086013794
0.20863674581050873
0.19046854972839355
0.20894268155097961
0.18743722140789032
0.20840148627758026
0.18674787878990173
0.20664721727371216
0.18371713161468506
0.20211252570152283
0.18173587322235107
0.1977095752954483
0.1796567589044571
0.1932654231786728
0.1770433634519577
0.1909114569425583
0.1780465692281723
0.18997354805469513
0.178174689412117
0.18703779578208923
0.1805984079837799
0.1869015246629715
0.18114662170410156
0.1849329024553299
0.17379239201545715
0.176965594291687
0.16571030020713806
0.16892383992671967
0.16765981912612915
0.17672684788703918
0.17665179073810577
0.183248370885849
0.18307320773601532
0.18327565491199493
0.18585912883281708
0.18459130823612213
0.18415844440460205
0.1859801858663559
0.18174639344215393
0.18545185029506683
0.18198461830615997
0.1828320324420929
0.1842499077320099
0.18567946553230286
0.18366120755672455
0.18399262428283691
0.18389233946800232
0.18289408087730408
0.18151447176933289
0.18060989677906036
0.18107275664806366
0.18255780637264252
0.1799868494272232
0.17997393012046814
0.18108205497264862
0.1808357536792755
0.1782163679599762
0.1824238896369934
0.1824178397655487
0.18124957382678986
0.1798158437013626
0.17834866046905518
0.18139486014842987
0.17833374440670013
0.18060459196567535
0.18284040689468384
0.17701750993728638
0.18124543130397797
0.1783067137002945
0.1806364804506302
0.17825070023536682
0.1803392469882965
0.17756231129169464
0.1810379922389984
0.17881694436073303
0.17967377603054047
0.18164487183094025
0.1805347353219986
0.18212924897670746
0.17721940577030182
0.181052565574646
0.17873769998550415
0.17793044447898865
0.18135908246040344
0.18106666207313538
0.1802787482738495
0.18073156476020813
0.17880937457084656
0.18028877675533295
0.18021966516971588
0.1773378849029541
0.18220309913158417
0.1805216521024704
0.18121793866157532
0.17774051427841187
0.18049561977386475
0.17973728477954865
0.18091411888599396
0.17961134016513824
0.17820560932159424
0.1782645881175995
0.1812722533941269
0.17720770835876465
0.18140259385108948
0.1776380091905594
0.18037334084510803
0.1807226538658142
0.17892205715179443
0.18161095678806305
0.17828568816184998
0.18141572177410126
0.1793668568134308
0.17882831394672394
0.17933784425258636
0.17813268303871155
0.17961746454238892
0.18077655136585236
0.18090668320655823
0.17969046533107758
0.1799725741147995
0.1799522489309311
0.1810717135667801
0.18002837896347046
0.18027815222740173
0.18102309107780457
0.17938973009586334
0.17749705910682678
0.1829862743616104
0.1787179708480835
0.1816221922636032
0.17752961814403534
0.18120409548282623
0.17872507870197296
0.1802886575460434
0.17928028106689453
0.17970384657382965
0.17994718253612518
0.18155644834041595
0.17983047664165497
0.18087998032569885
0.1788254678249359
0.18067602813243866
0.17864976823329926
0.17862312495708466
0.17993208765983582
0.17906369268894196
0.18064144253730774
0.17869260907173157
0.17934183776378632
0.17942845821380615
0.1810084730386734
0.17982777953147888
0.1805107444524765
0.1807849258184433
0.1800280064344406
0.17890064418315887
0.17995527386665344
0.17912301421165466
0.17975138127803802
0.1791227161884308
0.1834172159433365
0.20972825586795807
0.207736536860466
0.20204314589500427
0.20184500515460968
0.20411773025989532
0.1987885683774948
0.199726402759552
0.2011062651872635
0.20020705461502075
0.20086537301540375
0.20080003142356873
0.19853664934635162
0.201602965593338
0.19744572043418884
0.20009109377861023
0.19637425243854523
0.19948618113994598
0.19711117446422577
0.19924399256706238
0.19775202870368958
0.19485622644424438
0.19717952609062195
0.19633081555366516
0.194022998213768
0.19485034048557281
0.19426177442073822
0.19756819307804108
0.19344733655452728
0.19336184859275818
0.1936495006084442
0.1958407759666443
0.19650578498840332
0.1935889720916748
0.19230639934539795
0.19724474847316742
0.1942736804485321
0.19452451169490814
0.1939193308353424
0.19366562366485596
0.1940460205078125
0.19605113565921783
0.1927710771560669
0.19364120066165924
0.19270963966846466
0.19742637872695923
0.19338105618953705
0.19233430922031403
0.1924717277288437
0.19246342778205872
0.19351905584335327
0.19398368895053864
0.19493186473846436
0.1929549127817154
0.19233465194702148
0.19399945437908173
0.19338318705558777
0.1943172961473465
0.19278143346309662
0.19294919073581696
0.1946454644203186
0.1942695677280426
0.19437557458877563
0.19118954241275787
0.19250136613845825
0.19388237595558167
0.19291062653064728
0.19205643236637115
0.1923377811908722
0.19339999556541443
0.19045862555503845
0.19463688135147095
0.19003747403621674
0.19594700634479523
0.19250944256782532
0.19491437077522278
0.1894380897283554
0.19187882542610168
0.1935868114233017
0.19329124689102173
0.19281461834907532
0.19160759449005127
0.19383156299591064
0.19182071089744568
0.19164487719535828
0.19192816317081451
0.19199766218662262
0.19199174642562866
0.1919226199388504
0.1917722225189209
0.19182948768138885
0.19166132807731628
0.19209949672222137
0.192207470536232
0.19189096987247467
0.19210629165172577
0.19198103249073029
0.19169321656227112
0.1919921338558197
0.1919240802526474
0.1919296532869339
0.19190676510334015
0.191856250166893
0.19176991283893585
0.19189181923866272
0.19168701767921448
0.1917487233877182
0.19197534024715424
