-0.029428720474243164
-0.009819984436035156
-0.0011057853698730469
-0.00015044212341308594
-0.0002853870391845703
-0.00015616416931152344
-8.988380432128906e-05
-8.749961853027344e-05
-0.00016188621520996094
-0.0001304149627685547
-4.649162292480469e-05
-0.00015091896057128906
-5.745887756347656e-05
-0.0002827644348144531
-0.0002307891845703125
-0.0004291534423828125
-0.00026488304138183594
-0.00044536590576171875
-0.00020432472229003906
-0.0006115436553955078
-0.0003371238708496094
-0.0006937980651855469
-0.00041413307189941406
-0.0009052753448486328
-0.0005536079406738281
-0.0005099773406982422
-0.0006070137023925781
-0.0004925727844238281
-0.0007522106170654297
-0.0006513595581054688
-0.0005390644073486328
-0.0005090236663818359
-0.0007321834564208984
-0.0008466243743896484
-0.0005621910095214844
-0.0006046295166015625
-0.0007300376892089844
-0.0009043216705322266
-0.0006527900695800781
-0.0007326602935791016
-0.0005218982696533203
-0.0005183219909667969
-0.0007777214050292969
-0.0007259845733642578
-0.0007524490356445312
-0.0007681846618652344
-0.0007007122039794922
-0.00044846534729003906
-0.0006079673767089844
-0.0005438327789306641
-0.0008525848388671875
-0.0004904270172119141
-0.0005266666412353516
-0.0005085468292236328
-0.0005068778991699219
-0.0005445480346679688
-0.0006110668182373047
-0.0006988048553466797
-0.0007643699645996094
-0.0005538463592529297
-0.0005159378051757812
-0.0004971027374267578
-0.0006647109985351562
-0.0008702278137207031
-0.0006618499755859375
-0.0008442401885986328
-0.0006110668182373047
-0.0006871223449707031
-0.0006670951843261719
-0.00044345855712890625
-0.0005412101745605469
-0.0006709098815917969
-0.0006699562072753906
-0.000431060791015625
-0.0005578994750976562
-0.0005714893341064453
-0.00040268898010253906
-0.0007970333099365234
-0.0008072853088378906
-0.0007545948028564453
-0.0008320808410644531
-0.00101470947265625
-0.0009000301361083984
-0.0008893013000488281
-0.0006372928619384766
-0.0006058216094970703
-0.00047397613525390625
-0.0007469654083251953
-0.0004885196685791016
-0.0008680820465087891
-0.0008118152618408203
-0.0005924701690673828
-0.0006761550903320312
-0.0004839897155761719
-0.0005173683166503906
-0.0009076595306396484
-0.0006687641143798828
-0.0007069110870361328
-0.0005676746368408203
-0.0008337497711181641
-0.0007748603820800781
-0.0006041526794433594
-0.0006387233734130859
-0.0007901191711425781
-0.0009031295776367188
-0.000774383544921875
-0.0006902217864990234
-0.0005578994750976562
-0.0002460479736328125
-0.0007193088531494141
-0.0006253719329833984
-0.0006837844848632812
-0.0006508827209472656
-0.0009009838104248047
-0.000598907470703125
-0.0006136894226074219
-0.0010075569152832031
-0.0005905628204345703
-0.0007717609405517578
-0.0007545948028564453
-0.0006670951843261719
-0.0006566047668457031
-0.0005364418029785156
-0.0007145404815673828
-0.0005736351013183594
-0.0005848407745361328
-0.0006880760192871094
-0.000614166259765625
-0.0005533695220947266
-0.0006830692291259766
-0.0007078647613525391
-0.0004889965057373047
-0.0005402565002441406
-0.0005986690521240234
-0.0009038448333740234
-0.0004432201385498047
-0.0005676746368408203
-0.0007679462432861328
-0.0007541179656982422
-0.0006387233734130859
-0.0006649494171142578
-0.0005195140838623047
-0.0006976127624511719
-0.0005488395690917969
-0.0008757114410400391
-0.0006000995635986328
-0.0007481575012207031
-0.0007781982421875
-0.0007469654083251953
-0.000675201416015625
-0.0005428791046142578
-0.00037407875061035156
-0.0005631446838378906
-0.0006384849548339844
-0.0005469322204589844
-0.0007717609405517578
-0.0006010532379150391
-0.0008213520050048828
-0.0006008148193359375
-0.0006916522979736328
-0.000576019287109375
-0.0007843971252441406
-0.0006976127624511719
-0.0005910396575927734
-0.0007374286651611328
-0.0006473064422607422
-0.0008106231689453125
-0.0007460117340087891
-0.0009875297546386719
-0.0005552768707275391
-0.0009257793426513672
-0.0005576610565185547
-0.0007622241973876953
-0.0009019374847412109
-0.0006902217864990234
-0.0005164146423339844
-0.0009953975677490234
-0.0008828639984130859
-0.0010673999786376953
-0.0006136894226074219
-0.0007345676422119141
-0.0004627704620361328
-0.0007655620574951172
-0.0006284713745117188
-0.0008099079132080078
-0.0009729862213134766
-0.0009257793426513672
-0.0008716583251953125
-0.0009629726409912109
-0.000743865966796875
-0.0008449554443359375
-0.0009169578552246094
-0.0007424354553222656
-0.0009758472442626953
-0.0007822513580322266
-0.0006768703460693359
-0.0006399154663085938
-0.0009729862213134766
-0.0008590221405029297
-0.000988006591796875
-0.0008547306060791016
-0.000904083251953125
-0.0009665489196777344
-0.00086212158203125
-0.0007159709930419922
-0.0007104873657226562
-0.0007719993591308594
-0.0009670257568359375
-0.0006954669952392578
-0.0008876323699951172
-0.0008056163787841797
-0.0011050701141357422
-0.0009322166442871094
-0.001031637191772461
-0.0005486011505126953
-0.0008299350738525391
-0.0009391307830810547
-0.0008530616760253906
-0.000896453857421875
-0.0008113384246826172
-0.0007529258728027344
-0.0007605552673339844
-0.0006866455078125
-0.0008151531219482422
-0.0006778240203857422
-0.0007369518280029297
-0.0007882118225097656
-0.0006046295166015625
-0.0006275177001953125
-0.0007507801055908203
-0.0007550716400146484
-0.0007808208465576172
-0.0007925033569335938
-0.000766754150390625
-0.0009200572967529297
-0.0007076263427734375
-0.0009319782257080078
-0.0006933212280273438
-0.0005190372467041016
-0.0007517337799072266
-0.0007541179656982422
-0.0007984638214111328
-0.000701904296875
-0.0008435249328613281
-0.0008370876312255859
-0.0005419254302978516
-0.0008094310760498047
-0.0007693767547607422
-0.0005826950073242188
-0.0006186962127685547
-0.0008456707000732422
-0.0005421638488769531
-0.0007238388061523438
-0.0009593963623046875
-0.001013040542602539
-0.0009634494781494141
-0.0007402896881103516
-0.0007803440093994141
-0.0008563995361328125
-0.0007946491241455078
-0.0011529922485351562
-0.0009989738464355469
-0.0008783340454101562
-0.0008628368377685547
-0.0008306503295898438
-0.000690460205078125
-0.0007157325744628906
-0.0010356903076171875
-0.0008504390716552734
-0.0008437633514404297
-0.0007162094116210938
-0.000705718994140625
-0.0006229877471923828
-0.0006961822509765625
-0.0008344650268554688
-0.0009770393371582031
