0.6045165061950684
0.40591487288475037
0.1707131713628769
0.09334694594144821
0.10698428750038147
0.11702065914869308
0.09876662492752075
0.1054404228925705
0.10939928144216537
0.11954721063375473
0.10986287146806717
0.12130483984947205
0.10953190922737122
0.12291902303695679
0.1107499748468399
0.12373112142086029
0.11035187542438507
0.1228502169251442
0.11040298640727997
0.12156316637992859
0.11002539098262787
0.11974131315946579
0.10904119163751602
0.11857450008392334
0.10993988811969757
0.11794351041316986
0.1101742833852768
0.11583476513624191
0.11195141822099686
0.11570674180984497
0.11265163868665695
0.11511298269033432
0.10980987548828125
0.11190900206565857
0.10646354407072067
0.10819851607084274
0.10812903195619583
0.11128856241703033
0.11170975118875504
0.11515287309885025
0.11489315330982208
0.11458398401737213
0.11652613431215286
0.11568554490804672
0.11619368940591812
0.11724916845560074
0.11505799740552902
0.11719960719347
0.11540742963552475
0.11627940088510513
0.11766000837087631
0.11858384311199188
0.11735594272613525
0.11781906336545944
0.1179717406630516
0.11748407781124115
0.11685795336961746
0.11637620627880096
0.11688125878572464
0.11805951595306396
0.11649177223443985
0.11651432514190674
0.11748620122671127
0.11736832559108734
0.11590484529733658
0.11857959628105164
0.11882960796356201
0.11798930913209915
0.11723236739635468
0.11631651222705841
0.11851184070110321
0.11655980348587036
0.11814787238836288
0.11953810602426529
0.11579225212335587
0.11861643940210342
0.11659245193004608
0.11826249212026596
0.11688832938671112
0.11813864856958389
0.11657315492630005
0.1188226267695427
0.11745470017194748
0.11800643056631088
0.11923965811729431
0.11855875700712204
0.11954401433467865
0.1163913905620575
0.11906421184539795
0.11753670126199722
0.11715418845415115
0.11907220631837845
0.11912368983030319
0.11854579299688339
0.11883921176195145
0.11776537448167801
0.11857473105192184
0.11854581534862518
0.11678069084882736
0.11998293548822403
0.11875361204147339
0.11930171400308609
0.117109514772892
0.11877728253602982
0.11833829432725906
0.11897234618663788
0.11820869147777557
0.11727011948823929
0.11736376583576202
0.11930479854345322
0.11674901843070984
0.11921915411949158
0.11692837625741959
0.11862938851118088
0.11888986080884933
0.11769048124551773
0.11958194524049759
0.11723815649747849
0.1193818747997284
0.11796784400939941
0.11778119951486588
0.11790863424539566
0.11714892089366913
0.11802098155021667
0.11893729865550995
0.11887498944997787
0.1182367205619812
0.11819688975811005
0.11832042783498764
0.11895480006933212
0.11830458045005798
0.11845306307077408
0.11892417073249817
0.11779390275478363
0.11668343842029572
0.12016956508159637
0.117485411465168
0.11926324665546417
0.11676112562417984
0.11898225545883179
0.11755360662937164
0.11841599643230438
0.1177925243973732
0.11812273412942886
0.11838946491479874
0.11915621906518936
0.11816954612731934
0.11871712654829025
0.11761220544576645
0.11867042630910873
0.11732643842697144
0.11721881479024887
0.1181432455778122
0.11736182868480682
0.11857149004936218
0.11725413799285889
0.1176164448261261
0.11774016916751862
0.11871910840272903
0.11789248138666153
0.11841308325529099
0.11853662133216858
0.11807666718959808
0.11718065291643143
0.11808811128139496
0.11731583625078201
0.1179213747382164
0.11721804738044739
0.11944769322872162
0.12626823782920837
0.12687137722969055
0.12435038387775421
0.1252644956111908
0.12651348114013672
0.12420874834060669
0.12494468688964844
0.1263176053762436
0.12545688450336456
0.12668563425540924
0.12641765177249908
0.12571021914482117
0.12735618650913239
0.1257030963897705
0.1267804652452469
0.1251513957977295
0.1271463930606842
0.12642499804496765
0.1272203028202057
0.1269012689590454
0.12506575882434845
0.12687277793884277
0.1263391226530075
0.12529440224170685
0.12586675584316254
0.1257651001214981
0.12759649753570557
0.12521721422672272
0.1254306435585022
0.12577782571315765
0.12693914771080017
0.12750372290611267
0.12577584385871887
0.12521390616893768
0.12809479236602783
0.12627221643924713
0.12648320198059082
0.12620429694652557
0.12605486810207367
0.12647747993469238
0.12760309875011444
0.12570537626743317
0.12619231641292572
0.12586243450641632
0.12857690453529358
0.12616676092147827
0.12559810280799866
0.12581025063991547
0.1255839318037033
0.1265682429075241
0.1266072541475296
0.1274363398551941
0.1261153370141983
0.12586121261119843
0.12683483958244324
0.1266268938779831
0.12707915902137756
0.1262582689523697
0.12607920169830322
0.12740746140480042
0.12702138721942902
0.1272784173488617
0.12508448958396912
0.1261756420135498
0.1269037127494812
0.12665729224681854
0.12574833631515503
0.1262856423854828
0.12670332193374634
0.12520743906497955
0.12757372856140137
0.12474419921636581
0.12845690548419952
0.1264597326517105
0.12767915427684784
0.12463603168725967
0.1258939802646637
0.1271359771490097
0.12678714096546173
0.12667855620384216
0.12575633823871613
0.12746448814868927
0.12590675055980682
0.1258157640695572
0.12603850662708282
0.12604722380638123
0.12602296471595764
0.12600862979888916
0.12594406306743622
0.12594875693321228
0.12573054432868958
0.12615039944648743
0.1261410266160965
0.12597350776195526
0.12607018649578094
0.12600716948509216
0.12583796679973602
0.12601089477539062
0.12598539888858795
0.1259515881538391
0.12600445747375488
0.12595133483409882
0.12587189674377441
0.12590645253658295
0.12581971287727356
0.12586896121501923
0.1260000467300415
