0.595808744430542
0.27931439876556396
0.05424715578556061
0.017664922401309013
0.02243378385901451
0.02909734658896923
0.022479023784399033
0.026301266625523567
0.029710175469517708
0.035874709486961365
0.03221667930483818
0.03962570056319237
0.034465011209249496
0.04398152604699135
0.03896726667881012
0.05001962184906006
0.0418335497379303
0.053381748497486115
0.045202240347862244
0.05723081901669502
0.04798879474401474
0.06188037618994713
0.051799070090055466
0.06427392363548279
0.05256659537553787
0.06496280431747437
0.0573570653796196
0.0641639232635498
0.06115267425775528
0.06694941222667694
0.06501991301774979
0.06622996181249619
0.0659313052892685
0.06816023588180542
0.06901571154594421
0.07023146003484726
0.0701923668384552
0.06441273540258408
0.06410396099090576
0.06668277829885483
0.06499291956424713
0.06480313837528229
0.06447196006774902
0.06536532938480377
0.06329751759767532
0.06757819652557373
0.06222202256321907
0.06632743030786514
0.0630912110209465
0.06502407044172287
0.06453423947095871
0.06484896689653397
0.06388947367668152
0.06692619621753693
0.06603771448135376
0.06426194310188293
0.06575610488653183
0.06493018567562103
0.06608672440052032
0.06749874353408813
0.06326113641262054
0.06553686410188675
0.06592197716236115
0.06550918519496918
0.06338093429803848
0.06598251312971115
0.06834187358617783
0.06516800075769424
0.06520827859640121
0.06372302025556564
0.06628473848104477
0.06487024575471878
0.06596068292856216
0.06655311584472656
0.06425146013498306
0.06715074926614761
0.0630643218755722
0.06595876812934875
0.06438683718442917
0.06590711325407028
0.06430556625127792
0.06740868091583252
0.06337342411279678
0.06454294919967651
0.06474878638982773
0.06435248255729675
0.06802506744861603
0.06529296189546585
0.06835386157035828
0.06627412140369415
0.06624345481395721
0.06747853755950928
0.06544522941112518
0.06635664403438568
0.06717541068792343
0.06489390134811401
0.06583930552005768
0.06550387293100357
0.06361741572618484
0.06918233633041382
0.06487881392240524
0.06618057936429977
0.06208489462733269
0.0667373463511467
0.06630438566207886
0.06718546152114868
0.06578514724969864
0.06523335725069046
0.06471461802721024
0.0675271600484848
0.0629783645272255
0.06616880744695663
0.06457580626010895
0.06623280048370361
0.06779839098453522
0.06480688601732254
0.06721674650907516
0.06383619457483292
0.06728705763816833
0.06606627255678177
0.06572733074426651
0.06493739038705826
0.06667609512805939
0.06507416814565659
0.06656890362501144
0.06544137746095657
0.06803879141807556
0.06786768138408661
0.0644524097442627
0.06408759206533432
0.06732189655303955
0.0650194063782692
0.06563135236501694
0.06238137185573578
0.06567545235157013
0.06753350794315338
0.06440233439207077
0.06473252177238464
0.06494268774986267
0.06703951954841614
0.06320322304964066
0.06568235903978348
0.06435292214155197
0.06611927598714828
0.06673961132764816
0.06591632962226868
0.06456407159566879
0.06777717173099518
0.06534311920404434
0.06667125225067139
0.06467916816473007
0.06421790271997452
0.06687793135643005
0.06497462838888168
0.06539520621299744
0.06560267508029938
0.06543751060962677
0.06652822345495224
0.06678284704685211
0.06619436293840408
0.06466066837310791
0.06575187295675278
0.06535539776086807
0.06665927171707153
0.06762709468603134
0.06782106310129166
0.06604417413473129
0.06313008069992065
0.06553659588098526
0.07104062288999557
0.07457661628723145
0.07055054605007172
0.07541745901107788
0.073111891746521
0.0720352977514267
0.07433435320854187
0.07413440942764282
0.07273780554533005
0.07316987216472626
0.07632353156805038
0.07373945415019989
0.07349617779254913
0.07504965364933014
0.07365862280130386
0.0755147933959961
0.07670435309410095
0.07416488230228424
0.07517311722040176
0.0740610808134079
0.07200701534748077
0.07435484975576401
0.0728316381573677
0.07201209664344788
0.07442280650138855
0.07652310281991959
0.07866766303777695
0.07666619122028351
0.07507055252790451
0.07698436826467514
0.08007942885160446
0.07803264260292053
0.07505940645933151
0.07734844088554382
0.07561560720205307
0.07819711416959763
0.07570505887269974
0.07582837343215942
0.0744425430893898
0.07513682544231415
0.07486904412508011
0.07601643353700638
0.07702808082103729
0.07649405300617218
0.07878267019987106
0.07708171010017395
0.07433242350816727
0.07527562230825424
0.07468926906585693
0.07493922859430313
0.07617145031690598
0.07491116225719452
0.07784252613782883
0.0771695226430893
0.07526376098394394
0.07696574926376343
0.07840955257415771
0.07471784204244614
0.07586570829153061
0.07660076022148132
0.07725349813699722
0.07645106315612793
0.07520975172519684
0.07729338109493256
0.07764296978712082
0.0769113078713417
0.07554972916841507
0.07441817969083786
0.07642820477485657
0.07522479444742203
0.07698008418083191
0.07423987239599228
0.07787547260522842
0.07624104619026184
0.07616182416677475
0.07561603933572769
0.07613438367843628
0.07771827280521393
0.07643130421638489
0.07642965763807297
0.07671492546796799
0.07734361290931702
0.05615166574716568
0.01178401242941618
0.009960031136870384
0.009441288188099861
0.0089501291513443
0.008889137767255306
0.009300594218075275
0.008964947424829006
0.00922670029103756
0.009003371000289917
0.008652403950691223
0.009016907773911953
0.009039681404829025
0.008825413882732391
0.00897273514419794
0.009470802731812
0.008907279931008816
0.008884603157639503
0.008633474819362164
0.008992280811071396
0.00864019338041544
0.009008196182549
0.009056547656655312
0.009044861420989037
0.009344145655632019
