0.5889124274253845
0.2870206832885742
0.059161487966775894
0.019068006426095963
0.0252987127751112
0.031972046941518784
0.02340935356914997
0.02803635410964489
0.0318126454949379
0.03916144743561745
0.03464401885867119
0.04314820095896721
0.03695247322320938
0.04786253720521927
0.04184970632195473
0.05424056947231293
0.04479478299617767
0.05780959501862526
0.04834238439798355
0.061729706823825836
0.05114486441016197
0.06661519408226013
0.05522959679365158
0.06899182498455048
0.0559299997985363
0.06954395025968552
0.060952797532081604
0.06840101629495621
0.06480396538972855
0.07107630372047424
0.06847266852855682
0.06971719861030579
0.06852474063634872
0.0705917477607727
0.07105068862438202
0.07224982976913452
0.0724351704120636
0.06667667627334595
0.06605815887451172
0.06900011003017426
0.06701374799013138
0.06696143001317978
0.06659016758203506
0.06745068728923798
0.06537099927663803
0.06972895562648773
0.06426768004894257
0.0682794600725174
0.06497059762477875
0.06686729192733765
0.06690153479576111
0.06729559600353241
0.06619284301996231
0.06943755596876144
0.06863380968570709
0.06669696420431137
0.06819185614585876
0.06754833459854126
0.06850588321685791
0.0700204148888588
0.06562414765357971
0.06803657859563828
0.06830673664808273
0.06788116693496704
0.06573056429624557
0.06871075928211212
0.07082691043615341
0.06771546602249146
0.06756354123353958
0.06604047119617462
0.06889132410287857
0.06720428168773651
0.0684184730052948
0.06926026195287704
0.06645649671554565
0.06959444284439087
0.0654195174574852
0.06834820657968521
0.0668335035443306
0.06846046447753906
0.06684742867946625
0.06986190378665924
0.0657612755894661
0.06694579869508743
0.06733488291501999
0.06667475402355194
0.07066457718610764
0.06762891262769699
0.07080147415399551
0.06882759183645248
0.06868912279605865
0.06989121437072754
0.0680171400308609
0.0686613917350769
0.0696733221411705
0.06740404665470123
0.06828391551971436
0.06811714917421341
0.06607527285814285
0.07181013375520706
0.06745827198028564
0.06862751394510269
0.06446529924869537
0.06911161541938782
0.06876024603843689
0.0697297528386116
0.06806051731109619
0.06756701320409775
0.06714224070310593
0.06996183842420578
0.06532274931669235
0.06859690696001053
0.0669979378581047
0.06872717291116714
0.07029348611831665
0.06730126589536667
0.0697375014424324
0.0663057491183281
0.0696905180811882
0.06847389787435532
0.06817310303449631
0.06744556128978729
0.06888080388307571
0.06754676252603531
0.06892506033182144
0.06787750869989395
0.07027911394834518
0.07014834135770798
0.06686033308506012
0.06670407950878143
0.06968804448843002
0.06728308647871017
0.06815173476934433
0.0647861659526825
0.06792981177568436
0.07004451751708984
0.06668201088905334
0.06717736274003983
0.06719641387462616
0.06936491280794144
0.0657113790512085
0.06812930852174759
0.06668630987405777
0.06836266815662384
0.06908553093671799
0.06834340840578079
0.0670255646109581
0.07007794827222824
0.06767614930868149
0.06900138407945633
0.06706131994724274
0.06659143418073654
0.06924868375062943
0.06723511964082718
0.06765166670084
0.0678618922829628
0.06779531389474869
0.06878160685300827
0.06917735934257507
0.06840865314006805
0.06703990697860718
0.06810548901557922
0.0677085742354393
0.06888604164123535
0.07001769542694092
0.0699685737490654
0.06831824034452438
0.06550773233175278
0.06786137819290161
0.07071562111377716
0.07335434854030609
0.069572813808918
0.07419656217098236
0.07190832495689392
0.07101136445999146
0.07310246676206589
0.07295908778905869
0.0715227797627449
0.07203157991170883
0.07503262162208557
0.07272409647703171
0.07229211181402206
0.07378831505775452
0.0724998489022255
0.07429401576519012
0.07539843022823334
0.07296149432659149
0.07382786273956299
0.07297050207853317
0.07086459547281265
0.07303407043218613
0.07164694368839264
0.07081671059131622
0.07329678535461426
0.07531911879777908
0.07734750211238861
0.07548400014638901
0.07384549081325531
0.07578003406524658
0.07876631617546082
0.07677809149026871
0.07381430268287659
0.07608206570148468
0.07424364984035492
0.07694914191961288
0.074383944272995
0.0746719017624855
0.07324393838644028
0.07384934276342392
0.07357978820800781
0.07479626685380936
0.0758056715130806
0.07526006549596786
0.07737120985984802
0.07579968124628067
0.07311143726110458
0.0739050805568695
0.07342179864645004
0.07378831505775452
0.07486492395401001
0.07366975396871567
0.07651922106742859
0.07599283754825592
0.07391796261072159
0.07569556683301926
0.07708080112934113
0.07345141470432281
0.07453196495771408
0.07536451518535614
0.075990229845047
0.0751325935125351
0.07392904907464981
0.07602489739656448
0.07635114341974258
0.07562991976737976
0.07426517456769943
0.07310584932565689
0.07520727068185806
0.07398271560668945
0.07561852037906647
0.072905994951725
0.07658199220895767
0.07510693371295929
0.07483560591936111
0.07437460124492645
0.07488159835338593
0.07665905356407166
0.07523444294929504
0.0751483216881752
0.07538808882236481
0.07608988136053085
0.07558321207761765
0.07463474571704865
0.07548462599515915
0.0747760608792305
0.07504675537347794
0.07328915596008301
0.07327672839164734
0.07442373037338257
0.07875338196754456
0.07511460036039352
0.07342985272407532
0.07428189367055893
0.07329198718070984
0.0762077197432518
0.07232755422592163
0.07568439096212387
0.07552822679281235
0.07512574642896652
0.07484062761068344
0.07380019128322601
0.07474637776613235
0.07761527597904205
0.07686277478933334
0.07474765926599503
0.07705133408308029
