14.771251678466797
7.093913555145264
1.6272120475769043
0.27637726068496704
0.37521058320999146
0.33932721614837646
0.29032325744628906
0.2858768701553345
0.31075721979141235
0.3297739624977112
0.29859983921051025
0.3340528607368469
0.29272013902664185
0.3360530138015747
0.29720133543014526
0.35694581270217896
0.297839492559433
0.3496853709220886
0.30945760011672974
0.36629384756088257
0.314842164516449
0.3747345805168152
0.3202115297317505
0.3777073323726654
0.3196955919265747
0.39108404517173767
0.34578657150268555
0.38528361916542053
0.39261314272880554
0.39954787492752075
0.4106507897377014
0.4177795350551605
0.43011534214019775
0.44474565982818604
0.47547584772109985
0.46372708678245544
0.4771808981895447
0.4106922149658203
0.43314114212989807
0.4206068813800812
0.4234796166419983
0.38575834035873413
0.41395172476768494
0.42952609062194824
0.4100291132926941
0.4310320019721985
0.4077032506465912
0.4438895583152771
0.41981446743011475
0.42737630009651184
0.4269624948501587
0.421612024307251
0.4117552638053894
0.4571225941181183
0.471468061208725
0.48054274916648865
0.48995140194892883
0.49725523591041565
0.4983888268470764
0.4820902943611145
0.46067529916763306
0.47452545166015625
0.45997658371925354
0.4562516510486603
0.4437949061393738
0.46080219745635986
0.4523317217826843
0.4457460343837738
0.4478517770767212
0.4214000105857849
0.43811705708503723
0.4011424481868744
0.4304671585559845
0.41721993684768677
0.4132916033267975
0.4073053002357483
0.40053778886795044
0.40126872062683105
0.3839646577835083
0.3806912302970886
0.37616676092147827
0.39247503876686096
0.37413227558135986
0.3873920440673828
0.3750583529472351
0.3680614233016968
0.39464133977890015
0.3734990060329437
0.39912205934524536
0.3774953782558441
0.3725827932357788
0.36932051181793213
0.36561089754104614
0.36438512802124023
0.3727247714996338
0.3395598828792572
0.3726269006729126
0.3506928086280823
0.3398461937904358
0.38310161232948303
0.35365304350852966
0.35687217116355896
0.3273572325706482
0.3496611714363098
0.363757461309433
0.348957359790802
0.3513987958431244
0.34793561697006226
0.33718669414520264
0.3582993745803833
0.3264634609222412
0.34003210067749023
0.3396640717983246
0.3559284806251526
0.36386948823928833
0.34292393922805786
0.3607085347175598
0.3369331359863281
0.3393476605415344
0.35251376032829285
0.3395945131778717
0.33609476685523987
0.33928200602531433
0.3428124487400055
0.3541775643825531
0.32707640528678894
0.34244638681411743
0.3442390561103821
0.32516855001449585
0.3299504518508911
0.3403017222881317
0.344102680683136
0.3407058119773865
0.3335078954696655
0.32592904567718506
0.3463585376739502
0.32419854402542114
0.3437063992023468
0.35521024465560913
0.33558475971221924
0.32170742750167847
0.3161695599555969
0.3302474617958069
0.33134526014328003
0.34464508295059204
0.3305555582046509
0.3211434781551361
0.3403591513633728
0.3183402121067047
0.32048967480659485
0.31715166568756104
0.31546539068222046
0.3301374316215515
0.3498477339744568
0.33242273330688477
0.32806965708732605
0.30761557817459106
0.32215481996536255
0.32956600189208984
0.3400968611240387
0.3176127076148987
0.31259074807167053
0.3248918652534485
0.3165847659111023
0.33482852578163147
0.3536544144153595
0.30628901720046997
0.30319130420684814
0.32238730788230896
0.35833802819252014
0.3793184161186218
0.3525037169456482
0.36083653569221497
0.34789738059043884
0.36677610874176025
0.35069650411605835
0.3625454902648926
0.34062469005584717
0.36944279074668884
0.3584687411785126
0.3636682629585266
0.3473087251186371
0.3446551561355591
0.34598642587661743
0.34267929196357727
0.32885119318962097
0.3462786078453064
0.33757054805755615
0.3308297097682953
0.3171931803226471
0.3395523428916931
0.34534281492233276
0.3137872815132141
0.32858583331108093
0.34569036960601807
0.3572167754173279
0.32575517892837524
0.32978111505508423
0.3160984516143799
0.35141631960868835
0.35222795605659485
0.34358543157577515
0.3315806984901428
0.33302831649780273
0.3465915322303772
0.33545270562171936
0.3075296878814697
0.3417777419090271
0.30659908056259155
0.33784034848213196
0.3355443477630615
0.3138851523399353
0.30764240026474
0.3324757218360901
0.321336954832077
0.31310468912124634
0.30542343854904175
0.295809268951416
0.29875314235687256
0.3133416175842285
0.31776124238967896
0.3086528182029724
0.31551533937454224
0.3084033131599426
0.3007465600967407
0.32629483938217163
0.3115263879299164
0.31536319851875305
0.28979161381721497
0.30197182297706604
0.3156495988368988
0.3056623637676239
0.30678629875183105
0.321161150932312
0.3166177570819855
0.2953426241874695
0.3002493381500244
0.3174094557762146
0.2943130135536194
0.3182274401187897
0.28543147444725037
0.32256364822387695
0.3191751539707184
0.3212355971336365
0.3076944351196289
0.29655617475509644
0.3357059955596924
0.29557743668556213
0.30367013812065125
0.2748578190803528
0.3132179379463196
0.3146469295024872
0.2992722988128662
0.29987242817878723
0.2917807996273041
0.2927923798561096
0.31004735827445984
0.3146793842315674
0.31486776471138
0.30746105313301086
0.2987958490848541
0.2857630252838135
0.3081313967704773
0.3043130040168762
0.2909567356109619
0.2933141887187958
0.309401273727417
0.3114076256752014
0.2913266718387604
0.3093385100364685
0.32430118322372437
0.2984837293624878
0.2991819381713867
0.3120828866958618
0.3196759819984436
0.31463444232940674
