0.5752862691879272
0.5752888917922974
0.312931627035141
0.31293392181396484
0.14757506549358368
0.14757457375526428
0.1499544084072113
0.1499670296907425
0.15073515474796295
0.1507270485162735
0.1544450968503952
0.15448807179927826
0.15246687829494476
0.15249793231487274
0.15218788385391235
0.15221121907234192
0.15037521719932556
0.150299534201622
0.15270501375198364
0.15266834199428558
0.15093894302845
0.1511148065328598
0.1491682529449463
0.14886802434921265
0.15019862353801727
0.1500161588191986
0.1477406919002533
0.14780406653881073
0.14601562917232513
0.14604809880256653
0.1449471116065979
0.14488567411899567
0.13887888193130493
0.1392311304807663
0.1358717530965805
0.135800302028656
0.1342555284500122
0.13411477208137512
0.12881046533584595
0.12874530255794525
0.11740501970052719
0.11744599789381027
0.12381226569414139
0.1236678883433342
0.12617798149585724
0.1261441558599472
0.1221449077129364
0.12197170406579971
0.1197904720902443
0.11979343742132187
0.12098909169435501
0.12109672278165817
0.12194060534238815
0.12186910957098007
0.12957601249217987
0.1296696811914444
0.126552551984787
0.1263686567544937
0.12315397709608078
0.12327540665864944
0.12314970046281815
0.12305721640586853
0.12636098265647888
0.12644235789775848
0.1285913586616516
0.12869417667388916
0.12856519222259521
0.12871958315372467
0.12600351870059967
0.1257840245962143
0.12631727755069733
0.12619398534297943
0.12141197174787521
0.12161611765623093
0.1262899488210678
0.1263255774974823
0.12414264678955078
0.12413567304611206
0.12548409402370453
0.1254105567932129
0.1274641454219818
0.12744766473770142
0.12657685577869415
0.12649555504322052
0.12645192444324493
0.12633046507835388
0.13002213835716248
0.1301676630973816
0.12479423731565475
0.1249626874923706
0.12575660645961761
0.12556207180023193
0.12196078151464462
0.1221037432551384
0.1243501827120781
0.12439332902431488
0.12449296563863754
0.12457635998725891
0.12571778893470764
0.12572452425956726
0.1306917518377304
0.13069406151771545
0.12176842987537384
0.12186254560947418
0.12921710312366486
0.12928977608680725
0.12763121724128723
0.12776100635528564
0.12926612794399261
0.12939810752868652
0.12584438920021057
0.1258067488670349
0.12506382167339325
0.12498843669891357
0.12027567625045776
0.12042343616485596
0.12900801002979279
0.12888604402542114
0.12399162352085114
0.12390042096376419
0.12398142367601395
0.12393609434366226
0.12422848492860794
0.12420278042554855
0.12735264003276825
0.12738850712776184
0.12296532839536667
0.12299423664808273
0.1266086995601654
0.1265971064567566
0.12752342224121094
0.1272754669189453
0.1308327168226242
0.13072875142097473
0.12139973044395447
0.12137138843536377
0.12382631748914719
0.12398327887058258
0.12680815160274506
0.12653402984142303
0.12666304409503937
0.12657515704631805
0.12495829910039902
0.1248665377497673
0.1241578757762909
0.12399699538946152
0.12656807899475098
0.12667198479175568
0.12162162363529205
0.12158975750207901
0.12738461792469025
0.1269596368074417
0.12216415256261826
0.12248223274946213
0.12570521235466003
0.1257227212190628
0.1262231171131134
0.12643200159072876
0.1272253841161728
0.12717778980731964
0.13017603754997253
0.13024191558361053
0.12568478286266327
0.12563954293727875
0.1295424997806549
0.12952576577663422
0.12183179706335068
0.12173052132129669
0.12328922748565674
0.12310795485973358
0.12182290107011795
0.12175650149583817
0.12697724997997284
0.1269649863243103
0.12668782472610474
0.12648460268974304
0.118585966527462
0.11845453083515167
0.12181120365858078
0.12161777913570404
0.1271016001701355
0.126829132437706
0.12186881899833679
0.12198914587497711
0.12767772376537323
0.12757107615470886
0.12500816583633423
0.1251850128173828
0.12823060154914856
0.12799222767353058
0.1270984262228012
0.12726303935050964
0.12347421795129776
0.12341289222240448
0.1251203417778015
0.12517042458057404
0.1257190704345703
0.1257166713476181
0.12769508361816406
0.1278122514486313
0.12211393564939499
0.12217997014522552
0.1216467022895813
0.1214437410235405
0.11974756419658661
0.11971569061279297
0.1263856291770935
0.12640471756458282
0.13462962210178375
0.13470691442489624
0.12361948937177658
0.12371378391981125
0.1238807663321495
0.12381165474653244
0.12587177753448486
0.12601907551288605
0.12459256500005722
0.1245071217417717
0.1284482479095459
0.12843622267246246
0.1213969960808754
0.1214173212647438
0.12642385065555573
0.12644782662391663
0.13745631277561188
0.1373569667339325
0.1300547569990158
0.1299155056476593
0.12439704686403275
0.12448549270629883
0.1237495020031929
0.1237713024020195
0.12353193759918213
0.12352403998374939
0.12389671802520752
0.12397617101669312
0.12704584002494812
0.12697698175907135
0.12514027953147888
0.12511296570301056
0.12029898166656494
0.12035959959030151
0.12849074602127075
0.12869426608085632
0.11994240432977676
0.11960580945014954
0.13415032625198364
0.13423006236553192
0.1254872977733612
0.12548770010471344
0.12400627881288528
0.12691619992256165
0.12699933350086212
0.1270947903394699
0.1268569827079773
0.12716396152973175
0.12681901454925537
0.12687405943870544
0.12709197402000427
0.12712910771369934
0.12698136270046234
0.12684166431427002
0.1269455999135971
0.12693212926387787
0.12667502462863922
0.12684732675552368
0.12675540149211884
0.12711262702941895
0.12703755497932434
