0.2976382374763489
0.2976728081703186
0.11308171600103378
0.1128605380654335
0.015361903235316277
0.015327295288443565
0.014246789738535881
0.014233232475817204
0.014012947678565979
0.014012192375957966
0.013914070092141628
0.013920843601226807
0.012897533364593983
0.012897615320980549
0.011852803640067577
0.011862394399940968
0.010476747527718544
0.010476450435817242
0.010191721841692924
0.010193293914198875
0.009358814917504787
0.009363068267703056
0.008702395483851433
0.008681337349116802
0.008620571345090866
0.00859912857413292
0.007982434704899788
0.008000512607395649
0.007450168486684561
0.007443959824740887
0.007004201877862215
0.006989662069827318
0.005491317715495825
0.005529062356799841
0.004666530527174473
0.004643361549824476
0.004224279895424843
0.004202451556921005
0.00323638878762722
0.003231875831261277
0.005034583620727062
0.005032524466514587
0.003485429100692272
0.003550896653905511
0.0027251378633081913
0.0027259034104645252
0.002912296215072274
0.002915569581091404
0.003091494319960475
0.0030872828792780638
0.002579453168436885
0.0025826769415289164
0.0026567864697426558
0.0026709390804171562
0.002534088445827365
0.0025252262130379677
0.0019357536220923066
0.001934947562403977
0.0020300543401390314
0.002003330271691084
0.0018868771148845553
0.001900210976600647
0.0016372156096622348
0.001636640285141766
0.0017672473331913352
0.0017794161103665829
0.001618344453163445
0.0016256930539384484
0.0013751952210441232
0.001406333176419139
0.001462810323573649
0.0014384017558768392
0.0015948392683640122
0.0015971553511917591
0.0014374720631167293
0.001491582952439785
0.001223592204041779
0.0012048042844980955
0.0009635508176870644
0.0009630181593820453
0.0014624971663579345
0.0014681345783174038
0.0010141391539946198
0.0010230541229248047
0.0009779144311323762
0.00096040905918926
0.002368039218708873
0.0023954082280397415
0.0008346941322088242
0.0008512265048921108
0.0009387286263518035
0.0009462345042265952
0.0019837350118905306
0.0019437124719843268
0.001157015678472817
0.0011996313696727157
0.0008912371122278273
0.0008958248654380441
0.0009044610778801143
0.0009097952861338854
0.0021524839103221893
0.002131454646587372
0.0015324215637519956
0.0014848976861685514
0.0015855184756219387
0.0015717195346951485
0.001156804384663701
0.001167057896964252
0.002172135515138507
0.0022125770337879658
0.000818055123090744
0.0008093455107882619
0.0007534498581662774
0.0007472140132449567
0.002375484211370349
0.0023358038160949945
0.0014823103556409478
0.0015124425990507007
0.0010215160436928272
0.0009900820441544056
0.0008629176882095635
0.0009056227863766253
0.001108539174310863
0.0010825818171724677
0.0010516784386709332
0.0010838991729542613
0.001193008036352694
0.0011714108986780047
0.0010272423969581723
0.0010006894590333104
0.0012211300199851394
0.001208541332744062
0.002043395536020398
0.0020337302703410387
0.0020195627585053444
0.002028038492426276
0.0008053306373767555
0.0008065137080848217
0.0007604871643707156
0.000736265501473099
0.00094538030680269
0.0009498909930698574
0.0007815874414518476
0.0007729197386652231
0.0015954193659126759
0.0015909161884337664
0.0007620347896590829
0.0007721614092588425
0.0018907253397628665
0.0019058671314269304
0.0008980114362202585
0.0008380276849493384
0.0017521703848615289
0.0017460760427638888
0.0006401833961717784
0.0006353700300678611
0.0009459800203330815
0.0009578448953106999
0.000992130022495985
0.0009810809278860688
0.001976350788027048
0.0020318967290222645
0.0008554001105949283
0.0008397169294767082
0.0019454652210697532
0.0019799715373665094
0.0014143140288069844
0.001396360108628869
0.000943237857427448
0.0009458888089284301
0.0014603937743231654
0.001471254276111722
0.0010393232805654407
0.001042391057126224
0.0014672446995973587
0.0014960832195356488
0.003224998479709029
0.0032057976350188255
0.0015567854279652238
0.0015514957485720515
0.000786470714956522
0.0007706413744017482
0.0012941212626174092
0.001312210806645453
0.001531912130303681
0.0014927905285730958
0.0005491784540936351
0.0005640452145598829
0.0013176712673157454
0.001326745841652155
0.0014532190980389714
0.0015052861999720335
0.001285079400986433
0.0013041477650403976
0.0007067968253977597
0.000732532877009362
0.0005909429164603353
0.0005871658795513213
0.0010356517741456628
0.0010294053936377168
0.0013399150921031833
0.0013401077594608068
0.001500514568760991
0.0015082049649208784
0.0020876764319837093
0.0020455338526517153
0.000907486246433109
0.000947554362937808
0.003266033483669162
0.0032178000546991825
0.0010340838925912976
0.0010500490898266435
0.0007899294141680002
0.0008086979505605996
0.000557050749193877
0.0005765900132246315
0.0006873348611406982
0.0006898663705214858
0.0012661648215726018
0.0012615133309736848
0.0017494693165645003
0.0017506967997178435
0.0006580933695659041
0.0006852427613921463
0.004889037925750017
0.004875862970948219
0.0019444217905402184
0.001979475375264883
0.0006392041104845703
0.0006280004745349288
0.0008159411954693496
0.0008111338829621673
0.0008113575750030577
0.0008111600182019174
0.000787348544690758
0.0007706863689236343
0.0006619716878049076
0.0006449217326007783
0.0005309554398991168
0.0005233802949078381
0.0017927675507962704
0.0017705578356981277
0.001260547898709774
0.0012666396796703339
0.0027642922941595316
0.0028034851420670748
0.003805797314271331
0.0038188465405255556
0.0006296893698163331
0.0006187190883792937
0.000653369352221489
0.0006404441664926708
0.0006658853963017464
0.0006567500531673431
0.0006421491270884871
0.0006738609517924488
0.0006341435364447534
0.0006473850226029754
0.0006768931052647531
0.0006578734610229731
0.0006524267955683172
0.0006326456204988062
0.0006586507661268115
0.0006344099529087543
0.0006479601725004613
0.0006466513150371611
0.0006406171014532447
0.0006563351489603519
0.0006445886683650315
