1.26717209815979
1.2671635150909424
0.6133841276168823
0.6134157776832581
0.2746680676937103
0.2745838761329651
0.27909600734710693
0.279111385345459
0.2802700400352478
0.28033748269081116
0.2864376902580261
0.28651440143585205
0.28054937720298767
0.2804756164550781
0.27672603726387024
0.2767394483089447
0.2701776623725891
0.27031654119491577
0.27238550782203674
0.27229592204093933
0.2686282992362976
0.2685406804084778
0.26473042368888855
0.26500415802001953
0.2670553922653198
0.2673739194869995
0.26385387778282166
0.2640518248081207
0.2609068751335144
0.2609536647796631
0.258405864238739
0.25855347514152527
0.24618621170520782
0.24618767201900482
0.23945064842700958
0.23946861922740936
0.23461343348026276
0.23465792834758759
0.22371478378772736
0.22374559938907623
0.2022121250629425
0.20233194530010223
0.21127618849277496
0.21117721498012543
0.21323229372501373
0.2129979431629181
0.20357199013233185
0.20365110039710999
0.19721418619155884
0.1974232792854309
0.1973739117383957
0.19749316573143005
0.1988038718700409
0.19876645505428314
0.21010224521160126
0.20999324321746826
0.20393237471580505
0.20408375561237335
0.1977541297674179
0.1979224979877472
0.19720718264579773
0.19677792489528656
0.20160208642482758
0.20144519209861755
0.20509912073612213
0.20499831438064575
0.20524203777313232
0.20528265833854675
0.20095857977867126
0.2010437697172165
0.20095230638980865
0.2004503458738327
0.1924397051334381
0.19239476323127747
0.20044611394405365
0.20057405531406403
0.197198286652565
0.19714511930942535
0.19928863644599915
0.19932857155799866
0.2028404176235199
0.2027851939201355
0.20129384100437164
0.20120595395565033
0.20133456587791443
0.20136293768882751
0.20730014145374298
0.20708034932613373
0.19912534952163696
0.19887438416481018
0.19949953258037567
0.19953396916389465
0.19373159110546112
0.193923681974411
0.19774462282657623
0.1977085918188095
0.19692398607730865
0.19692859053611755
0.19908057153224945
0.19912566244602203
0.20661842823028564
0.20672506093978882
0.1921001374721527
0.1925400048494339
0.20439323782920837
0.20435437560081482
0.20221610367298126
0.20214955508708954
0.20493853092193604
0.20486944913864136
0.19927027821540833
0.19926580786705017
0.19765125215053558
0.1974630057811737
0.18998444080352783
0.18974551558494568
0.2032618373632431
0.2036203145980835
0.19525019824504852
0.19550029933452606
0.19642849266529083
0.19618205726146698
0.196392223238945
0.19634178280830383
0.20122799277305603
0.20156443119049072
0.1938910335302353
0.19421124458312988
0.19983959197998047
0.19978098571300507
0.20239755511283875
0.20214559137821198
0.20762838423252106
0.20740501582622528
0.19055958092212677
0.1907896101474762
0.19474971294403076
0.19452928006649017
0.19998066127300262
0.19978444278240204
0.2000286728143692
0.20047369599342346
0.19659878313541412
0.19657033681869507
0.19514350593090057
0.1951959878206253
0.19940434396266937
0.19938252866268158
0.1916518658399582
0.19152282178401947
0.20039206743240356
0.20051069557666779
0.19315259158611298
0.19328609108924866
0.1987532377243042
0.19840779900550842
0.19874878227710724
0.19879473745822906
0.20076550543308258
0.2008388787508011
0.20516464114189148
0.20519627630710602
0.19757403433322906
0.1975715607404709
0.20391610264778137
0.20415177941322327
0.19100137054920197
0.19104568660259247
0.19313091039657593
0.1933988779783249
0.19119371473789215
0.1911379098892212
0.19942717254161835
0.19928757846355438
0.19904431700706482
0.19897687435150146
0.18610315024852753
0.18619218468666077
0.1904785931110382
0.190987691283226
0.20106032490730286
0.2007884979248047
0.1909114420413971
0.19094914197921753
0.19969366490840912
0.19967883825302124
0.19555112719535828
0.19573472440242767
0.20100544393062592
0.20126177370548248
0.1994699239730835
0.19947707653045654
0.19423559308052063
0.1938723474740982
0.19679951667785645
0.196683868765831
0.19778043031692505
0.19776174426078796
0.20071135461330414
0.2003924548625946
0.1913425326347351
0.19117850065231323
0.1903526484966278
0.19026821851730347
0.18723171949386597
0.18740729987621307
0.1981634944677353
0.19823384284973145
0.21416261792182922
0.21390025317668915
0.19327570497989655
0.19300071895122528
0.19348396360874176
0.1933923363685608
0.19718751311302185
0.1972373127937317
0.19510528445243835
0.19514401257038116
0.20193293690681458
0.20217671990394592
0.1904437094926834
0.19061778485774994
0.19889117777347565
0.19893284142017365
0.21867968142032623
0.2185988426208496
0.2046390324831009
0.20480480790138245
0.19583973288536072
0.19564639031887054
0.19462469220161438
0.1947900950908661
0.1945006102323532
0.19443379342556
0.1949690580368042
0.19484283030033112
0.20086193084716797
0.20079082250595093
0.1972947120666504
0.1970401406288147
0.18873068690299988
0.18872138857841492
0.20253518223762512
0.2026880830526352
0.18870194256305695
0.1887674778699875
0.2105308622121811
0.21063782274723053
0.19652539491653442
0.1966712325811386
0.19357916712760925
0.20022986829280853
0.2001735270023346
0.20015373826026917
0.20012179017066956
0.2001437395811081
0.20008417963981628
0.2001178115606308
0.20022541284561157
0.2002183049917221
0.20004510879516602
0.1999346762895584
0.20005513727664948
0.19994691014289856
0.20001883804798126
0.20012201368808746
0.19996358454227448
0.20012231171131134
0.20009060204029083
