0.5911106467247009
0.5910563468933105
0.18955348432064056
0.18974830210208893
0.04957668483257294
0.04976333677768707
0.05111006647348404
0.050989314913749695
0.05256213620305061
0.05270148441195488
0.056940656155347824
0.056411225348711014
0.0586325041949749
0.0595170296728611
0.0642055794596672
0.06255590915679932
0.06830675899982452
0.06924087554216385
0.07514367252588272
0.07435335963964462
0.07593541592359543
0.07614831626415253
0.07480983436107635
0.07335003465414047
0.07749972492456436
0.07409285008907318
0.07334849238395691
0.0716588944196701
0.07173077017068863
0.06930595636367798
0.07152584195137024
0.07170620560646057
0.0684405267238617
0.06868264824151993
0.0659111812710762
0.06606312841176987
0.06756018102169037
0.07034234702587128
0.06387943774461746
0.0649578720331192
0.0589367039501667
0.057143282145261765
0.06224125251173973
0.06007031351327896
0.06786786764860153
0.06736765801906586
0.0676785483956337
0.06522297859191895
0.06617064028978348
0.06421452015638351
0.06882686913013458
0.06690732389688492
0.06825469434261322
0.06777142733335495
0.07435352355241776
0.07808833569288254
0.0724937692284584
0.07320349663496017
0.07132907956838608
0.07057826220989227
0.07225563377141953
0.06875931471586227
0.07390418648719788
0.07370589673519135
0.07764187455177307
0.07512848824262619
0.07376230508089066
0.07729379087686539
0.07176266610622406
0.07371699810028076
0.07450232654809952
0.07574561983346939
0.07042583078145981
0.07110067456960678
0.07477175444364548
0.0746760368347168
0.07463087886571884
0.07027453184127808
0.07356937229633331
0.07315532118082047
0.07591065764427185
0.07540590316057205
0.07594945281744003
0.07403827458620071
0.07675527036190033
0.07686743140220642
0.07797598838806152
0.07528781145811081
0.07391297072172165
0.07193911820650101
0.07217932492494583
0.07221325486898422
0.07189830392599106
0.07042734324932098
0.07245837152004242
0.07367556542158127
0.07220631092786789
0.07402686029672623
0.07373347133398056
0.07316810637712479
0.07958940416574478
0.08057449012994766
0.07420976459980011
0.06955967098474503
0.07507485896348953
0.07601878046989441
0.07581466436386108
0.07417521625757217
0.07831322401762009
0.07907921820878983
0.07449693232774734
0.07562558352947235
0.07351627200841904
0.07352868467569351
0.06873507797718048
0.07019506394863129
0.07871868461370468
0.07550415396690369
0.07320921123027802
0.07038012146949768
0.07332974672317505
0.07241098582744598
0.07259435951709747
0.0727536678314209
0.07523977756500244
0.07849720865488052
0.07282371073961258
0.070524662733078
0.07853309065103531
0.07628238201141357
0.0745805948972702
0.0753522589802742
0.07756316661834717
0.08015967905521393
0.06992330402135849
0.06989628076553345
0.07482700794935226
0.07449231296777725
0.07466509938240051
0.07558994740247726
0.07678841054439545
0.07561531662940979
0.07587679475545883
0.07269295305013657
0.07171481102705002
0.07371021062135696
0.0774926170706749
0.0725875273346901
0.07120877504348755
0.07048052549362183
0.0752456784248352
0.07722753286361694
0.06861715018749237
0.06964404135942459
0.07557862997055054
0.07260924577713013
0.07741381973028183
0.07385213673114777
0.07522046566009521
0.07579991221427917
0.079279325902462
0.07945678383111954
0.07464928925037384
0.0731550082564354
0.07863812893629074
0.07650189101696014
0.07086743414402008
0.06930281966924667
0.07515659928321838
0.07053203135728836
0.07049378007650375
0.07288020849227905
0.0743727758526802
0.07735342532396317
0.07839295268058777
0.07651503384113312
0.06746964156627655
0.06689004600048065
0.07298831641674042
0.06855873763561249
0.07451898604631424
0.07639311254024506
0.07011420279741287
0.07411682605743408
0.07858962565660477
0.07688219100236893
0.07631618529558182
0.07532262802124023
0.07801294326782227
0.07716910541057587
0.07688338309526443
0.07931967079639435
0.07506203651428223
0.07086019963026047
0.07407549023628235
0.07184717059135437
0.0720120444893837
0.07717384397983551
0.07637202739715576
0.0760762020945549
0.0718839168548584
0.07051601260900497
0.07048141211271286
0.07301578670740128
0.06608156114816666
0.07123428583145142
0.07456148415803909
0.07517211884260178
0.08071210235357285
0.08266550302505493
0.07450955361127853
0.07212693989276886
0.07186883687973022
0.07337521016597748
0.07188546657562256
0.0747290626168251
0.07507654279470444
0.07268399000167847
0.07811945676803589
0.07766196876764297
0.07115611433982849
0.07083223015069962
0.07520468533039093
0.07892528921365738
0.0833251103758812
0.08329635113477707
0.08091963082551956
0.07851730287075043
0.0738813653588295
0.07303644716739655
0.07190821319818497
0.07376046478748322
0.07221685349941254
0.074222132563591
0.072258360683918
0.07284645736217499
0.07673981785774231
0.07326395809650421
0.07573578506708145
0.07258003205060959
0.07081416249275208
0.07175864279270172
0.07575516402721405
0.07713602483272552
0.06723930686712265
0.06690666079521179
0.08222775161266327
0.08370257914066315
0.0743894949555397
0.07328765094280243
0.07306515425443649
0.07361021637916565
0.07523080706596375
0.07233654707670212
0.07559434324502945
0.07517656683921814
0.07591346651315689
0.07518002390861511
0.07471421360969543
0.07272202521562576
0.07530481368303299
0.07580436766147614
0.07420380413532257
0.07577601075172424
0.07352862507104874
0.07788343727588654
0.07373588532209396
0.07170390337705612
0.07564814388751984
