0.5752862691879272
0.5752888917922974
0.3121785521507263
0.31218042969703674
0.11613934487104416
0.11614436656236649
0.1200070008635521
0.12002387642860413
0.12734930217266083
0.1273377239704132
0.1307096928358078
0.13079187273979187
0.1282525509595871
0.1283089518547058
0.12300270050764084
0.1230168417096138
0.11899963021278381
0.11883124709129333
0.11802379786968231
0.11811115592718124
0.11931878328323364
0.11958135664463043
0.11824455857276917
0.11797691881656647
0.12076045572757721
0.12048482894897461
0.12100320309400558
0.12115031480789185
0.12146688997745514
0.12135779112577438
0.12509918212890625
0.12511298060417175
0.12424979358911514
0.12445701658725739
0.12248344719409943
0.12237846851348877
0.12996447086334229
0.12983188033103943
0.1217125803232193
0.12167088687419891
0.12945377826690674
0.1294700801372528
0.12113039195537567
0.12090884149074554
0.1220160573720932
0.12190765142440796
0.1299363225698471
0.12970279157161713
0.12476066499948502
0.12490925937891006
0.12300366908311844
0.12315432727336884
0.12091584503650665
0.12089744955301285
0.12464450299739838
0.1247309222817421
0.12415196746587753
0.12396040558815002
0.12265610694885254
0.12280599772930145
0.125853031873703
0.12573394179344177
0.12446971237659454
0.12452492117881775
0.12296294420957565
0.12312636524438858
0.12672938406467438
0.12692764401435852
0.13025309145450592
0.1299818754196167
0.12481403350830078
0.12473387271165848
0.12170042097568512
0.12190061807632446
0.13600756227970123
0.13594451546669006
0.12345906347036362
0.12339358031749725
0.12995339930057526
0.12985816597938538
0.12854048609733582
0.12852303683757782
0.12791284918785095
0.1277918517589569
0.12502743303775787
0.12487244606018066
0.12715037167072296
0.1274130940437317
0.12073775380849838
0.12089122086763382
0.12326518446207047
0.12308678776025772
0.11937353760004044
0.11961802840232849
0.12389668822288513
0.12394694983959198
0.122519351541996
0.12264790385961533
0.12256798148155212
0.12254977971315384
0.12210182845592499
0.12215358763933182
0.12236122041940689
0.12247920781373978
0.12054435163736343
0.12064439058303833
0.12268292158842087
0.12281610816717148
0.11845992505550385
0.1185654029250145
0.1287604421377182
0.1287212371826172
0.11936672031879425
0.11933955550193787
0.1254349797964096
0.1255786418914795
0.12173816561698914
0.12155962735414505
0.12601009011268616
0.12591619789600372
0.12575215101242065
0.12569183111190796
0.12370385974645615
0.12364266812801361
0.12094578146934509
0.12096571177244186
0.12209634482860565
0.12217286974191666
0.12628251314163208
0.1262887716293335
0.12407085299491882
0.1238093450665474
0.12571680545806885
0.12556558847427368
0.12478495389223099
0.12479883432388306
0.12361431121826172
0.12380892038345337
0.12280042469501495
0.12246549129486084
0.12298200279474258
0.12286434322595596
0.1258898228406906
0.1257820576429367
0.12428565323352814
0.124134860932827
0.12549170851707458
0.12560981512069702
0.12596119940280914
0.12593646347522736
0.12397926300764084
0.12355159968137741
0.12478475272655487
0.12508901953697205
0.12583807110786438
0.12583032250404358
0.1248735710978508
0.12505681812763214
0.12348301708698273
0.12340064346790314
0.11949239671230316
0.11960773915052414
0.12092218548059464
0.12079647183418274
0.12427929788827896
0.12422835826873779
0.12430000305175781
0.12426787614822388
0.12542229890823364
0.12521041929721832
0.12302815169095993
0.12293826043605804
0.12648899853229523
0.1265869140625
0.12340321391820908
0.12316262722015381
0.12370967864990234
0.12358438223600388
0.1266079694032669
0.12645651400089264
0.12435857951641083
0.12406953424215317
0.124881312251091
0.12498843669891357
0.12658417224884033
0.12643654644489288
0.12342856079339981
0.12362021952867508
0.12458162754774094
0.12433183193206787
0.1207832470536232
0.12098981440067291
0.1225825622677803
0.122561015188694
0.1270146667957306
0.12710177898406982
0.12099246680736542
0.12098949402570724
0.12704838812351227
0.1271943897008896
0.12461777776479721
0.12470778077840805
0.12837904691696167
0.12808652222156525
0.12567587196826935
0.12566222250461578
0.12356637418270111
0.12357280403375626
0.12627844512462616
0.12629520893096924
0.1256657838821411
0.12572439014911652
0.12818630039691925
0.12814044952392578
0.12794359028339386
0.12807689607143402
0.12751081585884094
0.12736718356609344
0.1225181594491005
0.12257744371891022
0.12374861538410187
0.12378466129302979
0.12382142245769501
0.123777374625206
0.1276008039712906
0.12749309837818146
0.1282733529806137
0.12809626758098602
0.12532295286655426
0.12537319958209991
0.12790146470069885
0.127905011177063
0.12357225269079208
0.12354381382465363
0.12133915722370148
0.12141606211662292
0.12188400328159332
0.12182335555553436
0.12391477078199387
0.12396551668643951
0.12103819847106934
0.12106270343065262
0.12513509392738342
0.12525592744350433
0.12649765610694885
0.12614281475543976
0.12655213475227356
0.1267130970954895
0.12470515817403793
0.12470202893018723
0.12211798876523972
0.12377224117517471
0.12394475191831589
0.12403682619333267
0.12379123270511627
0.12414037436246872
0.1237151250243187
