0.5736943483352661
0.292447030544281
0.2918749451637268
0.7759219408035278
0.7759219408035278
0.8124066591262817
0.8124066591262817
0.7759219408035278
0.7759219408035278
0.7416163086891174
0.7416163086891174
0.7133646607398987
0.7133646607398987
0.7416163086891174
0.7416163086891174
0.7416163086891174
0.7416163086891174
0.7133646607398987
0.7416163086891174
0.7133646607398987
0.7416163086891174
0.7416163086891174
0.7416163086891174
0.7133646607398987
0.7133646607398987
0.7133646607398987
0.7133646607398987
0.7133646607398987
0.7133646607398987
0.7133646607398987
0.7133646607398987
0.7133646607398987
0.7133646607398987
0.6925417184829712
0.7133646607398987
0.7133646607398987
0.6925417184829712
0.6672981977462769
0.6925417184829712
0.6672981977462769
0.6672981977462769
0.6672981977462769
0.6672981977462769
0.6672981977462769
0.6672981977462769
0.6376999020576477
0.6672981977462769
0.6672981977462769
0.23592546582221985
0.5908935070037842
0.22956214845180511
0.5586302280426025
0.5908935070037842
0.18986117839813232
0.18941399455070496
0.15368914604187012
0.15359586477279663
0.10613414645195007
0.10597094893455505
0.08122563362121582
0.08050504326820374
0.06805887818336487
0.06653815507888794
0.045032769441604614
0.04593977332115173
0.02736625075340271
0.028384804725646973
0.01999238133430481
0.02120646834373474
0.0156567245721817
0.018153473734855652
0.02387496829032898
0.02383720874786377
0.030844539403915405
0.030318081378936768
0.017359748482704163
0.017780661582946777
0.019174247980117798
0.019755452871322632
0.016083627939224243
0.017408713698387146
0.024204134941101074
0.02479231357574463
0.015006795525550842
0.013654440641403198
0.019101321697235107
0.01922553777694702
0.015923261642456055
0.01833745837211609
0.028248876333236694
0.028088361024856567
0.03005889058113098
0.02918952703475952
0.02705693244934082
0.027253419160842896
0.02861616015434265
0.02951151132583618
0.03010353446006775
0.03007376194000244
0.03021225333213806
0.031357258558273315
0.03080853819847107
0.030792057514190674
0.028984785079956055
0.02952924370765686
0.027839303016662598
0.028566330671310425
0.01233401894569397
0.012516796588897705
0.02921462059020996
0.02972474694252014
0.01554134488105774
0.015736669301986694
0.02276495099067688
0.022419661283493042
0.025746464729309082
0.025483280420303345
0.014934390783309937
0.01399645209312439
0.009456157684326172
0.010240912437438965
0.009334266185760498
0.009471848607063293
0.010378405451774597
0.010138161480426788
0.011599212884902954
0.011968910694122314
0.02344372868537903
0.02348831295967102
0.017283082008361816
0.01781103014945984
0.011942625045776367
0.011775165796279907
0.016427606344223022
0.017221391201019287
0.011670321226119995
0.01187637448310852
0.01138085126876831
0.01099446415901184
0.010379038751125336
0.010164961218833923
0.008664608001708984
0.008537530899047852
0.015287071466445923
0.015359312295913696
0.009220659732818604
0.009431570768356323
0.0082688108086586
0.00808466225862503
0.015801429748535156
0.017134785652160645
0.008313395082950592
0.008052080869674683
0.008999526500701904
0.009149938821792603
0.007662370800971985
0.00835081934928894
0.011980146169662476
0.011524438858032227
0.023012906312942505
0.022376924753189087
0.009128637611865997
0.009199731051921844
0.011019676923751831
0.010222434997558594
0.01191750168800354
0.01148948073387146
0.016861021518707275
0.017314612865447998
0.013343483209609985
0.012935101985931396
0.009663641452789307
0.00952497124671936
0.013799130916595459
0.013570427894592285
0.012053996324539185
0.011625409126281738
0.009841859340667725
0.009912163019180298
0.013036102056503296
0.012994438409805298
0.012045234441757202
0.012002676725387573
0.010078996419906616
0.009243875741958618
0.012708187103271484
0.01320803165435791
0.01109287142753601
0.01095271110534668
0.012509405612945557
0.012446552515029907
0.008948355913162231
0.00910833477973938
0.011644512414932251
0.011153697967529297
0.009052246809005737
0.009397774934768677
0.009860903024673462
0.00952988862991333
0.011436790227890015
0.011138558387756348
0.012887179851531982
0.012457877397537231
0.011476635932922363
0.011813431978225708
0.013010859489440918
0.01244404911994934
0.010950922966003418
0.010614633560180664
0.017770111560821533
0.018075287342071533
0.017522364854812622
0.017185956239700317
0.011202633380889893
0.011156260967254639
0.02086097002029419
0.020102232694625854
0.015368342399597168
0.014888137578964233
0.01561892032623291
0.015743136405944824
0.007085949182510376
0.0074455514550209045
0.011727720499038696
0.011386215686798096
0.011171102523803711
0.010335803031921387
0.013609766960144043
0.013062626123428345
0.014149457216262817
0.01407673954963684
0.010195910930633545
0.00981515645980835
0.008065380156040192
0.008389830589294434
0.010954797267913818
0.010658293962478638
0.014830350875854492
0.01557108759880066
0.02089753746986389
0.021119296550750732
0.010999828577041626
0.011519432067871094
0.013104349374771118
0.014102250337600708
0.009676039218902588
0.009834706783294678
0.014035940170288086
0.014063984155654907
0.006466925144195557
0.006963543593883514
0.006474107503890991
0.006478846073150635
0.006931483745574951
0.0062299370765686035
0.006688803434371948
