0.24036669731140137
0.04067901149392128
0.04058052599430084
0.04547451436519623
0.030019840225577354
0.033351827412843704
0.030083730816841125
0.02496180683374405
0.02501532807946205
0.019695080816745758
0.025346552953124046
0.02071971632540226
0.025396550074219704
0.029087699949741364
0.02909036912024021
0.028799284249544144
0.028828762471675873
0.024317502975463867
0.028472881764173508
0.024057278409600258
0.028233466669917107
0.02809849940240383
0.028111396357417107
0.023703332990407944
0.023714862763881683
0.023625988513231277
0.0236117672175169
0.02346665784716606
0.023472685366868973
0.023316215723752975
0.02331724390387535
0.023221947252750397
0.023223860189318657
0.019369637593626976
0.023161323741078377
0.02319166250526905
0.019363371655344963
0.01563568040728569
0.019216598942875862
0.015696344897150993
0.015711801126599312
0.015602645464241505
0.01561156939715147
0.015558398328721523
0.01555637177079916
0.012185591273009777
0.015483043156564236
0.01545476820319891
0.0020305500365793705
0.006378753110766411
0.0016598479123786092
0.0037248970475047827
0.006131456233561039
0.0010482282377779484
0.0010429200483486056
0.000681852747220546
0.0006790045299567282
0.0002971276408061385
0.0002942330902442336
0.00015915081894490868
0.0001565166312502697
0.00011508080206112936
0.00011235660349484533
5.7540171837899834e-05
5.939901529927738e-05
2.9716993594774976e-05
2.9504875783459283e-05
3.5983845009468496e-05
3.4717108064796776e-05
2.1653531803167425e-05
2.2469841496786103e-05
3.093479972449131e-05
3.207231202395633e-05
6.636708712903783e-05
6.74340917612426e-05
1.768626862030942e-05
1.7620861399336718e-05
2.2834583432995714e-05
2.329026028746739e-05
2.0899728042422794e-05
2.187038990086876e-05
2.4468761694151908e-05
2.5804985853028484e-05
1.611398511158768e-05
1.4869417100271676e-05
4.057081605424173e-05
4.138426811550744e-05
2.0823250451940112e-05
2.3288077500183135e-05
3.851993096759543e-05
3.861961522488855e-05
6.980451144045219e-05
6.549090176122263e-05
3.440428554313257e-05
3.68818364222534e-05
4.08106243412476e-05
4.357564466772601e-05
4.880492633674294e-05
4.981958772987127e-05
5.185420377529226e-05
5.543544830288738e-05
5.784575841971673e-05
5.4887485021026805e-05
5.6598753872094676e-05
5.951423736405559e-05
3.8593825593125075e-05
3.9666272641625255e-05
2.5871058824122883e-05
2.6235484256176278e-05
4.067924965056591e-05
4.12975532526616e-05
2.55237209785264e-05
2.5638382794568315e-05
2.1201514755375683e-05
2.0398972992552444e-05
4.2654537537600845e-05
3.960852700402029e-05
8.910122232919093e-06
9.167657481157221e-06
8.532728315913118e-06
8.381650332012214e-06
8.107779649435543e-06
8.346023605554365e-06
1.3932067304267548e-05
1.3287390174809843e-05
1.1219713996979408e-05
1.1474605344119482e-05
2.4519142243661918e-05
2.522362774470821e-05
1.1707808880601078e-05
1.274551686947234e-05
8.253294254245702e-06
7.942449883557856e-06
1.0047116120404098e-05
1.1821394764410798e-05
6.3589536694053095e-06
6.238497007871047e-06
1.1472677215351723e-05
1.109427375922678e-05
1.1276420082140248e-05
1.0836452929652296e-05
7.533486495958641e-06
7.192094926722348e-06
9.553747986501548e-06
9.754301572684199e-06
8.909516509447712e-06
9.192641300614923e-06
6.636337275267579e-06
6.565334388142219e-06
1.0916549399553332e-05
1.2724278349196538e-05
6.127821961854352e-06
6.1006744545011315e-06
1.0195816685154568e-05
1.0451751222717576e-05
5.684213192580501e-06
6.30843487670063e-06
7.403194558719406e-06
7.134113275242271e-06
5.010566019336693e-05
4.6866556658642367e-05
1.2518029507191386e-05
1.2693377357209101e-05
5.652024356095353e-06
4.9215291255677585e-06
1.1912698937521782e-05
1.1087542588938959e-05
1.1800572792708408e-05
1.2328160664765164e-05
7.504177574446658e-06
7.254401680256706e-06
1.1192581951036118e-05
1.1081210686825216e-05
8.909291864256375e-06
8.238343980337959e-06
7.699502930336166e-06
7.339087915170239e-06
1.0365733942307997e-05
1.0250409104628488e-05
7.076980182318948e-06
7.424366231134627e-06
6.033591944287764e-06
6.1766877479385585e-06
1.2403009350236971e-05
1.0861494956770912e-05
6.96114284437499e-06
6.8891376940882765e-06
4.6863187890267e-06
4.426675332069863e-06
8.594751307100523e-06
7.942388037918136e-06
7.960215953062288e-06
8.14097893453436e-06
1.5526353308814578e-05
1.4952146557334345e-05
1.134063222707482e-05
1.1660485142783727e-05
7.691596692893654e-06
7.510815976274898e-06
1.1518000064825173e-05
1.1256165635131765e-05
9.393035725224763e-06
9.09376103663817e-06
1.476320449000923e-05
1.602740667294711e-05
8.595327017246746e-06
7.703255505475681e-06
1.3140522241883446e-05
1.1844653272419237e-05
1.2292909559619147e-05
1.3332651178643573e-05
1.549964326841291e-05
1.4750210539205e-05
2.142496668966487e-05
2.1268218915793113e-05
5.553047958528623e-05
5.263432103674859e-05
1.527074709883891e-05
1.442371285520494e-05
8.878705557435751e-06
9.243840395356528e-06
3.8037435388105223e-06
4.012510544271208e-06
6.995721378189046e-06
6.6293087002122775e-06
1.1707893463608343e-05
1.1577295481401961e-05
7.017326424829662e-06
6.586309609701857e-06
8.529834303772077e-06
8.579905625083484e-06
8.149459972628392e-06
7.628658295288915e-06
1.0825549907167442e-05
1.0694788215914741e-05
1.2830583727918565e-05
1.2478737517085392e-05
7.862321581342258e-06
8.918409548641648e-06
3.718638254213147e-05
3.673056198749691e-05
5.154278369445819e-06
5.369961854739813e-06
6.26686187388259e-06
6.759903044439852e-06
1.0985784683725797e-05
1.1576786164368968e-05
6.437146112148184e-06
6.761074473615736e-06
8.844116564432625e-06
3.9053234104358125e-06
3.992074198322371e-06
3.710025794134708e-06
3.826839019893669e-06
3.856771854771068e-06
3.726673867276986e-06
