0.2976382374763489
0.2976728081703186
0.11293146014213562
0.11271060258150101
0.01658402942121029
0.01657562330365181
0.013125032186508179
0.01311376504600048
0.01240535918623209
0.012402554973959923
0.011363248340785503
0.011369884945452213
0.009941903874278069
0.009959935210645199
0.00807795487344265
0.008091703988611698
0.006793025881052017
0.006811255123466253
0.00596075551584363
0.005967012606561184
0.0052727703005075455
0.005267729051411152
0.0050530084408819675
0.005079071968793869
0.004425715655088425
0.004411027766764164
0.004079517908394337
0.004073688294738531
0.0038975486531853676
0.003899558214470744
0.0033943532034754753
0.003390183672308922
0.003061082912608981
0.0030729733407497406
0.002947885310277343
0.002947581931948662
0.003541225101798773
0.0035106989089399576
0.0028239432722330093
0.0028371016960591078
0.0031396502163261175
0.003147431183606386
0.002905466826632619
0.0029758114833384752
0.0025852241087704897
0.0025965776294469833
0.002910028677433729
0.002907745074480772
0.0023225226905196905
0.0023156781680881977
0.0020242773462086916
0.00202465639449656
0.0027597874868661165
0.0027754015754908323
0.0017493697814643383
0.0017607050249353051
0.0017161390278488398
0.0017192317172884941
0.001647963305003941
0.0016229990869760513
0.0012499402510002255
0.0012418120168149471
0.001309167710132897
0.0013049846747890115
0.001468435162678361
0.001454464509151876
0.0010947457049041986
0.001101881149224937
0.002185420598834753
0.0021238685585558414
0.0008147372282110155
0.0008021329995244741
0.001738610677421093
0.0017471505561843514
0.00394871411845088
0.0039883023127913475
0.0009850888745859265
0.0009644523961469531
0.001899005495943129
0.0019317003898322582
0.001484218635596335
0.0014871805906295776
0.001290584565140307
0.0012976191937923431
0.0006918022409081459
0.0006811832427047193
0.001567586325109005
0.001601322670467198
0.0017050520982593298
0.001736386795528233
0.0013199095847085118
0.0013389234663918614
0.002685137325897813
0.002629852155223489
0.001196580589748919
0.0012340279063209891
0.0015071273082867265
0.0015086831990629435
0.0016268297331407666
0.0016430136747658253
0.0017822044901549816
0.0018147381488233805
0.0018861389253288507
0.0018186328234151006
0.0023303718771785498
0.0023565744049847126
0.0013657395029440522
0.0013683965662494302
0.002210211241617799
0.0021933200769126415
0.00171650480479002
0.0017106919549405575
0.0021870972122997046
0.0021910490468144417
0.000932725437451154
0.000922300445381552
0.0018748408183455467
0.0018329254817217588
0.0007583603146485984
0.0007734366809017956
0.0007704481249675155
0.0007204730645753443
0.0006332325865514576
0.000619635684415698
0.0015555695863440633
0.001523839426226914
0.0012390383053570986
0.001209812005981803
0.0010493393056094646
0.0010454065632075071
0.0007517758058384061
0.0007913635345175862
0.0008774824673309922
0.0008700666367076337
0.000662000966258347
0.0006863559246994555
0.0005476161022670567
0.0005401436937972903
0.0008948845788836479
0.0009592587593942881
0.0012427414767444134
0.0012242578668519855
0.0006657461635768414
0.0006500860909000039
0.0006793130887672305
0.0006746859289705753
0.000732707732822746
0.0007515058387070894
0.0008125677122734487
0.0008024811977520585
0.0008110459893941879
0.0008994545205496252
0.0005386644625104964
0.0005461781984195113
0.0009272849420085549
0.0009257947676815093
0.0005064211436547339
0.000521792855579406
0.0008048716117627919
0.0008019455708563328
0.0025683273561298847
0.0024986614007502794
0.0015303584514185786
0.0015291244490072131
0.0005987591575831175
0.0005665196222253144
0.0006221575895324349
0.0006065774941816926
0.0007382460171356797
0.0007368960068561137
0.0007777101709507406
0.0007917375769466162
0.0010240658884868026
0.001038125716149807
0.0008724532090127468
0.0008558934205211699
0.0008401994127780199
0.000818293949123472
0.0009339517564512789
0.0009305999847128987
0.0006324464338831604
0.0006875438266433775
0.0005889820749871433
0.0005976269021630287
0.0010890798876062036
0.0010589414741843939
0.0007239966653287411
0.0006759564857929945
0.0004580098029691726
0.00045471801422536373
0.0011708831880241632
0.001131454249843955
0.0009054771508090198
0.0009265237604267895
0.001213172567076981
0.0011988799087703228
0.001619083690457046
0.0016292898217216134
0.0011962056159973145
0.001188207883387804
0.0006603572401218116
0.0006573995924554765
0.0013500694185495377
0.0013332265662029386
0.0009885657345876098
0.0010352651588618755
0.0008991071372292936
0.0008532797219231725
0.0010246720630675554
0.000970318156760186
0.0007466401439160109
0.0007540500955656171
0.0014732738491147757
0.0014427320566028357
0.001701077213510871
0.0017230306984856725
0.0019126100232824683
0.0018865829333662987
0.00138711160980165
0.0013840470928698778
0.0006522904732264578
0.0006515386048704386
0.0004965603002347052
0.0004794033302459866
0.001084070885553956
0.0010803693439811468
0.0016292021609842777
0.0016439688624814153
0.0006482785101979971
0.0006322903209365904
0.0010347474599257112
0.0010388662340119481
0.0007281482685357332
0.0007271635113283992
0.0015489001525565982
0.0015241451328620315
0.0013117712223902345
0.0013618142111226916
0.0006243537063710392
0.0006833362276665866
0.0022204159758985043
0.0021946511697024107
0.0007546097040176392
0.0007601690595038235
0.0007835478172637522
0.0007438792963512242
0.001050277380272746
0.0010697637917473912
0.0005197071586735547
0.0005331872962415218
0.0011698695598170161
0.0005025614518672228
0.0004739722644444555
0.00048631796380504966
0.0004928354173898697
0.0004763736214954406
0.0005000181263312697
