0.30495935678482056
0.3038804531097412
0.08953996002674103
0.08913689106702805
0.005452388431876898
0.005447863135486841
0.005064031109213829
0.005059799179434776
0.004860633052885532
0.004859943874180317
0.0046369233168661594
0.004638387355953455
0.004313913639634848
0.004317405167967081
0.003929042723029852
0.003933360334485769
0.0036515980027616024
0.003656832966953516
0.0034350906498730183
0.0034355465322732925
0.003253422910347581
0.003254396142438054
0.0031141394283622503
0.003118416527286172
0.003008133266121149
0.0030060072895139456
0.0029156419914215803
0.0029153935611248016
0.0028179644141346216
0.0028159376233816147
0.002695278497412801
0.0026946512516587973
0.0025252923369407654
0.0025267754681408405
0.002401540521532297
0.0024012322537600994
0.0024717748165130615
0.0024666357785463333
0.002348825102671981
0.0023502756375819445
0.0024117298889905214
0.0024143557529896498
0.0023302745539695024
0.002336557488888502
0.0023008037824183702
0.002301802160218358
0.0023234146647155285
0.0023254533298313618
0.002262894529849291
0.002253976883366704
0.0022144808899611235
0.0022080012131482363
0.0022177905775606632
0.002218938898295164
0.0020866673439741135
0.0020840310025960207
0.0019345707260072231
0.0019359776051715016
0.0016277011018246412
0.0016326734330505133
0.001296445494517684
0.0012903549941256642
0.001066515571437776
0.0010482151992619038
0.0007945887628011405
0.0008056079968810081
0.000601898122113198
0.000606006768066436
0.0007156043429858983
0.0006981429760344326
0.0005426833522506058
0.000539539847522974
0.0005961727583780885
0.0005992657388560474
0.0009761546389199793
0.0009758751257322729
0.0004326217749621719
0.0004301249864511192
0.0005325422971509397
0.0005401892703957856
0.0005321372882463038
0.000538261141628027
0.0005200516316108406
0.0005300220800563693
0.0004494136373978108
0.0004358007572591305
0.0008111906936392188
0.0008221170282922685
0.000495036190841347
0.0005102934082970023
0.0006813043146394193
0.0006827448378317058
0.0009359365212731063
0.0009087450453080237
0.0006361135747283697
0.0006510657258331776
0.0007089601131156087
0.0007240448612719774
0.0007661873241886497
0.0007686520111747086
0.0007933151791803539
0.0008177684503607452
0.0008389929425902665
0.000820235232822597
0.0008444719715043902
0.0008598347194492817
0.0006775970105081797
0.0006878209533169866
0.0005977111868560314
0.0006053089746274054
0.0007230032351799309
0.0007310533546842635
0.0005707651725970209
0.0005735439481213689
0.0005142148584127426
0.0005009575397707522
0.0007376089924946427
0.0007174041820690036
0.0003280842211097479
0.00032521397224627435
0.000333954842062667
0.00032568859751336277
0.0003166020615026355
0.0003206618712283671
0.0004262626462150365
0.0004183833079878241
0.00037348465411923826
0.0003737401566468179
0.0005622557946480811
0.0005659468588419259
0.00038303874316625297
0.00039729016134515405
0.00032797205494716763
0.0003233911993447691
0.000358848599717021
0.0003820593992713839
0.00026858376804739237
0.00026718011940829456
0.0004013234574813396
0.00039456156082451344
0.00037959672044962645
0.0003738114901352674
0.0003232039452996105
0.0003102040209341794
0.00034296230296604335
0.0003440241271164268
0.0003577819443307817
0.00036415504291653633
0.00030034719384275377
0.00029963956330902874
0.0003725384012795985
0.00040839312714524567
0.0002821785456035286
0.00028401895542629063
0.0003887228958774358
0.0003950713144149631
0.0002741340722423047
0.00029606858151964843
0.00030839323881082237
0.0003020007279701531
0.0008346001850441098
0.0008085960289463401
0.00041692465310916305
0.000420860800659284
0.00026139692636206746
0.00024654061417095363
0.0004241604474373162
0.00040990737034007907
0.00039243733044713736
0.0003992541169282049
0.00030898593831807375
0.00030446070013567805
0.0004130560555495322
0.0004126040730625391
0.0003381459100637585
0.00032777333399280906
0.00031500181648880243
0.000305853842291981
0.000398077565478161
0.0003953112754970789
0.00030149627127684653
0.00031163019593805075
0.00027697833138518035
0.00027864830917678773
0.000439219904365018
0.0004086649278178811
0.00029836836620233953
0.00029710016679018736
0.00023647586931474507
0.00023255008272826672
0.00033240762422792614
0.0003209782880730927
0.00033453875221312046
0.0003393577062524855
0.0004954875912517309
0.00048518984112888575
0.0003973346611019224
0.00040190009167417884
0.000336266472004354
0.0003343088610563427
0.00042117873090319335
0.00041547868750058115
0.0003708677540998906
0.00036636731238104403
0.00048200017772614956
0.0005040452815592289
0.0003368167672306299
0.00031956573366187513
0.0004531894810497761
0.0004283434827812016
0.0004086910339538008
0.0004215416847728193
0.00047421109047718346
0.00046315969666466117
0.0005860045203007758
0.0005834793555550277
0.0009727062424644828
0.0009447779739275575
0.00046156937605701387
0.00044852658174932003
0.0003440825385041535
0.0003485037887003273
0.0002243590570287779
0.0002270461554871872
0.00031529617263004184
0.0003106302465312183
0.00042243534699082375
0.00042236008448526263
0.0003091023536399007
0.0002975122188217938
0.00034231168683618307
0.00034294312354177237
0.00034716559457592666
0.00033353216713294387
0.00039047529571689665
0.0003874571993947029
0.0004388575616758317
0.0004325327754486352
0.000321192666888237
0.00034531965502537787
0.0007221929263323545
0.0007170160533860326
0.00026728733791969717
0.0002713689173106104
0.00029360587359406054
0.0003048056678380817
0.0004136025963816792
0.0004252997459843755
0.0002923321444541216
0.0002991601068060845
0.000366042775567621
0.00022601553064305335
0.00023085896100383252
0.0002223484916612506
0.00022346118930727243
0.00022753614757675678
0.0002230760728707537
