237.05735778808594
236.08412170410156
67.86030578613281
67.52201843261719
0.3067137897014618
0.31337830424308777
0.7983025908470154
0.793988823890686
0.5467752814292908
0.5466101169586182
0.6380797028541565
0.6371299624443054
0.6104240417480469
0.6091904044151306
0.5405198335647583
0.545477569103241
0.4762920141220093
0.4753503203392029
0.48397260904312134
0.4858010411262512
0.4927137792110443
0.4880969524383545
0.397634357213974
0.3964441418647766
0.46361398696899414
0.46026289463043213
0.41849011182785034
0.4187972843647003
0.4292509853839874
0.42933574318885803
0.481897234916687
0.4816166162490845
0.4207257032394409
0.42282071709632874
0.3255334198474884
0.32284319400787354
0.3167051374912262
0.314736008644104
0.36299437284469604
0.36064377427101135
0.2978767156600952
0.2990451753139496
0.3216467499732971
0.3198090195655823
0.30484700202941895
0.3073250949382782
0.36392614245414734
0.361312597990036
0.30397194623947144
0.30692166090011597
0.44133463501930237
0.4399816691875458
0.36213386058807373
0.36075422167778015
0.5270494222640991
0.5180095434188843
0.5104366540908813
0.520817220211029
0.6173413991928101
0.63887619972229
0.5039575099945068
0.5063027143478394
0.2648759186267853
0.2676973044872284
0.2468934953212738
0.25099512934684753
0.25010237097740173
0.24744142591953278
0.23024341464042664
0.22648148238658905
0.20991761982440948
0.21278779208660126
0.18378745019435883
0.18668630719184875
0.1955939531326294
0.2016126960515976
0.17605486512184143
0.17690111696720123
0.1694931536912918
0.1701631098985672
0.16954770684242249
0.17192339897155762
0.16192029416561127
0.16559523344039917
0.1633623242378235
0.15751971304416656
0.18044157326221466
0.18500933051109314
0.15953898429870605
0.1685429960489273
0.16011092066764832
0.1605588048696518
0.19336818158626556
0.1888405680656433
0.16063815355300903
0.16808830201625824
0.158365860581398
0.16728422045707703
0.1731124371290207
0.17723961174488068
0.17261026799678802
0.17665857076644897
0.17912161350250244
0.1742028295993805
0.17720556259155273
0.18201643228530884
0.16296792030334473
0.16101989150047302
0.17328797280788422
0.17363326251506805
0.14882348477840424
0.14403136074543
0.15769313275814056
0.1555483043193817
0.12863042950630188
0.13207241892814636
0.15874820947647095
0.14848095178604126
0.12005744129419327
0.12566602230072021
0.12439869344234467
0.12780959904193878
0.1295674741268158
0.1301884651184082
0.13728293776512146
0.13424815237522125
0.1262446641921997
0.1288532018661499
0.12418562173843384
0.12838314473628998
0.11017906665802002
0.11500779539346695
0.1132405623793602
0.1114695817232132
0.10191972553730011
0.11254853755235672
0.11145946383476257
0.10991518199443817
0.1284704953432083
0.1294761598110199
0.1264255791902542
0.12458232045173645
0.11186348646879196
0.11202236264944077
0.10621848702430725
0.108925960958004
0.11264882981777191
0.1126985102891922
0.10419967025518417
0.10487032681703568
0.10455434769392014
0.10132825374603271
0.10941243171691895
0.10587409138679504
0.1116773709654808
0.11721231043338776
0.10662098973989487
0.11362006515264511
0.09806961566209793
0.09765986353158951
0.13578718900680542
0.13149885833263397
0.1231275424361229
0.1283731609582901
0.09758380800485611
0.09608194231987
0.1185007318854332
0.12993089854717255
0.09732852131128311
0.10022424906492233
0.09522098302841187
0.09396354109048843
0.11514361947774887
0.1179785430431366
0.09850014001131058
0.09347992390394211
0.09572726488113403
0.09754268079996109
0.12083041667938232
0.11718741804361343
0.0923338532447815
0.08921968191862106
0.09023096412420273
0.09187385439872742
0.12528611719608307
0.11656040698289871
0.09126132726669312
0.09104149788618088
0.09033846110105515
0.08880361169576645
0.10178594291210175
0.09859874844551086
0.11478564888238907
0.11419408768415451
0.1151808649301529
0.12411171942949295
0.10636653006076813
0.10870891064405441
0.09261555224657059
0.08903918415307999
0.11666520684957504
0.12014178186655045
0.09167921543121338
0.09043033421039581
0.1242506206035614
0.12780824303627014
0.09278678894042969
0.09145902842283249
0.11993349343538284
0.10446282476186752
0.0847482830286026
0.09275176376104355
0.0963018611073494
0.09364350140094757
0.12617294490337372
0.12320369482040405
0.18829724192619324
0.18735554814338684
0.09599150717258453
0.09652043879032135
0.08227784186601639
0.08667246997356415
0.09488680958747864
0.09250744432210922
0.08559729903936386
0.08180972933769226
0.0939926728606224
0.09696710109710693
0.07867012917995453
0.08149760961532593
0.08819586783647537
0.08885984122753143
0.10631471127271652
0.10221689939498901
0.10522940754890442
0.10244204103946686
0.12250810861587524
0.11812027543783188
0.08324645459651947
0.0815175399184227
0.11978383362293243
0.11963288486003876
0.07975757867097855
0.08053886890411377
0.07827134430408478
0.07679207623004913
0.09953730553388596
0.10664138942956924
0.07649313658475876
0.07793617248535156
0.09973056614398956
0.09116994589567184
0.09462500363588333
0.09254570305347443
0.0926976427435875
0.0945342555642128
0.09227775037288666
