1.2668907642364502
1.2668826580047607
0.6115866899490356
0.6116180419921875
0.21495887637138367
0.21487610042095184
0.22192415595054626
0.22193942964076996
0.23479211330413818
0.23487645387649536
0.23835483193397522
0.2384606897830963
0.22763721644878387
0.22752761840820312
0.21036507189273834
0.21039649844169617
0.19975215196609497
0.1998366415500641
0.19690769910812378
0.19663314521312714
0.1984781175851822
0.198331817984581
0.19510753452777863
0.19517281651496887
0.19830259680747986
0.19869914650917053
0.1977117508649826
0.19793018698692322
0.19688498973846436
0.1970704346895218
0.201289564371109
0.20131279528141022
0.19810783863067627
0.19834771752357483
0.19423100352287292
0.19416970014572144
0.2047041803598404
0.20456936955451965
0.19100230932235718
0.19101421535015106
0.20195436477661133
0.20204518735408783
0.188595712184906
0.18856734037399292
0.18976952135562897
0.18963447213172913
0.20172888040542603
0.20177534222602844
0.19360478222370148
0.19377650320529938
0.189575657248497
0.18969537317752838
0.18674524128437042
0.18674984574317932
0.1917741894721985
0.19168603420257568
0.1900593787431717
0.19024881720542908
0.18742191791534424
0.18761076033115387
0.19205334782600403
0.19154250621795654
0.18976634740829468
0.18965782225131989
0.18699215352535248
0.1869135946035385
0.1930304765701294
0.19304627180099487
0.19813242554664612
0.19829118251800537
0.18995028734207153
0.18940573930740356
0.18507754802703857
0.18504981696605682
0.20740467309951782
0.20757293701171875
0.18741904199123383
0.18746404349803925
0.1972942054271698
0.1974783092737198
0.19521614909172058
0.1952177733182907
0.19371764361858368
0.19369862973690033
0.1891748309135437
0.18940342962741852
0.19302619993686676
0.1926625370979309
0.18301409482955933
0.18274258077144623
0.18640770018100739
0.1864503175020218
0.18086940050125122
0.18117737770080566
0.18740181624889374
0.187400221824646
0.1854482740163803
0.18545778095722198
0.185562863945961
0.18568499386310577
0.1844954788684845
0.18459732830524445
0.185071662068367
0.18542693555355072
0.1820628046989441
0.18201223015785217
0.18573862314224243
0.18572835624217987
0.1790241152048111
0.17888489365577698
0.19476138055324554
0.1946670562028885
0.17970453202724457
0.1794849932193756
0.18933908641338348
0.18905405700206757
0.18269935250282288
0.18319955468177795
0.18929077684879303
0.18958769738674164
0.18921662867069244
0.18891753256320953
0.18580177426338196
0.18567845225334167
0.1812598705291748
0.1816459596157074
0.1830565333366394
0.18349811434745789
0.18968018889427185
0.18959003686904907
0.1862638294696808
0.18591970205307007
0.18863725662231445
0.18839646875858307
0.18688881397247314
0.18720050156116486
0.18503360450267792
0.18482016026973724
0.1832406371831894
0.18302281200885773
0.18378987908363342
0.18434424698352814
0.18821856379508972
0.18818043172359467
0.18541359901428223
0.18541811406612396
0.18730247020721436
0.18737100064754486
0.18801668286323547
0.18794040381908417
0.18477676808834076
0.1848171502351761
0.1866869181394577
0.18689033389091492
0.18806025385856628
0.187652125954628
0.18655189871788025
0.1867264062166214
0.18452024459838867
0.18465052545070648
0.17833732068538666
0.17837059497833252
0.17989131808280945
0.17990174889564514
0.1853427141904831
0.18551254272460938
0.18526099622249603
0.18517981469631195
0.1868748813867569
0.1871233433485031
0.18338604271411896
0.18336433172225952
0.18840493261814117
0.18831416964530945
0.18378785252571106
0.18375638127326965
0.18392953276634216
0.1839597225189209
0.18813841044902802
0.18865568935871124
0.18564938008785248
0.18541276454925537
0.18636509776115417
0.18646250665187836
0.18865501880645752
0.18855832517147064
0.18377748131752014
0.18392065167427063
0.1851586252450943
0.1854855865240097
0.17951913177967072
0.17938761413097382
0.18260951340198517
0.18232233822345734
0.18969058990478516
0.18950800597667694
0.17990629374980927
0.17994441092014313
0.18929997086524963
0.18895310163497925
0.1855434626340866
0.18541117012500763
0.1910911500453949
0.19092556834220886
0.18674533069133759
0.1869192123413086
0.18348020315170288
0.1835671216249466
0.18797814846038818
0.18781080842018127
0.18704800307750702
0.18681135773658752
0.19089113175868988
0.19075661897659302
0.1904439777135849
0.1906021684408188
0.1890162229537964
0.1890716403722763
0.1816582977771759
0.18188881874084473
0.18381987512111664
0.18410062789916992
0.1839316189289093
0.18399718403816223
0.18983648717403412
0.18975168466567993
0.1905936896800995
0.1907208114862442
0.18667255342006683
0.18630637228488922
0.19016321003437042
0.19040735065937042
0.18324309587478638
0.1832132786512375
0.17962318658828735
0.1795434057712555
0.18048447370529175
0.1802908182144165
0.18409718573093414
0.1837395280599594
0.17940405011177063
0.17948998510837555
0.18520215153694153
0.1856127232313156
0.1872934103012085
0.18727272748947144
0.1876215636730194
0.18770527839660645
0.18459250032901764
0.18480783700942993
0.1802826225757599
0.1838458925485611
0.18383681774139404
0.1839694380760193
0.18389251828193665
0.18384581804275513
0.1841033399105072
