1.26717209815979
1.2671635150909424
0.6116427779197693
0.6116746068000793
0.2149658501148224
0.2148820161819458
0.22192902863025665
0.2219434380531311
0.2347966879606247
0.23488087952136993
0.23835773766040802
0.2384617179632187
0.22763259708881378
0.2275267243385315
0.21036502718925476
0.21039478480815887
0.19975027441978455
0.19983834028244019
0.19690902531147003
0.19663050770759583
0.19848214089870453
0.198333740234375
0.19510963559150696
0.19517943263053894
0.1983104944229126
0.19870202243328094
0.1977212280035019
0.197933629155159
0.196893110871315
0.19707658886909485
0.20130077004432678
0.20131801068782806
0.19811463356018066
0.19835302233695984
0.1942409723997116
0.19418393075466156
0.20471735298633575
0.2045767456293106
0.19100990891456604
0.19102716445922852
0.20196473598480225
0.20205794274806976
0.18860165774822235
0.18857400119304657
0.189782977104187
0.1896449476480484
0.20174242556095123
0.2017897218465805
0.19361551105976105
0.19378724694252014
0.18958212435245514
0.18969930708408356
0.1867581307888031
0.18676143884658813
0.19178836047649384
0.1916903704404831
0.19007202982902527
0.19026301801204681
0.18743206560611725
0.18762201070785522
0.19206227362155914
0.19154712557792664
0.1897697150707245
0.18965984880924225
0.1869906187057495
0.18691664934158325
0.19303752481937408
0.1930488795042038
0.19813713431358337
0.19829854369163513
0.18995121121406555
0.18940706551074982
0.18508778512477875
0.1850489228963852
0.20740480720996857
0.20758098363876343
0.1874195784330368
0.1874728500843048
0.19730260968208313
0.19747982919216156
0.19522224366664886
0.19522777199745178
0.1937233805656433
0.19370144605636597
0.18918058276176453
0.18940679728984833
0.19302873313426971
0.19266165792942047
0.18301568925380707
0.18274664878845215
0.1864130198955536
0.18645943701267242
0.18087615072727203
0.18117883801460266
0.18740518391132355
0.18740788102149963
0.18545429408550262
0.1854596734046936
0.18557512760162354
0.185695081949234
0.18449848890304565
0.18459762632846832
0.1850714087486267
0.18542827665805817
0.18207025527954102
0.1820138543844223
0.18574295938014984
0.18573260307312012
0.17902223765850067
0.1788904368877411
0.19476409256458282
0.19467303156852722
0.1797083169221878
0.17948956787586212
0.18934449553489685
0.18905937671661377
0.1827009618282318
0.1831992119550705
0.18929313123226166
0.1895921379327774
0.1892285943031311
0.18891802430152893
0.18580371141433716
0.1856815367937088
0.18126095831394196
0.18164575099945068
0.1830611526966095
0.18350021541118622
0.18968163430690765
0.18959040939807892
0.18627381324768066
0.18592123687267303
0.1886361837387085
0.18840406835079193
0.1868908405303955
0.1872062236070633
0.1850387156009674
0.18482127785682678
0.18324443697929382
0.18302704393863678
0.1837989091873169
0.18434765934944153
0.18822111189365387
0.1881851851940155
0.18541394174098969
0.18541951477527618
0.1873091459274292
0.18737734854221344
0.18801844120025635
0.18794317543506622
0.1847735047340393
0.18482865393161774
0.18669553101062775
0.18689574301242828
0.1880623996257782
0.18765348196029663
0.18656206130981445
0.18672576546669006
0.18453170359134674
0.18466320633888245
0.17833814024925232
0.17837481200695038
0.17989496886730194
0.17989978194236755
0.18533965945243835
0.1855195313692093
0.18526007235050201
0.18518118560314178
0.18687963485717773
0.1871258020401001
0.183384969830513
0.1833675354719162
0.18840618431568146
0.18831832706928253
0.1837947815656662
0.18376734852790833
0.1839320808649063
0.18396490812301636
0.1881367713212967
0.1886616200208664
0.18565362691879272
0.18542183935642242
0.18636851012706757
0.18646220862865448
0.18865427374839783
0.18856604397296906
0.18377868831157684
0.18392115831375122
0.18516215682029724
0.1854921281337738
0.1795240044593811
0.179389089345932
0.18261346220970154
0.18232257664203644
0.1896936297416687
0.1895092874765396
0.17991197109222412
0.179951012134552
0.18930402398109436
0.18895681202411652
0.18554873764514923
0.18541459739208221
0.19108888506889343
0.19092725217342377
0.18674392998218536
0.1869245320558548
0.18347413837909698
0.1835685521364212
0.187986359000206
0.1878100335597992
0.1870499700307846
0.1868126541376114
0.19089455902576447
0.19075769186019897
0.19045068323612213
0.19060248136520386
0.1890154629945755
0.18907801806926727
0.18165749311447144
0.18189656734466553
0.1838218718767166
0.1841021329164505
0.18393097817897797
0.184002086520195
0.18983697891235352
0.18975330889225006
0.19059446454048157
0.1907254457473755
0.18668439984321594
0.18630826473236084
0.1901673674583435
0.19041334092617035
0.18325161933898926
0.1832154393196106
0.17962846159934998
0.17954802513122559
0.18048661947250366
0.18028762936592102
0.18410496413707733
0.18374823033809662
0.1794060617685318
0.17949388921260834
0.18520446121692657
0.18561409413814545
0.18729925155639648
0.18728040158748627
0.18762622773647308
0.18770712614059448
0.184599831700325
0.18481089174747467
0.18027934432029724
0.18308153748512268
0.18333396315574646
0.18330059945583344
0.18326810002326965
0.1832970678806305
0.18314684927463531
