0.6048255562782288
0.6048231720924377
0.31718218326568604
0.31715935468673706
0.11657692492008209
0.11653276532888412
0.12040004879236221
0.1204049214720726
0.12769941985607147
0.1277446746826172
0.13123391568660736
0.1312382072210312
0.12897484004497528
0.12880240380764008
0.12352532148361206
0.12355002760887146
0.1196097806096077
0.11978507786989212
0.1189270168542862
0.11866460740566254
0.12042155116796494
0.1204155758023262
0.11873025447130203
0.118801549077034
0.12137115746736526
0.12169664353132248
0.12179069221019745
0.12202884256839752
0.12201469391584396
0.1221417486667633
0.1259031593799591
0.12595854699611664
0.12487973272800446
0.12496427446603775
0.12328525632619858
0.1231863871216774
0.13095954060554504
0.13077890872955322
0.1224641278386116
0.12248779088258743
0.13027676939964294
0.13038694858551025
0.12178994715213776
0.12173173576593399
0.12285571545362473
0.12260846793651581
0.13089680671691895
0.13086752593517303
0.12553973495960236
0.12567198276519775
0.12354748696088791
0.12371863424777985
0.12200392037630081
0.12203913182020187
0.12557388842105865
0.1255243569612503
0.12471070140600204
0.12486942112445831
0.12349052727222443
0.12368366867303848
0.12677079439163208
0.12638817727565765
0.12536703050136566
0.1252732276916504
0.12352349609136581
0.12345554679632187
0.12761420011520386
0.12763306498527527
0.13089968264102936
0.13093717396259308
0.1257110834121704
0.12526464462280273
0.12238696962594986
0.12238394469022751
0.13682034611701965
0.13680534064769745
0.12422623485326767
0.12415902316570282
0.13063286244869232
0.13060876727104187
0.12953628599643707
0.12937292456626892
0.12844857573509216
0.12830032408237457
0.1256781816482544
0.12590372562408447
0.12837918102741241
0.12793323397636414
0.12172035872936249
0.12145292013883591
0.12381946295499802
0.1238691508769989
0.12027192115783691
0.12047645449638367
0.12459251284599304
0.1245080903172493
0.12335875630378723
0.1232857033610344
0.12343237549066544
0.12344647198915482
0.12272020429372787
0.12278792262077332
0.12302001565694809
0.12339229881763458
0.12108275294303894
0.12112001329660416
0.12366794049739838
0.12366238981485367
0.1195627748966217
0.11949954926967621
0.12969058752059937
0.12952972948551178
0.12000611424446106
0.11983904987573624
0.12650126218795776
0.12615378201007843
0.12198754400014877
0.12241881340742111
0.12659858167171478
0.1266648769378662
0.12662194669246674
0.12651246786117554
0.12453018128871918
0.1243450790643692
0.12152926623821259
0.12176356464624405
0.12275968492031097
0.12312585860490799
0.12703008949756622
0.12697619199752808
0.12499754875898361
0.12470859289169312
0.1267319619655609
0.12653695046901703
0.12548992037773132
0.12580667436122894
0.12455770373344421
0.12432016432285309
0.12348287552595139
0.12333015352487564
0.12361971288919449
0.12415354698896408
0.12683100998401642
0.1268070489168167
0.12493794411420822
0.12487304955720901
0.12632393836975098
0.1263417899608612
0.12675336003303528
0.1267203390598297
0.12452416121959686
0.12463328242301941
0.12582793831825256
0.126102477312088
0.12680581212043762
0.12649323046207428
0.1258229911327362
0.12600238621234894
0.12437785416841507
0.1245218887925148
0.12026682496070862
0.12026923149824142
0.12153409421443939
0.12151944637298584
0.12510469555854797
0.1252140998840332
0.12511295080184937
0.12492267787456512
0.12601391971111298
0.1262453943490982
0.12378709018230438
0.12386175245046616
0.1272999793291092
0.12708084285259247
0.12426821887493134
0.12417057901620865
0.1243320181965828
0.1241675317287445
0.12696507573127747
0.12758155167102814
0.12542201578617096
0.12536531686782837
0.12576639652252197
0.12594734132289886
0.1275886744260788
0.1274842917919159
0.12419765442609787
0.12429201602935791
0.12509547173976898
0.12526606023311615
0.12159422039985657
0.12152579426765442
0.12345793843269348
0.12319470942020416
0.12809035181999207
0.1279737949371338
0.12167080491781235
0.12172562628984451
0.1278429478406906
0.12760823965072632
0.125624880194664
0.12547890841960907
0.12894666194915771
0.1288648396730423
0.12649719417095184
0.12657588720321655
0.12423299998044968
0.1242687851190567
0.12726595997810364
0.12720666825771332
0.12658646702766418
0.1264246255159378
0.12904028594493866
0.12888267636299133
0.12898090481758118
0.12906712293624878
0.12818565964698792
0.12821795046329498
0.12292833626270294
0.1232123076915741
0.12446384131908417
0.12476258724927902
0.12476186454296112
0.12462331354618073
0.12853609025478363
0.1284150332212448
0.1290523111820221
0.12915916740894318
0.12654265761375427
0.1262511909008026
0.12870872020721436
0.12884940207004547
0.12452281266450882
0.12446543574333191
0.12214314192533493
0.12201466411352158
0.12272987514734268
0.12260686606168747
0.12497909367084503
0.12489306181669235
0.12189803272485733
0.12199821323156357
0.1258683204650879
0.12625813484191895
0.12722361087799072
0.12722446024417877
0.12747910618782043
0.12754596769809723
0.1254182755947113
0.12555569410324097
0.1227613314986229
0.12469420582056046
0.1246013417840004
0.12474998086690903
0.12462273985147476
0.12472864240407944
0.12494581192731857
