-0.02953934669494629
-0.029534339904785156
-0.005003690719604492
-0.00497889518737793
-0.0004374980926513672
-0.0003883838653564453
-0.00039315223693847656
-0.0003809928894042969
-0.0003502368927001953
-0.0004069805145263672
-0.0005242824554443359
-0.000446319580078125
-0.0007221698760986328
-0.0004935264587402344
-0.000522613525390625
-0.0005331039428710938
-0.0006101131439208984
-0.0009539127349853516
-0.0009031295776367188
-0.0005533695220947266
-0.0011026859283447266
-0.0008342266082763672
-0.0004856586456298828
-0.0008246898651123047
-0.0006105899810791016
-0.0012118816375732422
-0.0007874965667724609
-0.0008785724639892578
-0.0005478858947753906
-0.0007839202880859375
-0.0008039474487304688
-0.0008456707000732422
-0.0006299018859863281
-0.000507354736328125
-0.0008018016815185547
-0.0008080005645751953
-0.0009951591491699219
-0.0009469985961914062
-0.000751495361328125
-0.0008168220520019531
-0.0008230209350585938
-0.0009169578552246094
-0.0006594657897949219
-0.0008227825164794922
-0.0008397102355957031
-0.0007007122039794922
-0.0009605884552001953
-0.0011646747589111328
-0.0007791519165039062
-0.0007627010345458984
-0.0005438327789306641
-0.0005643367767333984
-0.0010881423950195312
-0.0011417865753173828
-0.0009293556213378906
-0.00079345703125
-0.0005586147308349609
-0.0009090900421142578
-0.0008344650268554688
-0.0008776187896728516
-0.0009176731109619141
-0.0006542205810546875
-0.0008974075317382812
-0.0007483959197998047
-0.0005605220794677734
-0.0003292560577392578
-0.0008847713470458984
-0.0007054805755615234
-0.0006465911865234375
-0.0009553432464599609
-0.0008971691131591797
-0.0005307197570800781
-0.0006866455078125
-0.0004832744598388672
-0.0008127689361572266
-0.0008609294891357422
-0.0007672309875488281
-0.0007655620574951172
-0.0006794929504394531
-0.0007505416870117188
-0.0009958744049072266
-0.0008499622344970703
-0.0005357265472412109
-0.0005085468292236328
-0.0006506443023681641
-0.0010311603546142578
-0.0012288093566894531
-0.0005202293395996094
-0.000982522964477539
-0.0005617141723632812
-0.0005543231964111328
-0.0007822513580322266
-0.0008983612060546875
-0.0008585453033447266
-0.0006959438323974609
-0.0005612373352050781
-0.0008394718170166016
-0.0006377696990966797
-0.0008645057678222656
-0.0008966922760009766
-0.0006184577941894531
-0.0006344318389892578
-0.0006587505340576172
-0.0009131431579589844
-0.0005383491516113281
-0.0004756450653076172
-0.0009849071502685547
-0.0008463859558105469
-0.0011029243469238281
-0.0009341239929199219
-0.0009300708770751953
-0.0008084774017333984
-0.0006394386291503906
-0.0004994869232177734
-0.0010662078857421875
-0.0005750656127929688
-0.0002493858337402344
-0.0008592605590820312
-0.0005884170532226562
-0.0007486343383789062
-0.0008697509765625
-0.0008206367492675781
-0.0008263587951660156
-0.0007023811340332031
-0.0005834102630615234
-0.0007977485656738281
-0.0006632804870605469
-0.0009529590606689453
-0.0007476806640625
-0.0006873607635498047
-0.0009267330169677734
-0.0008993148803710938
-0.0010151863098144531
-0.0009713172912597656
-0.0007050037384033203
-0.0010077953338623047
-0.0009434223175048828
-0.00051116943359375
-0.0006823539733886719
-0.0008647441864013672
-0.0006377696990966797
-0.0012891292572021484
-0.0009412765502929688
-0.0010249614715576172
-0.000652313232421875
-0.0007381439208984375
-0.0008323192596435547
-0.0007319450378417969
-0.0007922649383544922
-0.0007839202880859375
-0.0005447864532470703
-0.001081705093383789
-0.001043081283569336
-0.0010135173797607422
-0.0009677410125732422
-0.0006628036499023438
-0.0009493827819824219
-0.0009455680847167969
-0.0008947849273681641
-0.0011212825775146484
-0.000774383544921875
-0.0006616115570068359
-0.0006120204925537109
-0.0007228851318359375
-0.0008254051208496094
-0.000985860824584961
-0.0008130073547363281
-0.0006546974182128906
-0.0005915164947509766
-0.0010349750518798828
-0.0007588863372802734
-0.0009233951568603516
-0.0008108615875244141
-0.0004940032958984375
-0.0008649826049804688
-0.0010080337524414062
-0.0006222724914550781
-0.0005831718444824219
-0.0003571510314941406
-0.0011250972747802734
-0.0010633468627929688
-0.0012958049774169922
-0.000885009765625
-0.0009589195251464844
-0.0010044574737548828
-0.0010478496551513672
-0.0007691383361816406
-0.0006718635559082031
-0.0005137920379638672
-0.0009341239929199219
-0.0008108615875244141
-0.0005359649658203125
-0.0008754730224609375
-0.0006337165832519531
-0.00107574462890625
-0.0008718967437744141
-0.0006783008575439453
-0.000736236572265625
-0.0007946491241455078
-0.0004138946533203125
-0.001007080078125
-0.0007710456848144531
-0.0005676746368408203
-0.0007784366607666016
-0.0008213520050048828
-0.0009136199951171875
-0.0006666183471679688
-0.0006959438323974609
-0.0009875297546386719
-0.0009114742279052734
-0.0009207725524902344
-0.0007002353668212891
-0.0008540153503417969
-0.0007421970367431641
-0.0010373592376708984
-0.000990152359008789
-0.0006749629974365234
-0.000850677490234375
-0.0004100799560546875
-0.0006349086761474609
-0.0007152557373046875
-0.0009779930114746094
-0.0009405612945556641
-0.0008459091186523438
-0.0009353160858154297
-0.0009219646453857422
-0.0007789134979248047
-0.0010628700256347656
-0.0012197494506835938
-0.0008780956268310547
-0.0008072853088378906
-0.0009443759918212891
-0.0009505748748779297
-0.0009217262268066406
-0.0008039474487304688
-0.0005986690521240234
-0.0008459091186523438
-0.0007834434509277344
-0.001064300537109375
-0.0009274482727050781
-0.0008597373962402344
-0.0009355545043945312
-0.0007331371307373047
-0.0010023117065429688
-0.0007259845733642578
-0.001081705093383789
-0.000926971435546875
-0.0008327960968017578
-0.0007131099700927734
-0.0008537769317626953
-0.0006432533264160156
-0.0009219646453857422
-0.0006566047668457031
-0.0007131099700927734
-0.00083160400390625
-0.0005881786346435547
-0.0012307167053222656
