14.564979553222656
12.006591796875
4.21540641784668
3.344655752182007
0.42730557918548584
0.29251575469970703
0.375726580619812
0.29649460315704346
0.3211284279823303
0.28551337122917175
0.34018200635910034
0.3177618980407715
0.36634206771850586
0.35909152030944824
0.41495001316070557
0.38012170791625977
0.4227351248264313
0.39874267578125
0.43064045906066895
0.4113695025444031
0.4477435052394867
0.4268157482147217
0.4220728874206543
0.4001635015010834
0.40990227460861206
0.3558045029640198
0.3631877899169922
0.3208065330982208
0.3210352063179016
0.28164905309677124
0.30054834485054016
0.2780218720436096
0.28189969062805176
0.2535688281059265
0.23768487572669983
0.20627379417419434
0.23766905069351196
0.21904954314231873
0.18285782635211945
0.17016518115997314
0.19911259412765503
0.184804767370224
0.15843525528907776
0.1475948840379715
0.15461114048957825
0.1501334309577942
0.1695915311574936
0.16435012221336365
0.14607447385787964
0.14107167720794678
0.1474590003490448
0.14536809921264648
0.13351137936115265
0.13124361634254456
0.14439630508422852
0.14376673102378845
0.14693942666053772
0.1434175670146942
0.15661391615867615
0.15794917941093445
0.15741464495658875
0.15748822689056396
0.1546044796705246
0.14371047914028168
0.15896277129650116
0.1606050729751587
0.16562488675117493
0.1646873950958252
0.16890189051628113
0.17753203213214874
0.1664242446422577
0.15951043367385864
0.14222905039787292
0.13518409430980682
0.1492035984992981
0.14697903394699097
0.13407278060913086
0.12910306453704834
0.1363389641046524
0.1380711942911148
0.14165638387203217
0.13897019624710083
0.1317562758922577
0.13341034948825836
0.134596586227417
0.13227370381355286
0.15355370938777924
0.14849987626075745
0.11835107207298279
0.1251542866230011
0.11553174257278442
0.12292903661727905
0.11905215680599213
0.11398880928754807
0.12289416790008545
0.12605050206184387
0.12008319050073624
0.12409701943397522
0.11562371999025345
0.11824280023574829
0.11794210225343704
0.12339615821838379
0.12294147163629532
0.11988493800163269
0.11493359506130219
0.12133923172950745
0.12184254825115204
0.12072435021400452
0.13585710525512695
0.12337832152843475
0.1382192075252533
0.13591614365577698
0.12002009153366089
0.11583013087511063
0.12761682271957397
0.12827137112617493
0.1251487284898758
0.12564164400100708
0.1402864158153534
0.13056769967079163
0.1418447643518448
0.14227136969566345
0.13119946420192719
0.13860924541950226
0.1335626244544983
0.12256059050559998
0.13264574110507965
0.12766459584236145
0.13749709725379944
0.14021427929401398
0.13269568979740143
0.13597890734672546
0.138793483376503
0.14647415280342102
0.13355445861816406
0.13659441471099854
0.13627007603645325
0.13524016737937927
0.13620808720588684
0.14154870808124542
0.1311083436012268
0.13326165080070496
0.14311452209949493
0.14057743549346924
0.1342838704586029
0.13764850795269012
0.14772507548332214
0.14171740412712097
0.14335152506828308
0.14042016863822937
0.13922959566116333
0.13459250330924988
0.14960603415966034
0.14670468866825104
0.1405431032180786
0.1384364366531372
0.14567124843597412
0.14776891469955444
0.14050652086734772
0.13664859533309937
0.13381177186965942
0.13870224356651306
0.14172029495239258
0.13855502009391785
0.1362660825252533
0.13629792630672455
0.14440740644931793
0.1379750669002533
0.13573850691318512
0.13868433237075806
0.13491889834403992
0.14946427941322327
0.15087877213954926
0.15477581322193146
0.13516950607299805
0.13786208629608154
0.14600621163845062
0.13536077737808228
0.149567112326622
0.14456680417060852
0.14163099229335785
0.13707011938095093
0.14702075719833374
0.13924099504947662
0.14411060512065887
0.14245295524597168
0.14517652988433838
0.13337597250938416
0.14689397811889648
0.13663150370121002
0.12560148537158966
0.1413537710905075
0.13899800181388855
0.13955692946910858
0.15069431066513062
0.15479148924350739
0.13891059160232544
0.13792797923088074
0.14793482422828674
0.14988166093826294
0.14199712872505188
0.1548415720462799
0.1432153582572937
0.1527978777885437
0.14302988350391388
0.1460806131362915
0.13522717356681824
0.14034441113471985
0.1521511673927307
0.14650596678256989
0.13266462087631226
0.1371459662914276
0.14891600608825684
0.14401857554912567
0.15198417007923126
0.15163737535476685
0.1559574007987976
0.15782363712787628
0.13374891877174377
0.13148877024650574
0.13705125451087952
0.1327105611562729
0.14511755108833313
0.1476699411869049
0.14397317171096802
0.14509283006191254
0.15327802300453186
0.15097354352474213
0.15491195023059845
0.13885647058486938
0.14539748430252075
0.13729093968868256
0.14563392102718353
0.13626165688037872
0.13538801670074463
0.13560359179973602
0.13723158836364746
0.1377830058336258
0.14233693480491638
0.13568337261676788
0.1260625720024109
0.13276433944702148
0.1520586907863617
0.1402423083782196
0.14250697195529938
0.15156874060630798
0.14359357953071594
0.14875444769859314
0.14385518431663513
0.1361880600452423
0.1360999047756195
0.14409789443016052
0.15682631731033325
0.144101083278656
0.13805726170539856
0.13820332288742065
0.13969004154205322
