0.6076995134353638
0.6076574325561523
0.19562336802482605
0.19581818580627441
0.03290041908621788
0.03303302079439163
0.03425171971321106
0.034162793308496475
0.040073212236166
0.040168337523937225
0.045834459364414215
0.04517356678843498
0.051855430006980896
0.0530301034450531
0.06092717498540878
0.05853680893778801
0.06713036447763443
0.06827561557292938
0.07240060716867447
0.07049109041690826
0.07519817352294922
0.07468435168266296
0.072435662150383
0.07027731090784073
0.07605235278606415
0.07319873571395874
0.07447074353694916
0.07407666742801666
0.07517056912183762
0.07178608328104019
0.07706642895936966
0.07706846296787262
0.0755000188946724
0.07598114013671875
0.07173314690589905
0.07242020219564438
0.08122382313013077
0.08309809118509293
0.07166795432567596
0.07225774973630905
0.08202239125967026
0.08150999248027802
0.07101041823625565
0.06898096203804016
0.07393421232700348
0.07331646978855133
0.08237794041633606
0.07996707409620285
0.07544056326150894
0.07304681092500687
0.07433377951383591
0.07344299554824829
0.07159749418497086
0.07108577340841293
0.07388927787542343
0.0777803584933281
0.07457137107849121
0.0755966380238533
0.07529260963201523
0.07449913024902344
0.07843189686536789
0.07522054761648178
0.07527440041303635
0.07556608319282532
0.0761222392320633
0.07479039579629898
0.0769331157207489
0.07973611354827881
0.07989168912172318
0.08269254863262177
0.07683111727237701
0.07884807139635086
0.07409554719924927
0.07490464299917221
0.08579779416322708
0.08486714214086533
0.07932934165000916
0.07479814440011978
0.08199965208768845
0.08161279559135437
0.08070430159568787
0.08099114149808884
0.08175263553857803
0.07922694087028503
0.08057218790054321
0.08038807660341263
0.080027736723423
0.07856012135744095
0.07515367120504379
0.07257702201604843
0.073988176882267
0.07489735633134842
0.07425382733345032
0.07315950095653534
0.07639738917350769
0.0768885388970375
0.0742330551147461
0.0757848396897316
0.07492104917764664
0.07489394396543503
0.07458601891994476
0.0766548439860344
0.0771704763174057
0.0728183314204216
0.07049660384654999
0.07205874472856522
0.07596831023693085
0.07452147454023361
0.07253611832857132
0.07352158427238464
0.08094064146280289
0.08260736614465714
0.0726301297545433
0.07267075777053833
0.07747991383075714
0.0791015699505806
0.07600290328264236
0.07294292747974396
0.07914416491985321
0.07745646685361862
0.07988684624433517
0.07898930460214615
0.07849223911762238
0.07756005227565765
0.07419511675834656
0.07754208892583847
0.07702744007110596
0.07486365735530853
0.08236808329820633
0.0796646699309349
0.07688254863023758
0.07827023416757584
0.07929744571447372
0.08177603781223297
0.07780948281288147
0.07723203301429749
0.07927969098091125
0.07881529629230499
0.07660461217164993
0.07746279984712601
0.0793439969420433
0.07786405831575394
0.08142445236444473
0.07854047417640686
0.07719265669584274
0.07920756936073303
0.08251652866601944
0.07744008302688599
0.0823194831609726
0.08051447570323944
0.07689058035612106
0.07886621356010437
0.07718729972839355
0.07802430540323257
0.08134407550096512
0.07893913984298706
0.08147674798965454
0.07736553996801376
0.07688749581575394
0.07759649306535721
0.07434739917516708
0.07436168193817139
0.07680081576108932
0.07507912814617157
0.07855618000030518
0.07760481536388397
0.07754303514957428
0.07701726257801056
0.08052581548690796
0.07714498043060303
0.07593828439712524
0.07897241413593292
0.07944011688232422
0.08189539611339569
0.07903163135051727
0.07727181911468506
0.07780846208333969
0.07662717252969742
0.08329660445451736
0.07821043580770493
0.07815142720937729
0.08067037165164948
0.07666099816560745
0.08090326189994812
0.08202705532312393
0.08006179332733154
0.07900568097829819
0.07861899584531784
0.08036646246910095
0.07872668653726578
0.07729741185903549
0.07922112941741943
0.08011600375175476
0.07582739740610123
0.08155407011508942
0.07913299649953842
0.07331283390522003
0.07865703105926514
0.08131912350654602
0.08066624402999878
0.0797606036067009
0.07808444648981094
0.07996215671300888
0.08324126154184341
0.07629024237394333
0.08153293281793594
0.07692506164312363
0.07648118585348129
0.08158507198095322
0.08293286710977554
0.08051647990942001
0.0782175362110138
0.07957489788532257
0.08156418055295944
0.07961159199476242
0.08274234086275101
0.08447723090648651
0.0825948715209961
0.07771915942430496
0.07711325585842133
0.07823280245065689
0.0779753252863884
0.07803225517272949
0.08235229551792145
0.08109601587057114
0.08141476660966873
0.08524022251367569
0.08259762078523636
0.07994573563337326
0.07911892980337143
0.0800386443734169
0.08263273537158966
0.07755499333143234
0.0796336904168129
0.07610954344272614
0.07641461491584778
0.07877760380506516
0.07536681741476059
0.07927732914686203
0.0768948569893837
0.07457972317934036
0.07527913898229599
0.07960455119609833
0.08014268428087234
0.0798892006278038
0.07955273985862732
0.08127669990062714
0.08249174058437347
0.07769633829593658
0.07774941623210907
0.07586751133203506
0.01587611436843872
0.011281313374638557
0.010815193876624107
0.010118587873876095
0.009541206993162632
0.00954158790409565
