0.5911106467247009
0.5910563468933105
0.18870845437049866
0.1889045238494873
0.03146587684750557
0.03160176798701286
0.03325163573026657
0.03315763548016548
0.03926393762230873
0.03936174884438515
0.04509846866130829
0.04444636404514313
0.051712628453969955
0.05285997316241264
0.06088659539818764
0.05850313976407051
0.06682196259498596
0.06800404191017151
0.07183834165334702
0.0699230432510376
0.07437055557966232
0.07386373728513718
0.07145526260137558
0.06934402883052826
0.07497696578502655
0.07207804918289185
0.07334812730550766
0.0729612410068512
0.07396752387285233
0.0706016793847084
0.07578727602958679
0.07575418055057526
0.07397786527872086
0.07451235502958298
0.07029952853918076
0.07098420709371567
0.07955505698919296
0.08132714033126831
0.07014032453298569
0.07079094648361206
0.0803360790014267
0.07976484298706055
0.06956162303686142
0.06759189069271088
0.07242611795663834
0.07182363420724869
0.08070693910121918
0.07836432754993439
0.07393807917833328
0.07159697264432907
0.07289935648441315
0.07202506065368652
0.070227712392807
0.06967780739068985
0.07247018069028854
0.07629470527172089
0.07317487895488739
0.07415677607059479
0.07395955920219421
0.0732223317027092
0.07709910720586777
0.07391823828220367
0.07401204109191895
0.0742771178483963
0.07493215799331665
0.07356619089841843
0.07565578818321228
0.07846339046955109
0.07853028178215027
0.08139628916978836
0.07561216503381729
0.07759115099906921
0.07288359105587006
0.0736946240067482
0.0843135192990303
0.0833488181233406
0.07809406518936157
0.07362156361341476
0.08064230531454086
0.08037003874778748
0.07937268167734146
0.07968220859766006
0.0804947167634964
0.07788694649934769
0.07937508821487427
0.07923375815153122
0.07878529280424118
0.07724560052156448
0.07393737137317657
0.07143601030111313
0.07279564440250397
0.07367366552352905
0.07304095476865768
0.07195869088172913
0.07511306554079056
0.075640007853508
0.07304906100034714
0.07456029951572418
0.0736691951751709
0.07365921139717102
0.07338782399892807
0.07544935494661331
0.07596897333860397
0.07157108187675476
0.06927454471588135
0.07081817835569382
0.07466969639062881
0.07328934967517853
0.0714503675699234
0.07246246188879013
0.07955747842788696
0.08126233518123627
0.0714670792222023
0.07152450084686279
0.07622316479682922
0.07776131480932236
0.07473555952310562
0.07171332091093063
0.07786981016397476
0.07613617926836014
0.07862373441457748
0.07778993993997574
0.07725134491920471
0.07635242491960526
0.0730157345533371
0.07641611248254776
0.07583282887935638
0.07368724793195724
0.0810186117887497
0.07838112115859985
0.07560285925865173
0.07704106718301773
0.07798661291599274
0.08051139116287231
0.07650361210107803
0.07598172873258591
0.07805005460977554
0.07762233912944794
0.07540225237607956
0.0762869268655777
0.07813334465026855
0.07662888616323471
0.08016654849052429
0.07730194181203842
0.07589271664619446
0.07796921581029892
0.08129110932350159
0.07621506601572037
0.08098293095827103
0.07931844890117645
0.07569671422243118
0.07767871767282486
0.07595378905534744
0.07684749364852905
0.08008600026369095
0.07766155898571014
0.08023623377084732
0.07615398615598679
0.07564084976911545
0.07638658583164215
0.07315640151500702
0.07313325256109238
0.07564743608236313
0.07388555258512497
0.07724086940288544
0.07632090151309967
0.07633824646472931
0.07585475593805313
0.07926863431930542
0.0759236291050911
0.07471880316734314
0.07775220274925232
0.07822123914957047
0.08063895255327225
0.07781339436769485
0.07604815065860748
0.07655156403779984
0.0753486230969429
0.08206479996442795
0.07694628089666367
0.07689286768436432
0.07935173064470291
0.07543180137872696
0.07963050901889801
0.0807608813047409
0.07884000986814499
0.07779476046562195
0.07744211703538895
0.07906384766101837
0.07752963155508041
0.0762241780757904
0.07809769362211227
0.07894311100244522
0.07462365180253983
0.08029134571552277
0.07788284122943878
0.07214433699846268
0.07745715975761414
0.08010019361972809
0.07943221181631088
0.0785020962357521
0.07684070616960526
0.078706756234169
0.08193452656269073
0.07506313920021057
0.08032483607530594
0.07570488750934601
0.07520834356546402
0.08043090999126434
0.08175773173570633
0.07921288907527924
0.0769546777009964
0.07826989889144897
0.08027184009552002
0.07832489907741547
0.08148466795682907
0.0832829400897026
0.0814262330532074
0.07652441412210464
0.0759202241897583
0.07703016698360443
0.07677295058965683
0.07686306536197662
0.08116340637207031
0.0797855332493782
0.08011262118816376
0.08398137986660004
0.08130796998739243
0.07869703322649002
0.07783780992031097
0.07875527441501617
0.08138702064752579
0.07630036771297455
0.07850304991006851
0.07492021471261978
0.07525085657835007
0.07760417461395264
0.07422985881567001
0.07805748283863068
0.07565797865390778
0.07335112988948822
0.07408060878515244
0.07833980768918991
0.0789409726858139
0.07862129807472229
0.07820833474397659
0.08003309369087219
0.08121194690465927
0.07646675407886505
0.07646200060844421
0.07465636730194092
0.07670241594314575
0.07821023464202881
0.0746951699256897
0.07870738208293915
0.07718778401613235
0.07883086055517197
