0.5785687565803528
0.09271543473005295
0.1266515851020813
0.11669304966926575
0.12986209988594055
0.13167178630828857
0.13126184046268463
0.132070392370224
0.1338813751935959
0.13325321674346924
0.13354291021823883
0.13245734572410583
0.1357092559337616
0.13209444284439087
0.13060975074768066
0.1292601376771927
0.12716542184352875
0.12536418437957764
0.12421280890703201
0.12326859682798386
0.12145165354013443
0.12071393430233002
0.12052282691001892
0.11982253193855286
0.12187523394823074
0.12181436270475388
0.12021037936210632
0.12202136218547821
0.12009339779615402
0.12524648010730743
0.12348603457212448
0.1238117441534996
0.12556591629981995
0.1234336867928505
0.12394175678491592
0.12510553002357483
0.1271018534898758
0.12575387954711914
0.12672099471092224
0.1262374371290207
0.12552662193775177
0.1273948699235916
0.1256815493106842
0.1275360882282257
0.12548519670963287
0.12513765692710876
0.1256786286830902
0.12707418203353882
0.1278730183839798
0.12719663977622986
0.1265024095773697
0.1263114959001541
0.1279657930135727
0.12680572271347046
0.12587988376617432
0.12652944028377533
0.12781579792499542
0.12482155114412308
0.12866006791591644
0.1286025047302246
0.12878361344337463
0.1255883127450943
0.12816256284713745
0.1268453150987625
0.1292911022901535
0.1266157627105713
0.12522421777248383
0.12688645720481873
0.12731927633285522
0.1271003782749176
0.12932898104190826
0.12746953964233398
0.12739956378936768
0.12731076776981354
0.12693947553634644
0.1263897567987442
0.12715865671634674
0.12810100615024567
0.12685182690620422
0.12729734182357788
0.12766745686531067
0.1266227513551712
0.12631474435329437
0.12682056427001953
0.12766918540000916
0.12544798851013184
0.12498090416193008
0.12579822540283203
0.1284472793340683
0.13004368543624878
0.1283678263425827
0.12714074552059174
0.12516643106937408
0.12535279989242554
0.1263694167137146
0.12925311923027039
0.1261218637228012
0.12543407082557678
0.12816201150417328
0.12568572163581848
0.12521947920322418
0.129813089966774
0.12553079426288605
0.12694421410560608
0.12840279936790466
0.12743791937828064
0.12610433995723724
0.12594805657863617
0.12540952861309052
0.12625752389431
0.1283915787935257
0.12704052031040192
0.12781517207622528
0.12572583556175232
0.12722575664520264
0.1285993754863739
0.12855978310108185
0.12768453359603882
0.12802807986736298
0.12923309206962585
0.12542597949504852
0.12578828632831573
0.1265702098608017
0.12637771666049957
0.1268378049135208
0.12691143155097961
0.12817685306072235
0.12489612400531769
0.12740500271320343
0.12835165858268738
0.12926431000232697
0.126939058303833
0.12692885100841522
0.12587371468544006
0.12721166014671326
0.12386877089738846
0.12583903968334198
0.1271631270647049
0.12699070572853088
0.12616215646266937
0.12508456408977509
0.12422812730073929
0.12589971721172333
0.12643927335739136
0.12796863913536072
0.12726962566375732
0.1271003633737564
0.1226561889052391
0.12967538833618164
0.12538056075572968
0.12570905685424805
0.12593556940555573
0.12796449661254883
0.1258992850780487
0.1263899952173233
0.12753121554851532
0.127574160695076
0.1260964423418045
0.12334970384836197
0.12305127829313278
0.12665298581123352
0.12468408048152924
0.1277254819869995
0.12348353862762451
0.12968429923057556
0.12741856276988983
0.1291281282901764
0.12552529573440552
0.12668482959270477
0.12711608409881592
0.12658856809139252
0.1254349946975708
0.12538371980190277
0.12472503632307053
0.12728561460971832
0.12440939247608185
0.1294577717781067
0.13012665510177612
0.12911899387836456
0.1271519660949707
0.12632538378238678
0.13635185360908508
0.13658761978149414
0.13791294395923615
0.13795116543769836
0.13811571896076202
0.13812051713466644
0.13814041018486023
0.1381409466266632
0.1381426304578781
0.1381426304578781
0.1381426602602005
0.1381426602602005
0.1381426602602005
0.1381426602602005
0.1381426602602005
0.1381426602602005
0.1381426602602005
0.1381426602602005
0.1381426602602005
0.1381426602602005
0.1381426602602005
0.1381426602602005
0.1381426602602005
0.1381426602602005
0.1381426602602005
0.1381426602602005
0.1381426602602005
0.1381426602602005
0.1381426602602005
0.1381426602602005
0.1381426602602005
0.1381426602602005
0.1381426602602005
0.1381426602602005
0.1381426602602005
0.1381426602602005
0.1381426602602005
0.1381426602602005
0.1381426602602005
0.1381426602602005
0.1381426602602005
0.1381426602602005
0.1381426602602005
0.1381426602602005
0.1381426602602005
0.1381426602602005
0.1381426602602005
0.1381426602602005
0.1381426602602005
0.1381426602602005
0.1381426602602005
0.1381426602602005
0.1381426602602005
0.1381426602602005
0.1381426602602005
0.1381426602602005
0.1381426602602005
0.1381426602602005
0.1381426602602005
0.1381426602602005
0.1381426602602005
0.1381426602602005
0.1381426602602005
0.1381426602602005
0.1381426602602005
0.1381426602602005
0.1381426602602005
0.1381426602602005
0.1381426602602005
0.1381426602602005
0.1271519660949707
0.1271519660949707
0.1271519660949707
0.1271519660949707
0.1271519660949707
0.1271519660949707
0.1271519660949707
0.1271519660949707
0.1271519660949707
0.1271519660949707
0.1271519660949707
0.1271519660949707
0.1271519660949707
0.1271519660949707
0.1271519660949707
0.1271519660949707
0.1271519660949707
0.1271519660949707
0.1271519660949707
0.1271519660949707
0.1271519660949707
0.1271519660949707
0.1271519660949707
0.1271519660949707
0.1271519660949707
