0.06237317994236946
0.04044732078909874
0.029247470200061798
0.02875269204378128
0.03859442099928856
0.038287147879600525
0.038288965821266174
0.038108594715595245
0.038190387189388275
0.042134590446949005
0.046011149883270264
0.04583868384361267
0.05099272355437279
0.04508860409259796
0.04495896399021149
0.044901829212903976
0.044821325689554214
0.039319541305303574
0.039171140640974045
0.03639139235019684
0.02923135831952095
0.02922079898416996
0.029111627489328384
0.029033875092864037
0.029042866080999374
0.028967805206775665
0.02890041284263134
0.028858883306384087
0.028810346499085426
0.028739798814058304
0.02869386039674282
0.028696918860077858
0.02868305891752243
0.028616437688469887
0.028620142489671707
0.028571676462888718
0.028574440628290176
0.028539439663290977
0.028524955734610558
0.028422346338629723
0.028428230434656143
0.028332717716693878
0.028360750526189804
0.028346015140414238
0.024059006944298744
0.028250226750969887
0.02813291735947132
0.02799799107015133
0.027956102043390274
0.027858978137373924
0.027774401009082794
0.027655255049467087
0.02759457565844059
0.027562933042645454
0.027489343658089638
0.027474917471408844
0.027501903474330902
0.02745687961578369
0.027445072308182716
0.027448922395706177
0.027452511712908745
0.027446145191788673
0.027451613917946815
0.023236863315105438
0.027442507445812225
0.027452200651168823
0.02324499562382698
0.02743971347808838
0.023243149742484093
0.027449943125247955
0.02320149727165699
0.02319205552339554
0.023264426738023758
0.023230621591210365
0.027436310425400734
0.023209769278764725
0.023210380226373672
0.02320859208703041
0.023213056847453117
0.023235797882080078
0.02321316860616207
0.02318897657096386
0.02319984883069992
0.02318870648741722
0.019312988966703415
0.023246362805366516
0.02317802421748638
0.023178674280643463
0.023205984383821487
0.019324464723467827
0.01934003457427025
0.023171337321400642
0.01932901330292225
0.019323786720633507
0.019351787865161896
0.01930096000432968
0.019289877265691757
0.01928340457379818
0.019360190257430077
0.019288862124085426
0.019236892461776733
0.019235754385590553
0.019217707216739655
0.015583900734782219
0.015566818416118622
0.01554014626890421
0.012313075363636017
0.015560791827738285
0.012238207273185253
0.012167464941740036
0.012117675505578518
0.006411237642168999
0.006214957218617201
0.0013511599972844124
0.0009714285260997713
0.0007725427276454866
0.000533962796907872
0.00032857319456525147
0.0002131607907358557
0.00019086179963778704
0.00016225725994445384
0.000105340572190471
9.219947241945192e-05
7.012543937889859e-05
7.135897612897679e-05
5.658206282532774e-05
5.203109685680829e-05
4.959911166224629e-05
6.418020348064601e-05
6.058622238924727e-05
6.491928797913715e-05
5.959294503554702e-05
5.9532128943828866e-05
3.9962862501852214e-05
5.3497558837989345e-05
5.169123687664978e-05
3.9030066545819864e-05
4.319851359468885e-05
4.131723108002916e-05
4.009069743915461e-05
5.590305954683572e-05
5.511898416443728e-05
3.873227251460776e-05
5.403873001341708e-05
3.653063322417438e-05
3.485259003355168e-05
4.5223961933515966e-05
4.281270594219677e-05
3.646400000434369e-05
3.922830001101829e-05
3.5787379601970315e-05
3.6455337976804e-05
3.710608143592253e-05
3.886664126184769e-05
3.535339783411473e-05
4.429735417943448e-05
3.607132748584263e-05
4.261222420609556e-05
4.256192914908752e-05
3.397641921765171e-05
5.98831866227556e-05
4.216711749904789e-05
3.792376446654089e-05
3.8334364944603294e-05
3.345470759086311e-05
0.00010118871432496235
3.827585169347003e-05
3.3102260204032063e-05
3.702820686157793e-05
3.2640513381920755e-05
4.3307409214321524e-05
4.976912896381691e-05
5.973020597593859e-05
3.2689484214643016e-05
5.958942347206175e-05
3.4322863939451054e-05
0.0001448083930881694
3.626215402618982e-05
3.244008985348046e-05
3.4898639569291845e-05
7.107870624167845e-05
0.00011482912668725476
0.00012778530071955174
0.00013609880988951772
0.0001378190063405782
0.00013887122622691095
0.00013906841923017055
0.0001391776168020442
0.00013919157208874822
0.00013919477351009846
0.00013919487537350506
0.00013919496268499643
0.00013919487537350506
0.00013919487537350506
0.00013919487537350506
0.00013919487537350506
0.00013919487537350506
0.00013919487537350506
0.00013919487537350506
0.00013919487537350506
0.00013919487537350506
0.00013919487537350506
0.00013919487537350506
0.00013919487537350506
0.00013919487537350506
0.00013919487537350506
0.00013919487537350506
0.00013919487537350506
0.00013919487537350506
0.00013919487537350506
0.00013919487537350506
0.00013919487537350506
0.00013919487537350506
0.00013919487537350506
0.00013919487537350506
0.00013919487537350506
0.00013919487537350506
0.00013919487537350506
0.00013919487537350506
0.00013919487537350506
0.00013919487537350506
0.00013919487537350506
0.00013919487537350506
0.00013919487537350506
0.00013919487537350506
0.00013919487537350506
0.00013919487537350506
0.00013919487537350506
0.00013919487537350506
0.00013919487537350506
0.00013919487537350506
0.00013919487537350506
0.00013919487537350506
0.00013919487537350506
0.00013919487537350506
0.00013919487537350506
0.00013919487537350506
0.00013919487537350506
0.00013919487537350506
0.00013919487537350506
0.00013919487537350506
0.00013919487537350506
0.00013919487537350506
0.00013919487537350506
0.00013919487537350506
0.00013919487537350506
0.00013919487537350506
0.00013919487537350506
0.00013919487537350506
0.00013919487537350506
3.244008985348046e-05
3.244008985348046e-05
3.244008985348046e-05
3.244008985348046e-05
3.244008985348046e-05
3.244008985348046e-05
3.244008985348046e-05
3.244008985348046e-05
3.244008985348046e-05
3.244008985348046e-05
3.244008985348046e-05
3.244008985348046e-05
3.244008985348046e-05
3.244008985348046e-05
3.244008985348046e-05
3.244008985348046e-05
3.244008985348046e-05
3.244008985348046e-05
3.244008985348046e-05
3.244008985348046e-05
3.244008985348046e-05
3.244008985348046e-05
3.244008985348046e-05
3.244008985348046e-05
3.244008985348046e-05
