0.7664278745651245
0.7759219408035278
0.8616527318954468
0.8616527318954468
0.8616527318954468
0.8616527318954468
0.8616527318954468
0.8616527318954468
0.8616527318954468
0.8616527318954468
0.8616527318954468
0.8616527318954468
0.8616527318954468
0.8364282846450806
0.8364282846450806
0.8364282846450806
0.8364282846450806
0.8124066591262817
0.8124066591262817
0.7416163086891174
0.7416163086891174
0.7416163086891174
0.7416163086891174
0.7416163086891174
0.7416163086891174
0.7416163086891174
0.7416163086891174
0.7416163086891174
0.7416163086891174
0.7416163086891174
0.7416163086891174
0.7416163086891174
0.7416163086891174
0.7416163086891174
0.7416163086891174
0.7416163086891174
0.7416163086891174
0.7416163086891174
0.7416163086891174
0.7416163086891174
0.7416163086891174
0.7416163086891174
0.7416163086891174
0.7416163086891174
0.7133646607398987
0.7416163086891174
0.7416163086891174
0.7416163086891174
0.7416163086891174
0.7416163086891174
0.7416163086891174
0.7416163086891174
0.7416163086891174
0.7416163086891174
0.7416163086891174
0.7416163086891174
0.7416163086891174
0.7416163086891174
0.7416163086891174
0.7416163086891174
0.7416163086891174
0.7416163086891174
0.7416163086891174
0.7133646607398987
0.7416163086891174
0.7416163086891174
0.7133646607398987
0.7416163086891174
0.7133646607398987
0.7416163086891174
0.7133646607398987
0.7133646607398987
0.7133646607398987
0.7133646607398987
0.7416163086891174
0.7133646607398987
0.7133646607398987
0.7133646607398987
0.7133646607398987
0.7133646607398987
0.7133646607398987
0.7133646607398987
0.7133646607398987
0.7133646607398987
0.6925417184829712
0.7133646607398987
0.7133646607398987
0.7133646607398987
0.7133646607398987
0.6925417184829712
0.6925417184829712
0.7133646607398987
0.6925417184829712
0.6925417184829712
0.6925417184829712
0.6925417184829712
0.6925417184829712
0.6925417184829712
0.6925417184829712
0.6925417184829712
0.6925417184829712
0.6925417184829712
0.6925417184829712
0.6672981977462769
0.6672981977462769
0.6672981977462769
0.6376999020576477
0.6672981977462769
0.6376999020576477
0.6376999020576477
0.6376999020576477
0.5908935070037842
0.5908935070037842
0.20948845148086548
0.1747141182422638
0.1561538279056549
0.13096332550048828
0.10208457708358765
0.07568812370300293
0.07540827989578247
0.06948572397232056
0.04856249690055847
0.04926854372024536
0.04056403040885925
0.04411947727203369
0.023433983325958252
0.03166678547859192
0.021208547055721283
0.020317204296588898
0.03772479295730591
0.039459794759750366
0.03610089421272278
0.03510481119155884
0.02414524555206299
0.029604732990264893
0.0297529399394989
0.02181354910135269
0.02720281481742859
0.022280104458332062
0.022347629070281982
0.030425548553466797
0.0307980477809906
0.022517621517181396
0.02072976529598236
0.02071891725063324
0.02100542187690735
0.022617243230342865
0.02013753354549408
0.02175305038690567
0.022433459758758545
0.021715275943279266
0.02245691418647766
0.021692954003810883
0.022676467895507812
0.02075791358947754
0.020582519471645355
0.021426305174827576
0.02239200472831726
0.022421039640903473
0.021407417953014374
0.029742538928985596
0.025460541248321533
0.021872803568840027
0.020064502954483032
0.02117980271577835
0.028301775455474854
0.021209679543972015
0.021087080240249634
0.021498531103134155
0.021031253039836884
0.020716175436973572
0.026230543851852417
0.02871882915496826
0.02084394544363022
0.021011173725128174
0.02011454850435257
0.04888734221458435
0.021610677242279053
0.020865708589553833
0.021434642374515533
0.026401013135910034
0.04014092683792114
0.041271984577178955
0.042945265769958496
0.04308372735977173
0.0432857871055603
0.04329949617385864
0.04332008957862854
0.04332178831100464
0.04332178831100464
0.04332178831100464
0.04332178831100464
0.04332178831100464
0.04332178831100464
0.04332178831100464
0.04332178831100464
0.04332178831100464
0.04332178831100464
0.04332178831100464
0.04332178831100464
0.04332178831100464
0.04332178831100464
0.04332178831100464
0.04332178831100464
0.04332178831100464
0.04332178831100464
0.04332178831100464
0.04332178831100464
0.04332178831100464
0.04332178831100464
0.04332178831100464
0.04332178831100464
0.04332178831100464
0.04332178831100464
0.04332178831100464
0.04332178831100464
0.04332178831100464
0.04332178831100464
0.04332178831100464
0.04332178831100464
0.04332178831100464
0.04332178831100464
0.04332178831100464
0.04332178831100464
0.04332178831100464
0.04332178831100464
0.04332178831100464
0.04332178831100464
0.04332178831100464
0.04332178831100464
0.04332178831100464
0.04332178831100464
0.04332178831100464
0.04332178831100464
0.04332178831100464
0.04332178831100464
0.04332178831100464
0.04332178831100464
0.04332178831100464
0.04332178831100464
0.04332178831100464
0.04332178831100464
0.04332178831100464
0.04332178831100464
0.04332178831100464
0.04332178831100464
0.04332178831100464
0.04332178831100464
0.04332178831100464
0.04332178831100464
0.020865708589553833
0.020865708589553833
0.020865708589553833
0.020865708589553833
0.020865708589553833
0.020865708589553833
0.020865708589553833
0.020865708589553833
0.020865708589553833
0.020865708589553833
0.020865708589553833
0.020865708589553833
0.020865708589553833
0.020865708589553833
0.020865708589553833
0.020865708589553833
0.020865708589553833
0.020865708589553833
0.020865708589553833
0.020865708589553833
0.020865708589553833
0.020865708589553833
0.020865708589553833
0.020865708589553833
0.020865708589553833
