0.31201285123825073
0.005582135170698166
0.004967865534126759
0.0050911507569253445
0.004930892027914524
0.004885590635240078
0.004742910619825125
0.004704577382653952
0.004637228325009346
0.0045896791853010654
0.004501972813159227
0.004436970688402653
0.004322069231420755
0.004239215981215239
0.004123530816286802
0.004039947409182787
0.003947892691940069
0.003895049449056387
0.0038071167655289173
0.003791838651522994
0.0036645405925810337
0.003667914541438222
0.003617961658164859
0.0036215127911418676
0.00357645470649004
0.0035947849974036217
0.003520052880048752
0.003493871307000518
0.00343755423091352
0.0033943401649594307
0.0033132308162748814
0.003261550795286894
0.003217308549210429
0.003196220612153411
0.0031804214231669903
0.003172406228259206
0.0031563101802021265
0.0031458237208426
0.003132704645395279
0.00312827923335135
0.003116366220638156
0.003105888841673732
0.0030997672583907843
0.003082212060689926
0.0030716308392584324
0.003078123088926077
0.0030629660468548536
0.003022698452696204
0.0029988351743668318
0.002974823350086808
0.002928404835984111
0.002878593048080802
0.002791948849335313
0.0027025756426155567
0.0026136189699172974
0.002528662094846368
0.0024792240001261234
0.002501334995031357
0.002434010384604335
0.0024221388157457113
0.002413399051874876
0.002414863323792815
0.00241446727886796
0.0024080814328044653
0.002404404105618596
0.0023996345698833466
0.0024078763090074062
0.0023980604019016027
0.00239737331867218
0.002391872461885214
0.0024054236710071564
0.0023947153240442276
0.0023930477909743786
0.002390351379290223
0.00238905381411314
0.0023883532267063856
0.0023843212984502316
0.0023883499670773745
0.002382379723712802
0.002382179955020547
0.002381484257057309
0.0023791806306689978
0.0023812090512365103
0.0023773745633661747
0.002373548224568367
0.0023843871895223856
0.0023859317880123854
0.002371174283325672
0.002369450405240059
0.002377650700509548
0.0023667272180318832
0.002363586565479636
0.0023757603485137224
0.0023748178500682116
0.002356985816732049
0.002362258266657591
0.002354007214307785
0.002359015867114067
0.002357073361054063
0.002358842408284545
0.002350115915760398
0.0023502653930336237
0.0023437708150595427
0.002335098572075367
0.002335654804483056
0.002326810732483864
0.002324913162738085
0.0023207194171845913
0.002316919853910804
0.0023246826604008675
0.002298907143995166
0.0022948302794247866
0.002282362198457122
0.002248011529445648
0.0022133684251457453
0.002174902707338333
0.0021150424145162106
0.001957671018317342
0.0017548685427755117
0.0016053381841629744
0.0013807363575324416
0.0012726084096357226
0.0011143601732328534
0.0009769615717232227
0.0008549593621864915
0.0008479022653773427
0.0008417636854574084
0.0007185093127191067
0.0007626315928064287
0.0009384145378135145
0.000792084145359695
0.000816799234598875
0.0007753708050586283
0.0007723811431787908
0.0006229535792954266
0.0007237055106088519
0.0007141426322050393
0.0006067967042326927
0.0006410416681319475
0.00064101442694664
0.0006091342074796557
0.0007484982488676906
0.0007458084728568792
0.0006009184289723635
0.0008448284352198243
0.0006233812891878188
0.0005901896511204541
0.0006739970995113254
0.0007205946021713316
0.000596938538365066
0.0006043174071237445
0.000574462057556957
0.000599742226768285
0.0005919145769439638
0.0006045587360858917
0.0006121062324382365
0.0007364561315625906
0.0005865137791261077
0.0006534115527756512
0.0006526870420202613
0.0005636010318994522
0.000793801445979625
0.000652143731713295
0.0006005992763675749
0.0006728429580107331
0.0005730303237214684
0.0012828218750655651
0.0006446377956308424
0.0005722184432670474
0.0006048408686183393
0.0005611025844700634
0.0007263785810209811
0.0007227875757962465
0.000800400332082063
0.0005656987777911127
0.0009045597398653626
0.0006093855481594801
0.0012681148946285248
0.0006166667444631457
0.0005694234860129654
0.0005832981551066041
0.0009928251383826137
0.0012030447833240032
0.0012841065181419253
0.0013174612540751696
0.0013275615638121963
0.0013316688127815723
0.0013328391360118985
0.0013332668459042907
0.0013333549723029137
0.0013333649840205908
0.0013333657989278436
0.0013333662645891309
0.0013333657989278436
0.0013333657989278436
0.0013333657989278436
0.0013333657989278436
0.0013333657989278436
0.0013333657989278436
0.0013333657989278436
0.0013333657989278436
0.0013333657989278436
0.0013333657989278436
0.0013333657989278436
0.0013333657989278436
0.0013333657989278436
0.0013333657989278436
0.0013333657989278436
0.0013333657989278436
0.0013333657989278436
0.0013333657989278436
0.0013333657989278436
0.0013333657989278436
0.0013333657989278436
0.0013333657989278436
0.0013333657989278436
0.0013333657989278436
0.0013333657989278436
0.0013333657989278436
0.0013333657989278436
0.0013333657989278436
0.0013333657989278436
0.0013333657989278436
0.0013333657989278436
0.0013333657989278436
0.0013333657989278436
0.0013333657989278436
0.0013333657989278436
0.0013333657989278436
0.0013333657989278436
0.0013333657989278436
0.0013333657989278436
0.0013333657989278436
0.0013333657989278436
0.0013333657989278436
0.0013333657989278436
0.0013333657989278436
0.0013333657989278436
0.0013333657989278436
0.0013333657989278436
0.0013333657989278436
0.0013333657989278436
0.0013333657989278436
0.0013333657989278436
0.0013333657989278436
0.0013333657989278436
0.0013333657989278436
0.0013333657989278436
0.0013333657989278436
0.0013333657989278436
0.0013333657989278436
0.0005694234860129654
0.0005694234860129654
0.0005694234860129654
0.0005694234860129654
0.0005694234860129654
0.0005694234860129654
0.0005694234860129654
0.0005694234860129654
0.0005694234860129654
0.0005694234860129654
0.0005694234860129654
0.0005694234860129654
0.0005694234860129654
0.0005694234860129654
0.0005694234860129654
0.0005694234860129654
0.0005694234860129654
0.0005694234860129654
0.0005694234860129654
0.0005694234860129654
0.0005694234860129654
0.0005694234860129654
0.0005694234860129654
0.0005694234860129654
0.0005694234860129654
