243.58616638183594
0.4731818437576294
0.6755895614624023
0.5403626561164856
0.6456726789474487
0.5766096115112305
0.5739443898200989
0.565086841583252
0.6074289083480835
0.5559496879577637
0.588628888130188
0.5111660361289978
0.5574653744697571
0.48849937319755554
0.45475348830223083
0.4670220613479614
0.4184853732585907
0.42701682448387146
0.37295064330101013
0.42548686265945435
0.36848074197769165
0.3809604346752167
0.375936895608902
0.3937135338783264
0.45610836148262024
0.3999544084072113
0.409871369600296
0.4053405523300171
0.3790808320045471
0.3940802216529846
0.41172531247138977
0.3722486197948456
0.3736281991004944
0.34283724427223206
0.41032639145851135
0.34487399458885193
0.40975722670555115
0.35899415612220764
0.3558028042316437
0.3321796655654907
0.3740640878677368
0.3517628312110901
0.4275291860103607
0.3613758087158203
0.3411199748516083
0.4949987232685089
0.33516550064086914
0.3820917308330536
0.4035753011703491
0.3942306339740753
0.38740137219429016
0.3833422064781189
0.3917348086833954
0.3758544325828552
0.34895455837249756
0.3898310661315918
0.36501556634902954
0.3661114275455475
0.3734149634838104
0.38042083382606506
0.36040690541267395
0.3661658465862274
0.3540521562099457
0.35576146841049194
0.39080455899238586
0.3571360409259796
0.34948059916496277
0.3795921802520752
0.34766238927841187
0.3715791702270508
0.33155253529548645
0.4047521650791168
0.4102751314640045
0.3498925268650055
0.36127251386642456
0.3408070206642151
0.37235239148139954
0.36692434549331665
0.3671959936618805
0.36088937520980835
0.3415188193321228
0.35188010334968567
0.3637444078922272
0.3546488583087921
0.3562484085559845
0.43364256620407104
0.32720887660980225
0.3610578179359436
0.3524239957332611
0.3295412063598633
0.3890976905822754
0.37087830901145935
0.3468761444091797
0.36950039863586426
0.3583851158618927
0.34255436062812805
0.36049285531044006
0.36734136939048767
0.35529810190200806
0.33001092076301575
0.34596338868141174
0.36355751752853394
0.3610284924507141
0.36608317494392395
0.3844670355319977
0.38043954968452454
0.38630080223083496
0.376165509223938
0.34819522500038147
0.3585754632949829
0.3506109416484833
0.35635900497436523
0.3935234546661377
0.3962591588497162
0.42817142605781555
0.4804777503013611
0.4823738634586334
0.47469478845596313
0.45416954159736633
0.4114733636379242
0.32017210125923157
0.2954593896865845
0.28129664063453674
0.2604363262653351
0.24812094867229462
0.24046537280082703
0.23500654101371765
0.24234524369239807
0.23817035555839539
0.23916850984096527
0.2378845363855362
0.23953309655189514
0.24300919473171234
0.24579349160194397
0.24125981330871582
0.2518349587917328
0.24859470129013062
0.24764762818813324
0.24680431187152863
0.2553645074367523
0.2564658522605896
0.25521931052207947
0.25274360179901123
0.2530445456504822
0.2556309998035431
0.2524493634700775
0.2539696991443634
0.2711462080478668
0.25532928109169006
0.26290783286094666
0.25957781076431274
0.2608814537525177
0.2533225417137146
0.25933894515037537
0.2605624198913574
0.2646823525428772
0.2670639157295227
0.2634700536727905
0.280586838722229
0.27980735898017883
0.26407548785209656
0.2598007917404175
0.256405234336853
0.27086278796195984
0.26674628257751465
0.27161896228790283
0.30014899373054504
0.27961087226867676
0.2718609869480133
0.2625885009765625
0.267080694437027
0.28292030096054077
0.2598080635070801
0.2605588734149933
0.267128586769104
0.293800950050354
0.2638937830924988
0.24630391597747803
0.26009607315063477
0.2760387361049652
0.2744772732257843
0.25119563937187195
0.24270591139793396
0.2442583441734314
0.24481289088726044
0.24507629871368408
0.24515430629253387
0.24518689513206482
0.24519486725330353
0.24519748985767365
0.24519777297973633
0.24519780278205872
0.2451978176832199
0.24519780278205872
0.2451978176832199
0.24519780278205872
0.24519780278205872
0.24519780278205872
0.24519780278205872
0.24519780278205872
0.24519780278205872
0.24519780278205872
0.24519780278205872
0.24519780278205872
0.24519780278205872
0.24519780278205872
0.24519780278205872
0.24519780278205872
0.24519780278205872
0.24519780278205872
0.24519780278205872
0.24519780278205872
0.24519780278205872
0.24519780278205872
0.24519780278205872
0.24519780278205872
0.24519780278205872
0.24519780278205872
0.24519780278205872
0.24519780278205872
0.24519780278205872
0.24519780278205872
0.24519780278205872
0.24519780278205872
0.24519780278205872
0.24519780278205872
0.24519780278205872
0.24519780278205872
0.24519780278205872
0.24519780278205872
0.24519780278205872
0.24519780278205872
0.24519780278205872
0.24519780278205872
0.24519780278205872
0.24519780278205872
0.24519780278205872
0.24519780278205872
0.24519780278205872
0.24519780278205872
0.24519780278205872
0.24519780278205872
0.24519780278205872
0.24519780278205872
0.24519780278205872
0.24519780278205872
0.24519780278205872
0.24519780278205872
0.24519780278205872
0.24519780278205872
0.24519780278205872
0.2760387361049652
0.2760387361049652
0.2760387361049652
0.2760387361049652
0.2760387361049652
0.2760387361049652
0.2760387361049652
0.2760387361049652
0.2760387361049652
0.2760387361049652
0.2760387361049652
0.2760387361049652
0.2760387361049652
0.2760387361049652
0.2760387361049652
0.2760387361049652
0.2760387361049652
0.2760387361049652
0.2760387361049652
0.2760387361049652
0.2760387361049652
0.2760387361049652
0.2760387361049652
0.2760387361049652
0.2760387361049652
