0.29983213543891907
0.01861490122973919
0.012791852466762066
0.01354881003499031
0.012426060624420643
0.01224750280380249
0.011570259928703308
0.011417688801884651
0.011127296835184097
0.010924108326435089
0.010509081184864044
0.01025173906236887
0.009921682067215443
0.009428958408534527
0.008891096338629723
0.008530431427061558
0.007986877113580704
0.007761216722428799
0.007255755364894867
0.0072465273551642895
0.006637364625930786
0.006696674972772598
0.006431265268474817
0.006496939342468977
0.006167632061988115
0.006388642825186253
0.00614923145622015
0.006115416996181011
0.006020633038133383
0.005912309046834707
0.005543699022382498
0.005437388550490141
0.005111072212457657
0.005069538950920105
0.004900736268609762
0.004829735029488802
0.004615184850990772
0.004594791680574417
0.004490237683057785
0.0044589415192604065
0.004455894697457552
0.004347789566963911
0.004360010381788015
0.0042447238229215145
0.004204733297228813
0.0041357772424817085
0.004217825829982758
0.003993303049355745
0.004068590234965086
0.003943644464015961
0.0038982497062534094
0.0038779196329414845
0.003843514248728752
0.0036044211592525244
0.0034615688491612673
0.0031850303057581186
0.0031676527578383684
0.0031335640233010054
0.002805663738399744
0.002790513914078474
0.0027953563258051872
0.0026706333737820387
0.002830911660566926
0.0026420564390718937
0.0027759254444390535
0.0025953175500035286
0.002647744258865714
0.002589463023468852
0.002614739816635847
0.0025668980088084936
0.0028144202660769224
0.0025599452201277018
0.0025751597713679075
0.002581270644441247
0.002565528964623809
0.002530379919335246
0.0025356817059218884
0.002620903542265296
0.0025278294924646616
0.0025203891564160585
0.0025366339832544327
0.002501092851161957
0.002628284739330411
0.0024965202901512384
0.002534147584810853
0.0025202708784490824
0.002564262831583619
0.0024680213537067175
0.002550766570493579
0.0027459897100925446
0.0025127262342721224
0.002502405783161521
0.0024833527859300375
0.0025249251630157232
0.0024090067017823458
0.002623209962621331
0.002403107238933444
0.0024466535542160273
0.002543065929785371
0.00242821266874671
0.002411399269476533
0.002749945502728224
0.0023851552978157997
0.002388336695730686
0.0025086142122745514
0.0024341237731277943
0.002357950434088707
0.0023521804250776768
0.00234110071323812
0.0024094630498439074
0.0024625954683870077
0.00242947181686759
0.0024546023923903704
0.002293042140081525
0.0023918699007481337
0.0026384503580629826
0.002683064667508006
0.0025988956913352013
0.002668817061930895
0.0030787752475589514
0.0023022498935461044
0.0021283344831317663
0.0021048253402113914
0.0018066022312268615
0.00172205432318151
0.0016704455483704805
0.0020803860388696194
0.0015982609475031495
0.0017499203095212579
0.0022108156699687243
0.001846123719587922
0.001611837069503963
0.0015662933001294732
0.0015728892758488655
0.0014887552242726088
0.0017284832429140806
0.0015588985988870263
0.0013876971788704395
0.0014298191526904702
0.0013234986690804362
0.001401296118274331
0.0016557074850425124
0.0015322555555030704
0.0013679282274097204
0.0018296993803232908
0.001575276954099536
0.001456547761335969
0.001812064670957625
0.0020516717340797186
0.0013219177490100265
0.0013264117296785116
0.001296877395361662
0.0015566474758088589
0.0013566459529101849
0.0013157244538888335
0.001500469516031444
0.001686344388872385
0.0013636582298204303
0.0015801650006324053
0.0017109282780438662
0.0013038399629294872
0.0016459716716781259
0.001488942769356072
0.001510453294031322
0.002009944524616003
0.001327697653323412
0.0025335224345326424
0.001297849346883595
0.0012973247794434428
0.0014256708091124892
0.0013438807800412178
0.0014398321509361267
0.0015344934072345495
0.0016930787824094296
0.001389101380482316
0.0015752192120999098
0.0018799921963363886
0.0023806742392480373
0.001742128049954772
0.0013212806079536676
0.001351415179669857
0.004131100606173277
0.0039979577995836735
0.0044903503730893135
0.004485211335122585
0.004546871408820152
0.004546420648694038
0.004553881473839283
0.004553855862468481
0.0045544845052063465
0.00455448217689991
0.004554491490125656
0.004554491024464369
0.004554491490125656
0.004554491490125656
0.004554491024464369
0.004554491024464369
0.004554491024464369
0.004554491024464369
0.004554491024464369
0.004554491024464369
0.004554491024464369
0.004554491024464369
0.004554491024464369
0.004554491024464369
0.004554491024464369
0.004554491024464369
0.004554491024464369
0.004554491024464369
0.004554491024464369
0.004554491024464369
0.004554491024464369
0.004554491024464369
0.004554491024464369
0.004554491024464369
0.004554491024464369
0.004554491024464369
0.004554491024464369
0.004554491024464369
0.004554491024464369
0.004554491024464369
0.004554491024464369
0.004554491024464369
0.004554491024464369
0.004554491024464369
0.004554491024464369
0.004554491024464369
0.004554491024464369
0.004554491024464369
0.004554491024464369
0.004554491024464369
0.004554491024464369
0.004554491024464369
0.004554491024464369
0.004554491024464369
0.004554491024464369
0.004554491024464369
0.004554491024464369
0.004554491024464369
0.004554491024464369
0.004554491024464369
0.004554491024464369
0.004554491024464369
0.004554491024464369
0.004554491024464369
0.004554491024464369
0.004554491024464369
0.004554491024464369
0.004554491024464369
0.004554491024464369
0.004554491024464369
0.0013212806079536676
0.0013212806079536676
0.0013212806079536676
0.0013212806079536676
0.0013212806079536676
0.0013212806079536676
0.0013212806079536676
0.0013212806079536676
0.0013212806079536676
0.0013212806079536676
0.0013212806079536676
0.0013212806079536676
0.0013212806079536676
0.0013212806079536676
0.0013212806079536676
0.0013212806079536676
0.0013212806079536676
0.0013212806079536676
0.0013212806079536676
0.0013212806079536676
0.0013212806079536676
0.0013212806079536676
0.0013212806079536676
0.0013212806079536676
0.0013212806079536676
