1.2777459621429443
0.17208677530288696
0.23582124710083008
0.2149861603975296
0.23768898844718933
0.24001772701740265
0.23633556067943573
0.23707373440265656
0.23895615339279175
0.23697444796562195
0.2356974184513092
0.23273946344852448
0.2361050546169281
0.228703573346138
0.22413872182369232
0.22051365673542023
0.21569114923477173
0.21154119074344635
0.20953738689422607
0.2069351077079773
0.2051088809967041
0.20269860327243805
0.20350703597068787
0.20129431784152985
0.20547546446323395
0.20434512197971344
0.20261459052562714
0.20472462475299835
0.20221640169620514
0.2098710685968399
0.20752638578414917
0.20786726474761963
0.21140572428703308
0.2081836462020874
0.20941565930843353
0.21158212423324585
0.21518249809741974
0.2128770649433136
0.2143694907426834
0.21333475410938263
0.21185113489627838
0.21465809643268585
0.21160843968391418
0.21445263922214508
0.2107161581516266
0.21006956696510315
0.21066634356975555
0.21288272738456726
0.21402712166309357
0.21279828250408173
0.21157056093215942
0.21122753620147705
0.21380023658275604
0.21194756031036377
0.21071869134902954
0.21199266612529755
0.21419468522071838
0.2098047137260437
0.2161191701889038
0.2159694880247116
0.21636547148227692
0.21121563017368317
0.21532483398914337
0.21329952776432037
0.21710461378097534
0.21276940405368805
0.2105656862258911
0.2131887674331665
0.21380670368671417
0.21341891586780548
0.21695947647094727
0.2138834297657013
0.21373474597930908
0.21349161863327026
0.21289174258708954
0.2119804322719574
0.21321095526218414
0.21459275484085083
0.212686687707901
0.2133370339870453
0.21382594108581543
0.21215537190437317
0.21164405345916748
0.21241790056228638
0.21380864083766937
0.21017420291900635
0.20957903563976288
0.21080927550792694
0.21500080823898315
0.21750743687152863
0.21481604874134064
0.21289820969104767
0.20968760550022125
0.20998653769493103
0.21158763766288757
0.21619689464569092
0.21125094592571259
0.21004994213581085
0.21438559889793396
0.2105066031217575
0.20975156128406525
0.21705815196037292
0.21024616062641144
0.21254393458366394
0.21481215953826904
0.21330684423446655
0.21119919419288635
0.21087102591991425
0.2101176381111145
0.21141573786735535
0.21492043137550354
0.2126203179359436
0.21390224993228912
0.2106320559978485
0.21292434632778168
0.2150663435459137
0.21495240926742554
0.21359390020370483
0.21415702998638153
0.21617135405540466
0.21024459600448608
0.21083849668502808
0.21211649477481842
0.21184754371643066
0.21273137629032135
0.21286176145076752
0.21496452391147614
0.2096959501504898
0.21360234916210175
0.21509113907814026
0.21646633744239807
0.212872713804245
0.21280178427696228
0.21115519106388092
0.21323437988758087
0.20796231925487518
0.21108099818229675
0.21303758025169373
0.2128628045320511
0.2114918828010559
0.2098621428012848
0.20849470794200897
0.2111489623785019
0.21204262971878052
0.21454018354415894
0.21344900131225586
0.2131659835577011
0.20614731311798096
0.21722596883773804
0.2104145884513855
0.21085162460803986
0.21122123301029205
0.2144453227519989
0.21126443147659302
0.2118830531835556
0.21383562684059143
0.2138812243938446
0.21165890991687775
0.20719237625598907
0.20681433379650116
0.2124570906162262
0.2093719094991684
0.21414320170879364
0.20752769708633423
0.21720415353775024
0.21362565457820892
0.2163863182067871
0.2106562703847885
0.21251557767391205
0.21323668956756592
0.21251922845840454
0.21072202920913696
0.21066787838935852
0.20954206585884094
0.21358619630336761
0.2090502381324768
0.21685577929019928
0.2178601175546646
0.2164027839899063
0.21326816082000732
0.2120693475008011
0.22768616676330566
0.2279915064573288
0.23004885017871857
0.23010055720806122
0.23035596311092377
0.23036257922649384
0.23039352893829346
0.23039427399635315
0.23039688169956207
0.23039689660072327
0.23039692640304565
0.23039692640304565
0.23039694130420685
0.23039694130420685
0.23039694130420685
0.23039694130420685
0.23039694130420685
0.23039694130420685
0.23039694130420685
0.23039694130420685
0.23039694130420685
0.23039694130420685
0.23039694130420685
0.23039694130420685
0.23039694130420685
0.23039694130420685
0.23039694130420685
0.23039694130420685
0.23039694130420685
0.23039694130420685
0.23039694130420685
0.23039694130420685
0.23039694130420685
0.23039694130420685
0.23039694130420685
0.23039694130420685
0.23039694130420685
0.23039694130420685
0.23039694130420685
0.23039694130420685
0.23039694130420685
0.23039694130420685
0.23039694130420685
0.23039694130420685
0.23039694130420685
0.23039694130420685
0.23039694130420685
0.23039694130420685
0.23039694130420685
0.23039694130420685
0.23039694130420685
0.23039694130420685
0.23039694130420685
0.23039694130420685
0.23039694130420685
0.23039694130420685
0.23039694130420685
0.23039694130420685
0.23039694130420685
0.23039694130420685
0.23039694130420685
0.23039694130420685
0.23039694130420685
0.23039694130420685
0.23039694130420685
0.23039694130420685
0.23039694130420685
0.23039694130420685
0.23039694130420685
0.23039694130420685
0.2126932442188263
0.21265146136283875
0.2126917839050293
0.21268939971923828
0.21270856261253357
0.212717205286026
0.2127230316400528
0.2127230018377304
0.21272392570972443
0.2127203792333603
0.21271857619285583
0.2127256840467453
0.2127133458852768
0.21272115409374237
0.2127213478088379
0.2127198427915573
0.212721586227417
0.21273361146450043
0.21272730827331543
0.21273240447044373
0.21271400153636932
0.2127271294593811
0.21272753179073334
0.2127261608839035
0.21273425221443176
