1.2780975103378296
0.1720883846282959
0.23582497239112854
0.2149890661239624
0.23769265413284302
0.24002034962177277
0.23633860051631927
0.2370770275592804
0.23895946145057678
0.23697787523269653
0.2357005923986435
0.23274309933185577
0.23610883951187134
0.22870758175849915
0.2241428941488266
0.22051815688610077
0.21569550037384033
0.2115461528301239
0.2095421552658081
0.20694133639335632
0.20511381328105927
0.20270544290542603
0.20351259410381317
0.20130158960819244
0.2054819017648697
0.20435349643230438
0.20262108743190765
0.20473234355449677
0.20222263038158417
0.2098776400089264
0.2075321227312088
0.20787250995635986
0.21141068637371063
0.2081887423992157
0.20942066609859467
0.2115875482559204
0.21518772840499878
0.21288228034973145
0.2143743634223938
0.21333953738212585
0.2118549346923828
0.21466219425201416
0.2116117775440216
0.2144564688205719
0.21072009205818176
0.21007320284843445
0.21066933870315552
0.21288637816905975
0.21403048932552338
0.21280157566070557
0.21157363057136536
0.21123002469539642
0.21380281448364258
0.21194998919963837
0.21072088181972504
0.211994931101799
0.21419712901115417
0.2098066210746765
0.21612118184566498
0.21597138047218323
0.21636749804019928
0.21121737360954285
0.21532686054706573
0.21330136060714722
0.21710650622844696
0.21277128159999847
0.21056750416755676
0.21319060027599335
0.21380837261676788
0.21342059969902039
0.21696124970912933
0.21388520300388336
0.2137366533279419
0.21349331736564636
0.2128933072090149
0.2119818478822708
0.21321256458759308
0.21459446847438812
0.21268829703330994
0.21333874762058258
0.21382758021354675
0.21215702593326569
0.21164652705192566
0.21241913735866547
0.2138105034828186
0.2101760059595108
0.20958031713962555
0.2108105570077896
0.2150023728609085
0.2175092250108719
0.21481762826442719
0.2128998339176178
0.20968864858150482
0.209988072514534
0.21158912777900696
0.21619856357574463
0.2112523764371872
0.21005122363567352
0.21438714861869812
0.21050794422626495
0.20975278317928314
0.21706034243106842
0.21024736762046814
0.2125454843044281
0.214813694357872
0.2133086770772934
0.21120060980319977
0.21087265014648438
0.2101188451051712
0.21141743659973145
0.21492215991020203
0.21262191236019135
0.21390359103679657
0.21063388884067535
0.2129264920949936
0.2150687426328659
0.21495483815670013
0.21359699964523315
0.2141607254743576
0.2161758989095688
0.21024878323078156
0.21084268391132355
0.21212118864059448
0.21185193955898285
0.21273593604564667
0.21286603808403015
0.21496975421905518
0.20970048010349274
0.2136075645685196
0.21509671211242676
0.2164713740348816
0.21287751197814941
0.21280653774738312
0.211159810423851
0.21323953568935394
0.20796693861484528
0.21108588576316833
0.213042750954628
0.21286790072917938
0.2114969938993454
0.2098672240972519
0.2084994614124298
0.2111538201570511
0.21204790472984314
0.21454568207263947
0.21345464885234833
0.21317152678966522
0.2061522901058197
0.2172318696975708
0.2104199230670929
0.21085694432258606
0.211226686835289
0.21445100009441376
0.2112698256969452
0.2118886262178421
0.2138414829969406
0.21388691663742065
0.21166452765464783
0.2071976661682129
0.2068195343017578
0.21246275305747986
0.20937684178352356
0.21414868533611298
0.207533061504364
0.2172100991010666
0.2136313021183014
0.21639284491539001
0.21066182851791382
0.21252129971981049
0.21324265003204346
0.21252496540546417
0.21072758734226227
0.21067312359809875
0.20954696834087372
0.21359190344810486
0.20905564725399017
0.2168618142604828
0.21786531805992126
0.21640874445438385
0.21327392756938934
0.212074875831604
0.22769317030906677
0.2279977649450302
0.2300552874803543
0.23010693490505219
0.23036237061023712
0.230368971824646
0.2303999364376068
0.23040065169334412
0.23040325939655304
0.23040325939655304
0.23040331900119781
0.23040331900119781
0.23040331900119781
0.23040331900119781
0.23040331900119781
0.23040331900119781
0.23040331900119781
0.23040331900119781
0.23040331900119781
0.23040331900119781
0.23040331900119781
0.23040331900119781
0.23040331900119781
0.23040331900119781
0.23040331900119781
0.23040331900119781
0.23040331900119781
0.23040331900119781
0.23040331900119781
0.23040331900119781
0.23040331900119781
0.23040331900119781
0.23040331900119781
0.23040331900119781
0.23040331900119781
0.23040331900119781
0.23040331900119781
0.23040331900119781
0.23040331900119781
0.23040331900119781
0.23040331900119781
0.23040331900119781
0.23040331900119781
0.23040331900119781
0.23040331900119781
0.23040331900119781
0.23040331900119781
0.23040331900119781
0.23040331900119781
0.23040331900119781
0.23040331900119781
0.23040331900119781
0.23040331900119781
0.23040331900119781
0.23040331900119781
0.23040331900119781
0.23040331900119781
0.23040331900119781
0.23040331900119781
0.23040331900119781
0.23040331900119781
0.23040331900119781
0.23040331900119781
0.23040331900119781
0.23040331900119781
0.23040331900119781
0.23040331900119781
0.23040331900119781
0.23040331900119781
0.23040331900119781
0.21327392756938934
0.21327392756938934
0.21327392756938934
0.21327392756938934
0.21327392756938934
0.21327392756938934
0.21327392756938934
0.21327392756938934
0.21327392756938934
0.21327392756938934
0.21327392756938934
0.21327392756938934
0.21327392756938934
0.21327392756938934
0.21327392756938934
0.21327392756938934
0.21327392756938934
0.21327392756938934
0.21327392756938934
0.21327392756938934
0.21327392756938934
0.21327392756938934
0.21327392756938934
0.21327392756938934
0.21327392756938934
