0.6087453961372375
0.09295079857110977
0.12704965472221375
0.11700017005205154
0.13025794923305511
0.13211174309253693
0.13168390095233917
0.13251356780529022
0.13435737788677216
0.13374662399291992
0.13404566049575806
0.13298679888248444
0.13632045686244965
0.1327030062675476
0.1312517523765564
0.12996624410152435
0.12790659070014954
0.1262020617723465
0.12505559623241425
0.12426304072141647
0.12233472615480423
0.12178359180688858
0.12146422266960144
0.12091848254203796
0.12286525219678879
0.12298976629972458
0.121138796210289
0.12312258034944534
0.12097040563821793
0.12633289396762848
0.12439502030611038
0.12473220378160477
0.12642504274845123
0.12424538284540176
0.12469689548015594
0.12586376070976257
0.12786036729812622
0.12646755576133728
0.1274302899837494
0.1269187480211258
0.1261577010154724
0.12807130813598633
0.1262861043214798
0.12818630039691925
0.12608970701694489
0.125739187002182
0.1262480765581131
0.12768827378749847
0.12844811379909515
0.12777411937713623
0.1270342916250229
0.12681342661380768
0.12846603989601135
0.12728452682495117
0.12632712721824646
0.12700767815113068
0.1283208429813385
0.1252998262643814
0.12920726835727692
0.1291683316230774
0.12935547530651093
0.12613633275032043
0.12875822186470032
0.1274157017469406
0.12991464138031006
0.12720155715942383
0.12579327821731567
0.12748214602470398
0.1279253363609314
0.12770576775074005
0.12995530664920807
0.1280909776687622
0.1280195266008377
0.1279219090938568
0.12755142152309418
0.12698639929294586
0.127774178981781
0.12873750925064087
0.12746141850948334
0.12790721654891968
0.12828370928764343
0.12723158299922943
0.12692931294441223
0.12743358314037323
0.1282961666584015
0.1260681450366974
0.1255551278591156
0.12640348076820374
0.1290854811668396
0.13068604469299316
0.12901261448860168
0.12777914106845856
0.12578006088733673
0.125959575176239
0.12699256837368011
0.12990055978298187
0.12674866616725922
0.12604936957359314
0.12881818413734436
0.12628920376300812
0.12583233416080475
0.13048212230205536
0.1261710226535797
0.1275854855775833
0.1290809065103531
0.12810003757476807
0.1267576962709427
0.12660129368305206
0.12604649364948273
0.126901775598526
0.12906846404075623
0.1277216374874115
0.12851741909980774
0.1264028251171112
0.12793272733688354
0.12933583557605743
0.12931041419506073
0.1284407377243042
0.12880222499370575
0.13004948198795319
0.12616857886314392
0.12653139233589172
0.1273454874753952
0.12711504101753235
0.12756028771400452
0.12762409448623657
0.1289287805557251
0.12559296190738678
0.12814906239509583
0.12912465631961823
0.12998902797698975
0.12763924896717072
0.127630352973938
0.12656372785568237
0.12793254852294922
0.12454623728990555
0.1265343427658081
0.12789073586463928
0.12769746780395508
0.12688729166984558
0.1257871836423874
0.12490162253379822
0.12658677995204926
0.12714719772338867
0.12872479856014252
0.12800395488739014
0.12782889604568481
0.12334271520376205
0.13043978810310364
0.12609370052814484
0.12641189992427826
0.12664447724819183
0.1286863386631012
0.12659959495067596
0.12710309028625488
0.12826883792877197
0.12832151353359222
0.12680579721927643
0.12404635548591614
0.12374279648065567
0.1273687481880188
0.12536050379276276
0.1284441202878952
0.1241704523563385
0.13044670224189758
0.12815187871456146
0.12993988394737244
0.12625153362751007
0.12741301953792572
0.12783333659172058
0.12730658054351807
0.1261671781539917
0.12607036530971527
0.125398650765419
0.12801137566566467
0.12514476478099823
0.13020354509353638
0.13079342246055603
0.12985606491565704
0.1278921663761139
0.12704087793827057
0.13714958727359772
0.13734355568885803
0.13867881894111633
0.13871243596076965
0.13887834548950195
0.13888268172740936
0.13890276849269867
0.13890324532985687
0.13890494406223297
0.13890494406223297
0.13890497386455536
0.13890497386455536
0.13890497386455536
0.13890497386455536
0.13890497386455536
0.13890497386455536
0.13890497386455536
0.13890497386455536
0.13890497386455536
0.13890497386455536
0.13890497386455536
0.13890497386455536
0.13890497386455536
0.13890497386455536
0.13890497386455536
0.13890497386455536
0.13890497386455536
0.13890497386455536
0.13890497386455536
0.13890497386455536
0.13890497386455536
0.13890497386455536
0.13890497386455536
0.13890497386455536
0.13890497386455536
0.13890497386455536
0.13890497386455536
0.13890497386455536
0.13890497386455536
0.13890497386455536
0.13890497386455536
0.13890497386455536
0.13890497386455536
0.13890497386455536
0.13890497386455536
0.13890497386455536
0.13890497386455536
0.13890497386455536
0.13890497386455536
0.13890497386455536
0.13890497386455536
0.13890497386455536
0.13890497386455536
0.13890497386455536
0.13890497386455536
0.13890497386455536
0.13890497386455536
0.13890497386455536
0.13890497386455536
0.13890497386455536
0.13890497386455536
0.13890497386455536
0.13890497386455536
0.13890497386455536
0.13890497386455536
0.13890497386455536
0.13890497386455536
0.13890497386455536
0.13890497386455536
0.13890497386455536
0.1278921663761139
0.1278921663761139
0.1278921663761139
0.1278921663761139
0.1278921663761139
0.1278921663761139
0.1278921663761139
0.1278921663761139
0.1278921663761139
0.1278921663761139
0.1278921663761139
0.1278921663761139
0.1278921663761139
0.1278921663761139
0.1278921663761139
0.1278921663761139
0.1278921663761139
0.1278921663761139
0.1278921663761139
0.1278921663761139
0.1278921663761139
0.1278921663761139
0.1278921663761139
0.1278921663761139
0.1278921663761139
