-0.030176639556884766
-0.0002353191375732422
-0.0003981590270996094
-0.0003070831298828125
-0.00039577484130859375
-0.0004398822784423828
-0.0004220008850097656
-0.0004432201385498047
-0.0004761219024658203
-0.0004932880401611328
-0.0005028247833251953
-0.0005295276641845703
-0.0006113052368164062
-0.0006086826324462891
-0.0006420612335205078
-0.0007061958312988281
-0.0007412433624267578
-0.0008378028869628906
-0.0008428096771240234
-0.0009944438934326172
-0.0008831024169921875
-0.0010695457458496094
-0.0009415149688720703
-0.0010960102081298828
-0.0009899139404296875
-0.0011754035949707031
-0.0009284019470214844
-0.0011012554168701172
-0.0008769035339355469
-0.0010864734649658203
-0.0009090900421142578
-0.0009205341339111328
-0.0008590221405029297
-0.0008118152618408203
-0.0007550716400146484
-0.0007581710815429688
-0.0007584095001220703
-0.0007135868072509766
-0.0007092952728271484
-0.0006814002990722656
-0.0006310939788818359
-0.0006763935089111328
-0.0006046295166015625
-0.0006501674652099609
-0.0006043910980224609
-0.0006015300750732422
-0.0005693435668945312
-0.000614166259765625
-0.0005750656127929688
-0.0005774497985839844
-0.0005319118499755859
-0.0005018711090087891
-0.0005002021789550781
-0.0004787445068359375
-0.00044727325439453125
-0.0004782676696777344
-0.0005049705505371094
-0.0004782676696777344
-0.0005471706390380859
-0.0005657672882080078
-0.0005719661712646484
-0.0005481243133544922
-0.0005955696105957031
-0.0005702972412109375
-0.0006234645843505859
-0.0005857944488525391
-0.0005691051483154297
-0.0005958080291748047
-0.0006060600280761719
-0.0006053447723388672
-0.0006263256072998047
-0.0006215572357177734
-0.0006198883056640625
-0.0006110668182373047
-0.0006120204925537109
-0.0005967617034912109
-0.0006155967712402344
-0.0006365776062011719
-0.0006096363067626953
-0.0006098747253417969
-0.0006163120269775391
-0.0006089210510253906
-0.0006146430969238281
-0.0006129741668701172
-0.0006270408630371094
-0.0006201267242431641
-0.0005741119384765625
-0.0006053447723388672
-0.0006382465362548828
-0.0006422996520996094
-0.000644683837890625
-0.0006384849548339844
-0.0006136894226074219
-0.0006067752838134766
-0.0006232261657714844
-0.0006475448608398438
-0.0006268024444580078
-0.0006153583526611328
-0.0006561279296875
-0.0006034374237060547
-0.0006129741668701172
-0.0006690025329589844
-0.0006401538848876953
-0.0006413459777832031
-0.0006780624389648438
-0.0006620883941650391
-0.0006532669067382812
-0.0006532669067382812
-0.000637054443359375
-0.0006442070007324219
-0.0006768703460693359
-0.0006811618804931641
-0.0007021427154541016
-0.0006768703460693359
-0.0007069110870361328
-0.0007364749908447266
-0.0007505416870117188
-0.0007562637329101562
-0.0007741451263427734
-0.00081634521484375
-0.0007426738739013672
-0.0007431507110595703
-0.0007753372192382812
-0.0007374286651611328
-0.0007224082946777344
-0.0007126331329345703
-0.0007519721984863281
-0.0006968975067138672
-0.0007441043853759766
-0.0007729530334472656
-0.00072479248046875
-0.0007002353668212891
-0.0007014274597167969
-0.0006899833679199219
-0.000720977783203125
-0.0006773471832275391
-0.0006952285766601562
-0.0007276535034179688
-0.0007066726684570312
-0.0007250308990478516
-0.0007026195526123047
-0.0006735324859619141
-0.0006871223449707031
-0.0007078647613525391
-0.0007562637329101562
-0.0007343292236328125
-0.000728607177734375
-0.0006864070892333984
-0.0007643699645996094
-0.0007131099700927734
-0.0007028579711914062
-0.0007088184356689453
-0.0007219314575195312
-0.0007002353668212891
-0.0007131099700927734
-0.0007376670837402344
-0.0007474422454833984
-0.0007092952728271484
-0.0006966590881347656
-0.0006914138793945312
-0.0007157325744628906
-0.0006763935089111328
-0.0007185935974121094
-0.0006868839263916016
-0.0007624626159667969
-0.0007333755493164062
-0.0008118152618408203
-0.0007262229919433594
-0.0007281303405761719
-0.0007171630859375
-0.0007181167602539062
-0.0007321834564208984
-0.0006866455078125
-0.0006735324859619141
-0.0007257461547851562
-0.0007352828979492188
-0.0007457733154296875
-0.0006668567657470703
-0.0007369518280029297
-0.0007402896881103516
-0.0007154941558837891
-0.0007977485656738281
-0.0007560253143310547
-0.0007658004760742188
-0.0007612705230712891
-0.0007627010345458984
-0.0007622241973876953
-0.0007624626159667969
-0.0007622241973876953
-0.0007622241973876953
-0.0007622241973876953
-0.0007622241973876953
-0.0007622241973876953
-0.0007622241973876953
-0.0007622241973876953
-0.0007622241973876953
-0.0007622241973876953
-0.0007622241973876953
-0.0007622241973876953
-0.0007622241973876953
-0.0007622241973876953
-0.0007622241973876953
-0.0007622241973876953
-0.0007622241973876953
-0.0007622241973876953
-0.0007622241973876953
-0.0007622241973876953
-0.0007622241973876953
-0.0007622241973876953
-0.0007622241973876953
-0.0007622241973876953
-0.0007622241973876953
-0.0007622241973876953
-0.0007622241973876953
-0.0007622241973876953
-0.0007622241973876953
-0.0007622241973876953
-0.0007622241973876953
-0.0007622241973876953
-0.0007622241973876953
-0.0007622241973876953
-0.0007622241973876953
-0.0007622241973876953
-0.0007622241973876953
-0.0007622241973876953
-0.0007622241973876953
-0.0007622241973876953
-0.0007622241973876953
-0.0007622241973876953
-0.0007622241973876953
-0.0007622241973876953
-0.0007622241973876953
-0.0007622241973876953
-0.0007622241973876953
-0.0007622241973876953
-0.0007622241973876953
-0.0007622241973876953
-0.0007622241973876953
-0.0007622241973876953
-0.0007622241973876953
-0.0007622241973876953
-0.0007622241973876953
-0.0007622241973876953
-0.0007622241973876953
-0.0007622241973876953
-0.0007622241973876953
-0.0007622241973876953
-0.0007622241973876953
-0.0007622241973876953
-0.0007622241973876953
-0.0007622241973876953
-0.0007402896881103516
-0.0007402896881103516
-0.0007402896881103516
-0.0007402896881103516
-0.0007402896881103516
-0.0007402896881103516
-0.0007402896881103516
-0.0007402896881103516
-0.0007402896881103516
-0.0007402896881103516
-0.0007402896881103516
-0.0007402896881103516
-0.0007402896881103516
-0.0007402896881103516
-0.0007402896881103516
-0.0007402896881103516
-0.0007402896881103516
-0.0007402896881103516
-0.0007402896881103516
-0.0007402896881103516
-0.0007402896881103516
-0.0007402896881103516
-0.0007402896881103516
-0.0007402896881103516
-0.0007402896881103516
