0.5998241901397705
0.019193010404706
0.03679710626602173
0.03128888085484505
0.04067174717783928
0.04272890090942383
0.044976361095905304
0.04643905907869339
0.049152106046676636
0.04999437928199768
0.052264899015426636
0.05355900526046753
0.05982694774866104
0.059580329805612564
0.06250575184822083
0.06545422971248627
0.06763552874326706
0.07074616104364395
0.07166072726249695
0.07587357610464096
0.07225503027439117
0.07670891284942627
0.07364530116319656
0.07707468420267105
0.07616014778614044
0.08051631599664688
0.07307770103216171
0.0787968784570694
0.07153769582509995
0.08062321692705154
0.07482194900512695
0.07585053890943527
0.07480200380086899
0.07267636805772781
0.07093638926744461
0.07185877114534378
0.07214704900979996
0.07044469565153122
0.0703090950846672
0.06960103660821915
0.06735744327306747
0.06987834721803665
0.06629260629415512
0.06894407421350479
0.0667874738574028
0.0660761371254921
0.06639883667230606
0.06827734410762787
0.06771863251924515
0.067989781498909
0.06632602959871292
0.06571869552135468
0.06676081568002701
0.06600278615951538
0.06416310369968414
0.06483782827854156
0.06613116711378098
0.06249304115772247
0.06611938029527664
0.06679069995880127
0.0664551854133606
0.06402410566806793
0.06698080152273178
0.06482989341020584
0.06731777638196945
0.06532417237758636
0.06406152993440628
0.0649065300822258
0.06613008677959442
0.06542212516069412
0.06793680787086487
0.06598284095525742
0.0656866803765297
0.06609991192817688
0.0657070130109787
0.06540527939796448
0.06564371287822723
0.06723103672266006
0.06512373685836792
0.0654880627989769
0.06624754518270493
0.06528110802173615
0.06529339402914047
0.06495339423418045
0.06617636978626251
0.06415121257305145
0.06356974691152573
0.06454537808895111
0.06688268482685089
0.0679246336221695
0.06637692451477051
0.06600692123174667
0.06510144472122192
0.06378158926963806
0.06515377759933472
0.06723574548959732
0.06509104371070862
0.06415260583162308
0.06699612736701965
0.06454148888587952
0.06424446403980255
0.06751450896263123
0.06514725834131241
0.06517148017883301
0.06706112623214722
0.0659821629524231
0.06521333754062653
0.06492355465888977
0.0642678439617157
0.06460323184728622
0.06677860766649246
0.06651855260133743
0.06700503826141357
0.06499053537845612
0.06633474677801132
0.06761640310287476
0.06783704459667206
0.06707052886486053
0.06769932806491852
0.06962631642818451
0.06509016454219818
0.06553086638450623
0.06710109859704971
0.06614229828119278
0.06605759263038635
0.06633079797029495
0.06827736645936966
0.06514256447553635
0.06781145930290222
0.06918811798095703
0.06781534105539322
0.06586573272943497
0.06591760367155075
0.06509991735219955
0.06686563044786453
0.06376136839389801
0.06500312685966492
0.06737472116947174
0.06609109044075012
0.06652221083641052
0.06509365886449814
0.0638621374964714
0.06509213894605637
0.06592941284179688
0.06830858439207077
0.06727971136569977
0.06703636050224304
0.0633898377418518
0.06944602727890015
0.06578274071216583
0.06566845625638962
0.06578044593334198
0.06721005588769913
0.06526236236095428
0.06664537638425827
0.06728055328130722
0.06793372333049774
0.06538837403059006
0.0641959011554718
0.06358763575553894
0.06620588153600693
0.06407924741506577
0.06690932810306549
0.06384121626615524
0.0691724494099617
0.06706586480140686
0.07059098780155182
0.06608355045318604
0.066584512591362
0.06614736467599869
0.06577549874782562
0.06635028123855591
0.06453448534011841
0.06399966776371002
0.06667588651180267
0.06581272184848785
0.06860610842704773
0.0674256682395935
0.06774429976940155
0.06727950274944305
0.06541518121957779
0.07378459721803665
0.07307906448841095
0.07421712577342987
0.07413981109857559
0.07428120076656342
0.07427189499139786
0.0742892250418663
0.07428830116987228
0.07428982108831406
0.07428976893424988
0.07428979873657227
0.07428979873657227
0.07428979873657227
0.07428979873657227
0.07428979873657227
0.07428979873657227
0.07428979873657227
0.07428979873657227
0.07428979873657227
0.07428979873657227
0.07428979873657227
0.07428979873657227
0.07428979873657227
0.07428979873657227
0.07428979873657227
0.07428979873657227
0.07428979873657227
0.07428979873657227
0.07428979873657227
0.07428979873657227
0.07428979873657227
0.07428979873657227
0.07428979873657227
0.07428979873657227
0.07428979873657227
0.07428979873657227
0.07428979873657227
0.07428979873657227
0.07428979873657227
0.07428979873657227
0.07428979873657227
0.07428979873657227
0.07428979873657227
0.07428979873657227
0.07428979873657227
0.07428979873657227
0.07428979873657227
0.07428979873657227
0.07428979873657227
0.07428979873657227
0.07428979873657227
0.07428979873657227
0.07428979873657227
0.07428979873657227
0.07428979873657227
0.07428979873657227
0.07428979873657227
0.07428979873657227
0.07428979873657227
0.07428979873657227
0.07428979873657227
0.07428979873657227
0.07428979873657227
0.07428979873657227
0.07428979873657227
0.07428979873657227
0.07428979873657227
0.07428979873657227
0.07428979873657227
0.07428979873657227
0.06727950274944305
0.06727950274944305
0.06727950274944305
0.06727950274944305
0.06727950274944305
0.06727950274944305
0.06727950274944305
0.06727950274944305
0.06727950274944305
0.06727950274944305
0.06727950274944305
0.06727950274944305
0.06727950274944305
0.06727950274944305
0.06727950274944305
0.06727950274944305
0.06727950274944305
0.06727950274944305
0.06727950274944305
0.06727950274944305
0.06727950274944305
0.06727950274944305
0.06727950274944305
0.06727950274944305
0.06727950274944305
