14.75349235534668
0.42863813042640686
0.673667848110199
0.2598396837711334
0.32194048166275024
0.28840458393096924
0.3042231798171997
0.3072705566883087
0.32642367482185364
0.31921470165252686
0.33427539467811584
0.32534563541412354
0.36071330308914185
0.3405795991420746
0.35168665647506714
0.34808337688446045
0.35098469257354736
0.3403547704219818
0.34122151136398315
0.33673545718193054
0.33392030000686646
0.31818443536758423
0.3127264380455017
0.29771336913108826
0.3039309084415436
0.29150399565696716
0.27775049209594727
0.27788394689559937
0.26414254307746887
0.27510902285575867
0.2676154673099518
0.25509339570999146
0.25174853205680847
0.23119686543941498
0.22980156540870667
0.21829301118850708
0.22489990293979645
0.208928644657135
0.21529948711395264
0.20656001567840576
0.20869076251983643
0.20881116390228271
0.2062314748764038
0.20686772465705872
0.20350097119808197
0.2026222199201584
0.20516759157180786
0.21063880622386932
0.22104912996292114
0.2207779884338379
0.22784718871116638
0.23280611634254456
0.2565774917602539
0.2614874243736267
0.2788868546485901
0.2869302034378052
0.321199893951416
0.2769060730934143
0.30582982301712036
0.3081570267677307
0.31667619943618774
0.2884761691093445
0.31206852197647095
0.2819950580596924
0.29887109994888306
0.27884918451309204
0.2750571072101593
0.27639710903167725
0.2869620621204376
0.27921539545059204
0.287090003490448
0.2771604061126709
0.28137868642807007
0.283450722694397
0.28520679473876953
0.2781152129173279
0.2808467149734497
0.2857549786567688
0.2796863913536072
0.27648138999938965
0.2777532935142517
0.2758959233760834
0.27784353494644165
0.2767057418823242
0.2795449495315552
0.27856069803237915
0.2736366391181946
0.28010332584381104
0.28316015005111694
0.2827383875846863
0.28429198265075684
0.28515443205833435
0.28864622116088867
0.27031493186950684
0.2809491455554962
0.2869998812675476
0.2803535461425781
0.2765836715698242
0.29078584909439087
0.2752506732940674
0.27941781282424927
0.28750312328338623
0.289701908826828
0.283963680267334
0.29386377334594727
0.28993499279022217
0.29351356625556946
0.2819173336029053
0.2822774052619934
0.2763848900794983
0.2945753335952759
0.2993755340576172
0.3098122477531433
0.2987995743751526
0.31029200553894043
0.33854418992996216
0.35384997725486755
0.36804723739624023
0.4051654636859894
0.4630463719367981
0.4143591821193695
0.4225841760635376
0.49044132232666016
0.46081966161727905
0.478215754032135
0.4519920349121094
0.537895679473877
0.4848376214504242
0.5367692708969116
0.5671703219413757
0.4537845849990845
0.44505035877227783
0.45232030749320984
0.4536014795303345
0.5025352835655212
0.47019895911216736
0.46763157844543457
0.5051845908164978
0.48007261753082275
0.5282710790634155
0.5026719570159912
0.4588378667831421
0.45747894048690796
0.49247026443481445
0.5753573179244995
0.5324177742004395
0.5230192542076111
0.5220683813095093
0.5508825778961182
0.5262668132781982
0.4880712926387787
0.5030015110969543
0.49414998292922974
0.4939158260822296
0.4874884784221649
0.5378948450088501
0.5613096952438354
0.5004064440727234
0.5316095352172852
0.5254007577896118
0.5073452591896057
0.4537211060523987
0.4776507019996643
0.5046797394752502
0.5462657809257507
0.5278918743133545
0.6435668468475342
0.5500844717025757
0.5296890735626221
0.4908090829849243
0.511480450630188
0.5675692558288574
0.4675356149673462
0.4560239911079407
0.5075059533119202
0.5956745147705078
0.5147582292556763
0.3979811668395996
0.4957279562950134
0.5297077894210815
0.506633996963501
0.48953092098236084
0.43766307830810547
0.4372169077396393
0.43112698197364807
0.43108800053596497
0.43033909797668457
0.4303438067436218
0.4302669167518616
0.43026962876319885
0.4302665889263153
0.4302666187286377
0.4302666485309601
0.4302666485309601
0.4302666485309601
0.4302666485309601
0.4302666485309601
0.4302666485309601
0.4302666485309601
0.4302666485309601
0.4302666485309601
0.4302666485309601
0.4302666485309601
0.4302666485309601
0.4302666485309601
0.4302666485309601
0.4302666485309601
0.4302666485309601
0.4302666485309601
0.4302666485309601
0.4302666485309601
0.4302666485309601
0.4302666485309601
0.4302666485309601
0.4302666485309601
0.4302666485309601
0.4302666485309601
0.4302666485309601
0.4302666485309601
0.4302666485309601
0.4302666485309601
0.4302666485309601
0.4302666485309601
0.4302666485309601
0.4302666485309601
0.4302666485309601
0.4302666485309601
0.4302666485309601
0.4302666485309601
0.4302666485309601
0.4302666485309601
0.4302666485309601
0.4302666485309601
0.4302666485309601
0.4302666485309601
0.4302666485309601
0.4302666485309601
0.4302666485309601
0.4302666485309601
0.4302666485309601
0.4302666485309601
0.4302666485309601
0.4302666485309601
0.4302666485309601
0.4302666485309601
0.4302666485309601
0.4302666485309601
0.4302666485309601
0.4302666485309601
0.4302666485309601
0.4302666485309601
0.5297077894210815
0.5297077894210815
0.5297077894210815
0.5297077894210815
0.5297077894210815
0.5297077894210815
0.5297077894210815
0.5297077894210815
0.5297077894210815
0.5297077894210815
0.5297077894210815
0.5297077894210815
0.5297077894210815
0.5297077894210815
0.5297077894210815
0.5297077894210815
0.5297077894210815
0.5297077894210815
0.5297077894210815
0.5297077894210815
0.5297077894210815
0.5297077894210815
0.5297077894210815
0.5297077894210815
0.5297077894210815
