0.5824495553970337
0.018792955204844475
0.03554946556687355
0.0301903635263443
0.03931320458650589
0.04165111482143402
0.04372260719537735
0.045130979269742966
0.04785877838730812
0.048691362142562866
0.050990134477615356
0.0522119477391243
0.05847403034567833
0.05816156417131424
0.06104879453778267
0.0639163926243782
0.06608230620622635
0.0691138505935669
0.06992995738983154
0.07405421882867813
0.07035993784666061
0.07479683309793472
0.07158719748258591
0.0751340463757515
0.07400845736265182
0.07845545560121536
0.07102120667695999
0.07681162655353546
0.06954111903905869
0.0786326453089714
0.07277537137269974
0.07393395155668259
0.07273254543542862
0.0706729143857956
0.06893495470285416
0.06978468596935272
0.07009772211313248
0.06840654462575912
0.06832261383533478
0.06764176487922668
0.06554678082466125
0.06799855828285217
0.06451098620891571
0.06706437468528748
0.06488695740699768
0.06420734524726868
0.06471231579780579
0.06645478308200836
0.06597522646188736
0.0662398636341095
0.0646672248840332
0.06414832174777985
0.06520570069551468
0.0644867941737175
0.06273758411407471
0.0633729100227356
0.0646514967083931
0.06105465814471245
0.06463737040758133
0.06531572341918945
0.06497588008642197
0.0625862181186676
0.06546824425458908
0.06334822624921799
0.06580143421888351
0.06382312625646591
0.0625644102692604
0.06340670585632324
0.06466910988092422
0.06394683569669724
0.0664321705698967
0.06446654349565506
0.06415965408086777
0.06460510194301605
0.06423228979110718
0.06394729763269424
0.0641687661409378
0.06570857763290405
0.06365136802196503
0.06397520005702972
0.06473871320486069
0.0637754574418068
0.06362923234701157
0.06354642659425735
0.06463273614645004
0.06262478977441788
0.06213107705116272
0.0631023645401001
0.06538143008947372
0.0663832575082779
0.06488382071256638
0.06447947025299072
0.0636729896068573
0.062296055257320404
0.06366000324487686
0.06571177393198013
0.06359725445508957
0.06268841028213501
0.06548219174146652
0.06306210160255432
0.06279058009386063
0.0658804327249527
0.06367603689432144
0.06365025788545609
0.06552907824516296
0.06439875811338425
0.06368139386177063
0.06337762624025345
0.06278932094573975
0.06306059658527374
0.06518292427062988
0.06494283676147461
0.06546000391244888
0.06340464949607849
0.06466344743967056
0.06594686210155487
0.06617964059114456
0.06536147743463516
0.06592390686273575
0.06775247305631638
0.06331756711006165
0.06376580893993378
0.06529081612825394
0.06435850262641907
0.06426579505205154
0.06457698345184326
0.06644254177808762
0.063412606716156
0.06600138545036316
0.0673360750079155
0.06599494069814682
0.06410229206085205
0.06415631622076035
0.06336533278226852
0.06508343666791916
0.06207888945937157
0.06326545774936676
0.06558649986982346
0.06434545665979385
0.06477285921573639
0.06338413059711456
0.06217533349990845
0.063369981944561
0.06417780369520187
0.06651933491230011
0.06547930091619492
0.06525694578886032
0.06172577664256096
0.06760076433420181
0.06406110525131226
0.06393013894557953
0.06403232365846634
0.06542783230543137
0.0635259822010994
0.0648718997836113
0.06547921895980835
0.06614189594984055
0.06362428516149521
0.06249982863664627
0.06192659214138985
0.06444142013788223
0.062395449727773666
0.06515268981456757
0.062133293598890305
0.06735890358686447
0.06531548500061035
0.06866757571697235
0.06435313075780869
0.06482478231191635
0.06434223055839539
0.06402170658111572
0.06460240483283997
0.06281512975692749
0.0623212531208992
0.06490342319011688
0.06410177052021027
0.06679507344961166
0.06559064984321594
0.06594304740428925
0.06550043076276779
0.06369990855455399
0.07178859412670135
0.07110675424337387
0.07220569998025894
0.07213103771209717
0.0722675696015358
0.0722585916519165
0.0722753256559372
0.07227443158626556
0.07227589935064316
0.07227585464715958
0.07227587699890137
0.07227587699890137
0.07227587699890137
0.07227587699890137
0.07227587699890137
0.07227587699890137
0.07227587699890137
0.07227587699890137
0.07227587699890137
0.07227587699890137
0.07227587699890137
0.07227587699890137
0.07227587699890137
0.07227587699890137
0.07227587699890137
0.07227587699890137
0.07227587699890137
0.07227587699890137
0.07227587699890137
0.07227587699890137
0.07227587699890137
0.07227587699890137
0.07227587699890137
0.07227587699890137
0.07227587699890137
0.07227587699890137
0.07227587699890137
0.07227587699890137
0.07227587699890137
0.07227587699890137
0.07227587699890137
0.07227587699890137
0.07227587699890137
0.07227587699890137
0.07227587699890137
0.07227587699890137
0.07227587699890137
0.07227587699890137
0.07227587699890137
0.07227587699890137
0.07227587699890137
0.07227587699890137
0.07227587699890137
0.07227587699890137
0.07227587699890137
0.07227587699890137
0.07227587699890137
0.07227587699890137
0.07227587699890137
0.07227587699890137
0.07227587699890137
0.07227587699890137
0.07227587699890137
0.07227587699890137
0.07227587699890137
0.07227587699890137
0.07227587699890137
0.07227587699890137
0.07227587699890137
0.07227587699890137
0.01314202044159174
0.005190883297473192
0.003565497463569045
0.003176583442837
0.0028746877796947956
0.002639026613906026
0.002428254345431924
0.0022705947048962116
0.0020877993665635586
0.0019516005413606763
0.0019054246367886662
0.0018762320978567004
0.0018485296750441194
0.0018226857064291835
0.001803311868570745
0.0017882855609059334
0.0017797686159610748
0.0017550949705764651
0.0017405083635821939
0.0017282102489843965
0.0017508777091279626
0.0016989666037261486
0.001675592502579093
0.0016689079347997904
0.001646570861339569
