0.0000,0.0137
0.0000,0.0137
0.0000,0.0132
0.0000,0.0161
0.0000,0.0166
0.0000,0.0171
0.0000,0.0153
0.0000,0.0173
0.0000,0.0123
0.0000,0.0137
0.0000,0.0138
0.0000,0.0138
0.0000,0.0129
0.0000,0.0168
0.0000,0.0138
0.0000,0.0135
0.0000,0.0159
0.0000,0.0157
0.0000,0.0179
0.0000,0.0129
0.0000,0.0126
0.0000,0.0126
0.0000,0.0123
0.0000,0.0139
0.0000,0.0098
0.0000,0.0133
0.0000,0.0083
0.0000,0.0126
0.0000,0.0129
0.0000,0.0088
0.0000,0.0101
0.0000,0.0101
0.0000,0.0126
0.0000,0.0115
0.0000,0.0113
0.0000,0.0089
0.0000,0.0114
0.0000,0.0126
0.0000,0.0069
0.0000,0.0097
0.0000,0.0110
0.0000,0.0110
0.0000,0.0089
0.0000,0.0110
0.0000,0.0126
0.0000,0.0097
0.0000,0.0095
0.0000,0.0103
0.0000,0.0105
0.0000,0.0119
0.0000,0.0098
0.0000,0.0095
0.0000,0.0095
0.0000,0.0095
0.0000,0.0095
0.0000,0.0095
0.0000,0.0095
0.0000,0.0095
0.0000,0.0095
0.0000,0.0095
0.0000,0.0095
0.0000,0.0095
0.0000,0.0095
0.0000,0.0095
0.0000,0.0095
0.0000,0.0095
0.0000,0.0095
0.0000,0.0095
0.0000,0.0095
0.0000,0.0095
0.0000,0.0095
0.0000,0.0095
0.0000,0.0095
0.0000,0.0095
0.0000,0.0095
0.0000,0.0095
0.0000,0.0095
0.0000,0.0095
0.0000,0.0095
0.0000,0.0095
0.0000,0.0095
0.0000,0.0095
0.0000,0.0095
0.0000,0.0095
0.0000,0.0095
0.0000,0.0095
0.0000,0.0095
0.0000,0.0095
0.0000,0.0095
0.0000,0.0095
0.0000,0.0095
0.0000,0.0095
0.0000,0.0095
0.0000,0.0095
0.0000,0.0095
0.0000,0.0095
0.0000,0.0095
0.0000,0.0095
0.0000,0.0095
0.0000,0.0095
0.0000,0.0095
0.0000,0.0098
0.0000,0.0095
0.0000,0.0095
0.0000,0.0095
0.0000,0.0095
0.0000,0.0095
0.0000,0.0095
0.0000,0.0095
0.0000,0.0095
0.0000,0.0095
0.0000,0.0095
0.0000,0.0095
0.0000,0.0095
0.0000,0.0095
0.0000,0.0095
0.0000,0.0095
0.0000,0.0095
0.0000,0.0095
0.0000,0.0095
0.0000,0.0095
0.0000,0.0095
0.0000,0.0095
0.0000,0.0095
0.0000,0.0095
0.0000,0.0095
0.0000,0.0095
0.0000,0.0095
0.0000,0.0095
0.0000,0.0095
0.0000,0.0095
0.0000,0.0095
0.0000,0.0095
0.0000,0.0095
0.0000,0.0095
0.0000,0.0095
0.0000,0.0095
0.0000,0.0095
0.0000,0.0095
0.0000,0.0095
0.0000,0.0095
0.0000,0.0095
0.0000,0.0095
0.0000,0.0095
0.0000,0.0095
0.0000,0.0095
0.0000,0.0095
0.0000,0.0095
0.0000,0.0095
0.0000,0.0095
0.0000,0.0095
0.0000,0.0095
0.0000,0.0098
