17.2311,52.5354
14.5356,52.5354
14.3325,52.5354
14.3657,52.5354
14.3279,52.5354
14.3425,52.5354
14.3686,52.5354
14.3385,52.5354
14.3351,52.5354
14.3454,52.5354
14.3341,52.5354
14.3283,52.5354
14.3427,52.5354
14.3695,52.5354
14.3282,52.5354
14.3335,52.5354
14.3676,52.5354
14.3342,52.5354
14.3287,52.5354
14.3327,52.5354
14.3281,52.5354
14.3283,52.5354
14.3295,52.5354
14.3291,52.5354
14.4290,52.5354
14.3307,52.5354
14.3474,52.5354
14.3564,52.5354
14.3686,52.5354
14.3284,52.5354
14.3512,52.5354
14.3298,52.5354
14.3635,52.5354
14.3278,52.5354
14.6220,52.5354
14.4085,52.5354
14.3622,52.5354
14.4848,52.5354
14.3329,52.5354
14.6005,52.5354
14.3519,52.5354
14.3371,52.5354
14.3331,52.5354
14.4287,52.5354
14.3283,52.5354
14.3505,52.5354
14.4060,52.5354
14.3339,52.5354
14.3330,52.5354
14.3295,52.5354
14.3520,52.5354
14.3299,52.1256
