13.9787,11.4693
14.6877,12.1747
14.6877,12.1749
14.8865,12.3735
14.8297,12.3195
14.9105,12.4017
14.8284,12.3211
14.8967,12.3893
14.7051,12.1980
15.0970,12.5898
14.9649,12.4575
14.9492,12.4418
14.9491,12.4418
15.0942,12.5858
14.7935,12.2846
14.9246,12.4148
14.9576,12.4486
14.9638,12.4538
14.9112,12.3990
14.6132,12.1011
14.9960,12.4823
14.9882,12.4808
14.9878,12.4809
14.8625,12.3535
14.6971,12.1875
15.1753,12.6641
14.8657,12.3549
15.1770,12.6660
14.7612,12.2509
14.7172,12.2072
15.2507,12.7387
15.0064,12.4984
15.0064,12.4981
14.8422,12.3339
14.9531,12.4452
15.0598,12.5538
15.1456,12.6403
14.8636,12.3589
14.7432,12.2401
15.2113,12.7094
14.9623,12.4584
15.0862,12.5849
15.0863,12.5848
15.2936,12.7952
14.9048,12.4034
14.7802,12.2795
15.0004,12.4997
15.0340,12.5354
14.9373,12.4416
15.5011,13.0060
14.9549,12.4575
15.0529,12.5450
15.0338,12.5357
15.0341,12.5357
15.0338,12.5358
15.0339,12.5353
15.0336,12.5358
15.0339,12.5359
15.0338,12.5354
15.0338,12.5354
15.0338,12.5358
15.0337,12.5360
15.0337,12.5358
15.0340,12.5356
15.0339,12.5356
15.0336,12.5355
15.0339,12.5358
15.0338,12.5355
15.0337,12.5356
15.0340,12.5355
15.0337,12.5356
15.0338,12.5356
15.0340,12.5355
15.0338,12.5356
15.0341,12.5354
15.0341,12.5357
15.0341,12.5353
15.0339,12.5356
15.0339,12.5354
15.0341,12.5354
15.0339,12.5356
15.0339,12.5356
15.0338,12.5357
15.0337,12.5357
15.0337,12.5354
15.0338,12.5357
15.0339,12.5355
15.0339,12.5356
15.0338,12.5356
15.0338,12.5354
15.0339,12.5355
15.0338,12.5358
15.0337,12.5354
15.0339,12.5357
15.0337,12.5355
15.0340,12.5356
15.0338,12.5356
15.0340,12.5358
15.0340,12.5356
15.0337,12.5356
15.0340,12.5358
15.0338,12.5358
15.0336,12.5353
15.0531,12.5448
15.0339,12.5356
15.0339,12.5354
15.0339,12.5356
15.0339,12.5356
15.0338,12.5356
15.0337,12.5358
15.0338,12.5355
15.0338,12.5356
15.0339,12.5356
15.0340,12.5354
15.0340,12.5356
15.0338,12.5356
15.0338,12.5357
15.0337,12.5354
15.0338,12.5356
15.0340,12.5352
15.0340,12.5356
15.0337,12.5358
15.0339,12.5353
15.0339,12.5358
15.0337,12.5356
15.0338,12.5356
15.0337,12.5355
15.0339,12.5355
15.0337,12.5356
15.0340,12.5356
15.0338,12.5356
15.0340,12.5357
15.0340,12.5355
15.0338,12.5356
15.0340,12.5355
15.0341,12.5356
15.0337,12.5354
15.0339,12.5356
15.0340,12.5358
15.0336,12.5356
15.0340,12.5356
15.0338,12.5356
15.0340,12.5356
15.0339,12.5359
15.0338,12.5355
15.0338,12.5356
15.0341,12.5355
15.0341,12.5358
15.0339,12.5355
15.0340,12.5357
15.0338,12.5355
15.0340,12.5356
15.0338,12.5352
15.0339,12.5356
15.0341,12.5357
15.0529,12.5451
