40.4334,63.8031
40.4337,63.8031
40.4335,63.8031
40.4336,63.8031
40.4336,63.8031
40.4336,63.8031
40.4336,63.8031
40.4336,63.8031
40.4336,63.8031
40.4336,63.8031
40.4336,63.8031
40.4336,63.8031
40.4336,63.8031
40.4336,63.8031
40.4336,63.8031
40.4336,63.8031
40.4336,63.8031
40.4336,63.8031
40.4336,63.8031
40.4336,63.8031
40.4336,63.8031
40.4336,63.8031
40.4336,63.8031
40.4336,63.8031
40.4336,63.8031
40.4336,63.8031
40.4336,63.8031
40.4336,63.8031
40.4336,63.8031
40.4336,63.8031
40.4336,63.8031
40.4336,63.8031
40.4336,63.8031
40.4336,63.8031
40.4336,63.8031
40.4336,63.8031
40.4336,63.8031
40.4336,63.8031
40.4336,63.8031
40.4336,63.8031
40.4336,63.8031
40.4336,63.8031
40.4336,63.8031
40.4336,63.8031
40.4336,63.8031
40.4336,63.8031
40.4336,63.8031
40.4336,63.8031
40.4336,63.8031
40.4336,63.8031
40.4336,63.8031
40.4336,63.8333
