30.8442,4.9592
30.8438,4.9592
30.8439,4.9592
30.8439,4.9592
30.8439,4.9592
30.8439,4.9592
30.8440,4.9592
30.8439,4.9592
30.8439,4.9592
30.8439,4.9592
30.8439,4.9592
30.8439,4.9592
30.8439,4.9592
30.8439,4.9592
30.8439,4.9592
30.8439,4.9592
30.8439,4.9592
30.8439,4.9592
30.8439,4.9592
30.8439,4.9592
30.8439,4.9592
30.8439,4.9592
30.8439,4.9592
30.8439,4.9592
30.8439,4.9592
30.8439,4.9592
30.8439,4.9592
30.8439,4.9592
30.8439,4.9592
30.8439,4.9592
30.8439,4.9592
30.8439,4.9592
30.8439,4.9592
30.8439,4.9592
30.8440,4.9592
30.8439,4.9592
30.8440,4.9592
30.8439,4.9592
30.8439,4.9592
30.8438,4.9592
30.8439,4.9592
30.8439,4.9592
30.8439,4.9592
30.8439,4.9592
30.8439,4.9592
30.8439,4.9592
30.8439,4.9592
30.8439,4.9592
30.8439,4.9592
30.8439,4.9592
30.8439,4.9592
30.8447,4.9451
