-1.0000,0.4615
-1.0000,0.4612
-1.0000,0.4612
-1.0000,0.4609
-1.0000,0.4605
-1.0000,0.4602
-1.0000,0.4599
-1.0000,0.4597
-1.0000,0.4595
-1.0000,0.4593
-1.0000,0.4592
-1.0000,0.4590
-1.0000,0.4590
-1.0000,0.4590
-1.0000,0.4586
-1.0000,0.4585
-1.0000,0.4583
-1.0000,0.4582
-1.0000,0.4578
-1.0000,0.4578
-1.0000,0.4579
-1.0000,0.4576
-1.0000,0.4576
-1.0000,0.4577
-1.0000,0.4577
-1.0000,0.4578
-1.0000,0.4580
-1.0000,0.4579
-1.0000,0.4580
-1.0000,0.4582
-1.0000,0.4584
-1.0000,0.4584
-1.0000,0.4584
-1.0000,0.4583
-1.0000,0.4584
-1.0000,0.4582
-1.0000,0.4584
-1.0000,0.4585
-1.0000,0.4584
-1.0000,0.4585
-1.0000,0.4586
-1.0000,0.4589
-1.0000,0.4589
-1.0000,0.4587
-1.0000,0.4585
-1.0000,0.4586
-1.0000,0.4586
-1.0000,0.4587
-1.0000,0.4588
-1.0000,0.4587
-1.0000,0.4588
-1.0000,-1.0000,0.4587
-1.0000,0.4587
-1.0000,0.4587
-1.0000,0.4587
-1.0000,0.4587
-1.0000,0.4587
-1.0000,0.4587
-1.0000,0.4587
-1.0000,0.4587
-1.0000,0.4587
-1.0000,0.4587
-1.0000,0.4587
-1.0000,0.4587
-1.0000,0.4587
-1.0000,0.4587
-1.0000,0.4587
-1.0000,0.4587
-1.0000,0.4587
-1.0000,0.4587
-1.0000,0.4587
-1.0000,0.4587
-1.0000,0.4587
-1.0000,0.4587
-1.0000,0.4587
-1.0000,0.4587
-1.0000,0.4587
-1.0000,0.4587
-1.0000,0.4587
-1.0000,0.4587
-1.0000,0.4587
-1.0000,0.4587
-1.0000,0.4587
-1.0000,0.4587
-1.0000,0.4587
-1.0000,0.4587
-1.0000,0.4587
-1.0000,0.4587
-1.0000,0.4587
-1.0000,0.4587
-1.0000,0.4587
-1.0000,0.4587
-1.0000,0.4587
-1.0000,0.4587
-1.0000,0.4587
-1.0000,0.4587
-1.0000,0.4587
-1.0000,0.4587
-1.0000,0.4587
-1.0000,0.4587
-1.0000,0.4587
-1.0000,0.4587
-1.0000,0.4587
-1.0000,-1.0000,0.4587
-1.0000,0.4587
-1.0000,0.4587
-1.0000,0.4587
-1.0000,0.4587
-1.0000,0.4587
-1.0000,0.4587
-1.0000,0.4587
-1.0000,0.4587
-1.0000,0.4587
-1.0000,0.4587
-1.0000,0.4587
-1.0000,0.4587
-1.0000,0.4587
-1.0000,0.4587
-1.0000,0.4587
-1.0000,0.4587
-1.0000,0.4587
-1.0000,0.4587
-1.0000,0.4587
-1.0000,0.4587
-1.0000,0.4587
-1.0000,0.4587
-1.0000,0.4587
-1.0000,0.4587
-1.0000,0.4587
-1.0000,0.4587
-1.0000,0.4587
-1.0000,0.4587
-1.0000,0.4587
-1.0000,0.4587
-1.0000,0.4587
-1.0000,0.4587
-1.0000,0.4587
-1.0000,0.4587
-1.0000,0.4587
-1.0000,0.4587
-1.0000,0.4587
-1.0000,0.4587
-1.0000,0.4587
-1.0000,0.4587
-1.0000,0.4587
-1.0000,0.4587
-1.0000,0.4587
-1.0000,0.4587
-1.0000,0.4587
-1.0000,0.4587
-1.0000,0.4587
-1.0000,0.4587
-1.0000,0.4587
-1.0000,0.4587
-1.0000,0.4587
-1.0000,-1.0000,0.4587
