0.6106,157.8207
0.3873,157.8207
0.0090,157.8207
0.0004,157.8207
0.0014,157.8207
0.0000,157.8207
0.0000,157.8207
0.0000,157.8207
0.0000,157.8207
0.0000,157.8207
0.0000,157.8207
0.0000,157.8207
0.0000,157.8207
0.0000,157.8207
0.0000,157.8207
0.0000,157.8207
0.0000,157.8207
0.0000,157.8207
0.0000,157.8207
0.0000,157.8207
0.0000,157.8207
0.0000,157.8207
0.0000,157.8207
0.0000,157.8207
0.0000,157.8207
0.0000,157.8207
0.0000,157.8207
0.0000,157.8207
0.0000,157.8207
0.0000,157.8207
0.0000,157.8207
0.0000,157.8207
0.0000,157.8207
0.0000,157.8207
0.0000,157.8207
0.0000,157.8207
0.0000,157.8207
0.0000,157.8207
0.0000,157.8207
0.0000,157.8207
0.0000,157.8207
0.0000,157.8207
0.0000,157.8207
0.0000,157.8207
0.0000,157.8207
0.0000,157.8207
0.0000,157.8207
0.0000,157.8207
0.0000,157.8207
0.0000,157.8207
0.0000,157.8207
0.0000,157.8316
