9245.8408
9097.9414
8206.7646
8467.6465
8399.7705
8513.6348
8244.2793
8502.0479
8634.6621
9045.9697
8370.8398
8480.4678
8224.2969
9320.1289
8665.1494
8399.2168
8185.4463
8620.3076
8632.4521
8290.8398
8618.6123
8480.5176
8322.4072
8160.0190
7968.9155
8947.1963
7967.4717
8885.5879
8040.2456
7687.3271
9113.2715
8175.3042
8162.0225
8373.2031
8659.5273
8173.3516
8820.4102
8066.3101
7689.0654
8485.8818
8206.6201
8506.4883
8505.7510
9005.2871
8022.5317
8150.0986
8343.0078
8476.2812
8028.9053
9302.0469
8297.6367
8315.7432
8476.5732
8476.7500
8476.3252
8475.9688
8476.4980
8476.9941
8476.7188
8476.7168
8476.5430
8476.4883
8476.8428
8476.3682
8476.4521
8476.1465
8476.0225
8476.1875
8475.9092
8476.5312
8476.3271
8476.5742
8476.4805
8476.5166
8476.4775
8476.5078
8476.2617
8476.5742
8476.0732
8476.2930
8476.1162
8476.1797
8476.1025
8476.6104
8476.9414
8476.4414
8476.3887
8476.3643
8476.3262
8476.2266
8476.5273
8476.4678
8476.4521
8476.4619
8476.3105
8476.3135
8476.3906
8476.1992
8476.7285
8475.8955
8476.0566
8476.0078
8476.2441
8316.2480
8476.3613
8476.0781
8476.3184
8476.2412
8476.4746
8476.6807
8476.2012
8476.3984
8476.1299
8476.4121
8476.1621
8476.0547
8476.7754
8476.4629
8476.2285
8476.9062
8476.4619
8476.4219
8476.2588
8476.4326
8476.3486
8476.2793
8476.6826
8476.6621
8476.1611
8476.5420
8476.1523
8476.4385
8476.4727
8476.9326
8476.6660
8476.1406
8476.1670
8476.4609
8475.7480
8476.1074
8476.4326
8476.5557
8476.3125
8476.3975
8476.8320
8476.5527
8476.2236
8476.6660
8476.4609
8476.4590
8476.4219
8476.2236
8476.3809
8476.5674
8476.4160
8315.4355
