0.0001,0.0145
0.0001,0.0145
0.0001,0.0207
0.0001,0.0181
0.0000,0.0168
0.0000,0.0155
0.0000,0.0128
0.0000,0.0137
0.0000,0.0129
0.0000,0.0116
0.0000,0.0130
0.0000,0.0130
0.0000,0.0128
0.0000,0.0135
0.0000,0.0117
0.0000,0.0136
0.0000,0.0108
0.0000,0.0116
0.0000,0.0114
0.0000,0.0125
0.0000,0.0121
0.0000,0.0121
0.0001,0.0218
0.0000,0.0140
0.0000,0.0118
0.0000,0.0113
0.0000,0.0106
0.0000,0.0148
0.0000,0.0121
0.0000,0.0113
0.0000,0.0125
0.0000,0.0125
0.0000,0.0116
0.0000,0.0130
0.0000,0.0110
0.0000,0.0107
0.0000,0.0125
0.0000,0.0106
0.0000,0.0109
0.0000,0.0103
0.0000,0.0114
0.0000,0.0114
0.0000,0.0132
0.0000,0.0119
0.0000,0.0099
0.0000,0.0116
0.0000,0.0103
0.0000,0.0106
0.0000,0.0138
0.0000,0.0111
0.0000,0.0106
0.0000,0.0103
0.0000,0.0103
0.0000,0.0103
0.0000,0.0103
0.0000,0.0103
0.0000,0.0103
0.0000,0.0103
0.0000,0.0103
0.0000,0.0103
0.0000,0.0103
0.0000,0.0103
0.0000,0.0103
0.0000,0.0103
0.0000,0.0103
0.0000,0.0103
0.0000,0.0103
0.0000,0.0103
0.0000,0.0103
0.0000,0.0103
0.0000,0.0103
0.0000,0.0103
0.0000,0.0103
0.0000,0.0103
0.0000,0.0103
0.0000,0.0103
0.0000,0.0103
0.0000,0.0103
0.0000,0.0103
0.0000,0.0103
0.0000,0.0103
0.0000,0.0103
0.0000,0.0103
0.0000,0.0103
0.0000,0.0103
0.0000,0.0103
0.0000,0.0103
0.0000,0.0103
0.0000,0.0103
0.0000,0.0103
0.0000,0.0103
0.0000,0.0103
0.0000,0.0103
0.0000,0.0103
0.0000,0.0103
0.0000,0.0103
0.0000,0.0103
0.0000,0.0103
0.0000,0.0103
0.0000,0.0103
0.0000,0.0103
0.0000,0.0106
0.0000,0.0103
0.0000,0.0103
0.0000,0.0103
0.0000,0.0103
0.0000,0.0103
0.0000,0.0103
0.0000,0.0103
0.0000,0.0103
0.0000,0.0103
0.0000,0.0103
0.0000,0.0103
0.0000,0.0103
0.0000,0.0103
0.0000,0.0103
0.0000,0.0103
0.0000,0.0103
0.0000,0.0103
0.0000,0.0103
0.0000,0.0103
0.0000,0.0103
0.0000,0.0103
0.0000,0.0103
0.0000,0.0103
0.0000,0.0103
0.0000,0.0103
0.0000,0.0103
0.0000,0.0103
0.0000,0.0103
0.0000,0.0103
0.0000,0.0103
0.0000,0.0103
0.0000,0.0103
0.0000,0.0103
0.0000,0.0103
0.0000,0.0103
0.0000,0.0103
0.0000,0.0103
0.0000,0.0103
0.0000,0.0103
0.0000,0.0103
0.0000,0.0103
0.0000,0.0103
0.0000,0.0103
0.0000,0.0103
0.0000,0.0103
0.0000,0.0103
0.0000,0.0103
0.0000,0.0103
0.0000,0.0103
0.0000,0.0103
0.0000,0.0106
