14.3979,78.1271
14.0826,78.1275
13.5408,78.1276
13.6402,78.1271
13.5930,78.1267
13.5818,78.1265
13.5466,78.1276
13.6146,78.1273
13.5546,78.1280
13.5978,78.1266
13.5749,78.1284
13.5527,78.1271
13.5623,78.1287
13.5337,78.1269
13.5631,78.1275
13.5712,78.1272
13.6163,78.1287
13.6255,78.1271
13.5523,78.1279
13.5998,78.1268
13.5446,78.1277
13.5569,78.1278
13.6547,78.1278
13.6164,78.1271
13.5301,78.1277
13.6221,78.1269
13.5777,78.1275
13.5512,78.1273
13.6599,78.1289
13.5432,78.1287
13.5574,78.1290
13.5945,78.1277
13.7428,78.1271
13.5497,78.1272
13.5813,78.1270
13.9437,78.1274
13.5947,78.1267
13.5690,78.1269
13.5196,78.1278
13.5276,78.1277
13.5290,78.1280
13.5431,78.1284
13.6490,78.1286
13.5370,78.1273
13.6230,78.1275
13.5130,78.1274
13.7321,78.1275
13.5040,78.1286
13.5024,78.1276
13.5060,78.1289
13.5670,78.1281
13.6189,78.4481
