13.0119,10.7021
13.1846,10.8752
13.1845,10.8752
12.4592,10.1510
12.4468,10.1378
12.4075,10.0976
12.6186,10.3099
12.7112,10.4026
12.5545,10.2438
12.5707,10.2596
12.6741,10.3629
12.5375,10.2232
12.5376,10.2232
12.5887,10.2750
12.4963,10.1809
12.5897,10.2734
12.5307,10.2139
12.6036,10.2867
12.5294,10.2123
12.6422,10.3253
12.6429,10.3266
12.5484,10.2322
12.5484,10.2322
12.1656,9.8491
12.4528,10.1354
12.6084,10.2936
12.6402,10.3245
12.5579,10.2434
12.4599,10.1460
12.4904,10.1768
12.5027,10.1881
12.6385,10.3240
12.6385,10.3238
12.6535,10.3407
12.4214,10.1074
12.5546,10.2405
12.6810,10.3692
12.4474,10.1358
12.5074,10.1965
12.5925,10.2811
12.5215,10.2109
12.4316,10.1218
12.4315,10.1219
12.7534,10.4448
12.5139,10.2036
12.4100,10.1008
12.5245,10.2152
12.3794,10.0712
12.4442,10.1356
12.7889,10.4790
12.4822,10.1731
12.5045,10.2024
12.5215,10.2110
12.5214,10.2110
12.5215,10.2110
12.5215,10.2109
12.5215,10.2110
12.5215,10.2110
12.5215,10.2110
12.5215,10.2109
12.5215,10.2110
12.5215,10.2110
12.5215,10.2110
12.5215,10.2109
12.5215,10.2110
12.5215,10.2111
12.5215,10.2110
12.5214,10.2110
12.5215,10.2110
12.5215,10.2110
12.5215,10.2109
12.5215,10.2110
12.5216,10.2109
12.5216,10.2109
12.5215,10.2110
12.5215,10.2110
12.5215,10.2110
12.5215,10.2110
12.5215,10.2110
12.5215,10.2110
12.5216,10.2110
12.5215,10.2111
12.5215,10.2110
12.5215,10.2110
12.5215,10.2109
12.5215,10.2110
12.5215,10.2109
12.5214,10.2109
12.5215,10.2110
12.5215,10.2109
12.5215,10.2110
12.5215,10.2110
12.5214,10.2110
12.5215,10.2110
12.5215,10.2110
12.5215,10.2110
12.5215,10.2110
12.5215,10.2110
12.5215,10.2109
12.5215,10.2110
12.5215,10.2110
12.5215,10.2110
12.5215,10.2110
12.5045,10.2023
12.5215,10.2109
12.5215,10.2110
12.5215,10.2109
12.5215,10.2110
12.5215,10.2110
12.5215,10.2110
12.5215,10.2111
12.5215,10.2109
12.5215,10.2110
12.5216,10.2110
12.5215,10.2110
12.5215,10.2109
12.5215,10.2110
12.5215,10.2109
12.5215,10.2110
12.5215,10.2110
12.5215,10.2110
12.5215,10.2110
12.5215,10.2109
12.5215,10.2111
12.5215,10.2110
12.5215,10.2110
12.5215,10.2110
12.5215,10.2109
12.5215,10.2110
12.5214,10.2110
12.5215,10.2109
12.5215,10.2110
12.5215,10.2109
12.5215,10.2110
12.5215,10.2109
12.5215,10.2109
12.5215,10.2110
12.5216,10.2110
12.5215,10.2110
12.5215,10.2110
12.5214,10.2111
12.5215,10.2109
12.5215,10.2109
12.5215,10.2110
12.5215,10.2110
12.5215,10.2110
12.5215,10.2110
12.5214,10.2109
12.5215,10.2110
12.5215,10.2110
12.5215,10.2109
12.5215,10.2109
12.5215,10.2110
12.5215,10.2109
12.5215,10.2110
12.5045,10.2024
