27.3816,7.0638
27.3814,7.0638
27.3815,7.0638
27.3815,7.0639
27.3814,7.0638
27.3815,7.0638
27.3815,7.0638
27.3814,7.0638
27.3815,7.0638
27.3814,7.0638
27.3814,7.0638
27.3815,7.0638
27.3814,7.0639
27.3815,7.0638
27.3815,7.0639
27.3815,7.0638
27.3815,7.0638
27.3815,7.0638
27.3815,7.0638
27.3814,7.0639
27.3815,7.0639
27.3815,7.0638
27.3815,7.0638
27.3815,7.0639
27.3815,7.0638
27.3815,7.0638
27.3814,7.0638
27.3815,7.0638
27.3815,7.0638
27.3815,7.0638
27.3815,7.0639
27.3815,7.0638
27.3815,7.0638
27.3814,7.0638
27.3815,7.0638
27.3814,7.0638
27.3815,7.0638
27.3815,7.0638
27.3815,7.0638
27.3815,7.0638
27.3814,7.0638
27.3815,7.0638
27.3815,7.0638
27.3814,7.0638
27.3815,7.0639
27.3815,7.0638
27.3814,7.0638
27.3815,7.0638
27.3815,7.0638
27.3815,7.0638
27.3814,7.0638
27.3812,7.0708
