50.5688,58.9195
50.5689,58.9196
50.5688,58.9194
50.5689,58.9196
50.5688,58.9195
50.5689,58.9195
50.5688,58.9195
50.5688,58.9194
50.5688,58.9195
50.5688,58.9194
50.5688,58.9194
50.5689,58.9195
50.5688,58.9194
50.5689,58.9195
50.5689,58.9195
50.5687,58.9194
50.5689,58.9195
50.5689,58.9196
50.5688,58.9194
50.5689,58.9195
50.5687,58.9194
50.5689,58.9195
50.5690,58.9196
50.5688,58.9195
50.5689,58.9195
50.5690,58.9196
50.5688,58.9195
50.5687,58.9194
50.5689,58.9196
50.5688,58.9195
50.5688,58.9195
50.5689,58.9195
50.5688,58.9194
50.5688,58.9195
50.5688,58.9194
50.5689,58.9195
50.5689,58.9195
50.5688,58.9195
50.5688,58.9194
50.5688,58.9195
50.5689,58.9195
50.5689,58.9195
50.5689,58.9195
50.5689,58.9195
50.5688,58.9194
50.5688,58.9194
50.5689,58.9195
50.5688,58.9194
50.5689,58.9195
50.5689,58.9195
50.5689,58.9195
50.5719,58.9225
