-1.0000,0.4517
-1.0000,0.4521
-1.0000,0.4521
-1.0000,0.4523
-1.0000,0.4523
-1.0000,0.4523
-1.0000,0.4523
-1.0000,0.4523
-1.0000,0.4523
-1.0000,0.4523
-1.0000,0.4523
-1.0000,0.4523
-1.0000,0.4523
-1.0000,0.4524
-1.0000,0.4524
-1.0000,0.4524
-1.0000,0.4524
-1.0000,0.4524
-1.0000,0.4524
-1.0000,0.4524
-1.0000,0.4524
-1.0000,0.4524
-1.0000,0.4524
-1.0000,0.4524
-1.0000,0.4524
-1.0000,0.4524
-1.0000,0.4524
-1.0000,0.4524
-1.0000,0.4524
-1.0000,0.4524
-1.0000,0.4525
-1.0000,0.4525
-1.0000,0.4525
-1.0000,0.4525
-1.0000,0.4525
-1.0000,0.4525
-1.0000,0.4525
-1.0000,0.4525
-1.0000,0.4525
-1.0000,0.4525
-1.0000,0.4525
-1.0000,0.4525
-1.0000,0.4525
-1.0000,0.4525
-1.0000,0.4525
-1.0000,0.4525
-1.0000,0.4525
-1.0000,0.4525
-1.0000,0.4525
-1.0000,0.4525
-1.0000,0.4525
-1.0000,-1.0000,0.4525
-1.0000,0.4525
-1.0000,0.4525
-1.0000,0.4525
-1.0000,0.4525
-1.0000,0.4525
-1.0000,0.4525
-1.0000,0.4525
-1.0000,0.4525
-1.0000,0.4525
-1.0000,0.4525
-1.0000,0.4525
-1.0000,0.4525
-1.0000,0.4525
-1.0000,0.4525
-1.0000,0.4525
-1.0000,0.4525
-1.0000,0.4525
-1.0000,0.4525
-1.0000,0.4525
-1.0000,0.4525
-1.0000,0.4525
-1.0000,0.4525
-1.0000,0.4525
-1.0000,0.4525
-1.0000,0.4525
-1.0000,0.4525
-1.0000,0.4525
-1.0000,0.4525
-1.0000,0.4525
-1.0000,0.4525
-1.0000,0.4525
-1.0000,0.4525
-1.0000,0.4525
-1.0000,0.4525
-1.0000,0.4525
-1.0000,0.4525
-1.0000,0.4525
-1.0000,0.4525
-1.0000,0.4525
-1.0000,0.4525
-1.0000,0.4525
-1.0000,0.4525
-1.0000,0.4525
-1.0000,0.4525
-1.0000,0.4525
-1.0000,0.4525
-1.0000,0.4525
-1.0000,0.4525
-1.0000,0.4525
-1.0000,0.4525
-1.0000,0.4525
-1.0000,-1.0000,0.4525
-1.0000,0.4525
-1.0000,0.4525
-1.0000,0.4525
-1.0000,0.4525
-1.0000,0.4525
-1.0000,0.4525
-1.0000,0.4525
-1.0000,0.4525
-1.0000,0.4525
-1.0000,0.4525
-1.0000,0.4525
-1.0000,0.4525
-1.0000,0.4525
-1.0000,0.4525
-1.0000,0.4525
-1.0000,0.4525
-1.0000,0.4525
-1.0000,0.4525
-1.0000,0.4525
-1.0000,0.4525
-1.0000,0.4525
-1.0000,0.4525
-1.0000,0.4525
-1.0000,0.4525
-1.0000,0.4525
-1.0000,0.4525
-1.0000,0.4525
-1.0000,0.4525
-1.0000,0.4525
-1.0000,0.4525
-1.0000,0.4525
-1.0000,0.4525
-1.0000,0.4525
-1.0000,0.4525
-1.0000,0.4525
-1.0000,0.4525
-1.0000,0.4525
-1.0000,0.4525
-1.0000,0.4525
-1.0000,0.4525
-1.0000,0.4525
-1.0000,0.4525
-1.0000,0.4525
-1.0000,0.4525
-1.0000,0.4525
-1.0000,0.4525
-1.0000,0.4525
-1.0000,0.4525
-1.0000,0.4525
-1.0000,0.4525
-1.0000,0.4525
-1.0000,-1.0000,0.4525
