6343.1113
5909.9688
5150.2578
5985.3477
5777.5146
5833.5693
5820.4668
5891.2432
5657.9688
5772.6641
5886.6924
5979.4937
5963.0508
6242.2324
6268.3213
6169.0273
6206.4316
6041.9053
5874.2686
5906.6211
5848.3398
5696.9121
5692.8174
5732.0566
6065.9072
6337.1226
6033.8999
5696.4976
5764.3662
5809.3311
5631.0400
5518.7212
5517.3242
6013.5830
6147.2026
5745.1787
5728.0947
5884.3594
5962.5054
5617.7490
5584.4932
5567.4644
5567.2734
6336.4478
5896.1191
5716.6606
5858.1743
5588.0732
5706.5654
5933.1523
5726.8262
6011.4990
5883.9399
5884.1714
5884.0229
5884.2275
5884.1631
5884.2119
5883.7119
5884.1074
5884.0557
5884.2061
5884.1758
5884.0693
5883.9360
5884.1104
5884.1904
5884.0010
5884.2036
5884.2603
5884.1440
5884.1089
5884.0742
5884.2241
5884.2236
5884.1299
5884.0830
5884.0181
5884.1895
5884.1504
5884.0176
5884.1279
5884.1885
5883.9429
5884.1411
5884.0332
5884.0039
5883.9121
5883.9697
5884.1338
5884.1514
5884.1035
5884.2637
5884.2139
5884.1543
5883.7656
5883.8574
5883.9961
5884.0352
5884.1899
5884.1304
5884.0771
5883.9062
6011.6982
5884.0396
5884.1641
5884.1465
5884.0938
5883.9785
5884.0522
5883.7920
5884.1396
5883.7632
5884.3340
5883.9756
5884.2354
5884.0322
5884.1240
5884.3672
5884.4058
5884.0098
5884.0259
5884.1665
5884.0273
5884.0396
5884.0366
5883.8047
5884.1289
5884.0137
5884.1704
5883.9434
5884.1538
5883.9072
5883.9961
5884.2354
5884.1152
5884.0786
5883.8433
5884.1450
5884.1924
5884.1748
5883.9858
5884.0552
5883.9746
5884.0723
5884.3159
5883.8989
5884.2183
5884.0303
5884.5342
5883.8867
5883.9404
5884.0752
5884.0742
5883.8760
6011.6357
