0.24620340764522552
0.1914788782596588
0.10105361044406891
0.10314895957708359
0.10410952568054199
0.10488607734441757
0.10287965834140778
0.10288789123296738
0.10372326523065567
0.10311834514141083
0.10331302881240845
0.10288666933774948
0.10309091955423355
0.10319647938013077
0.1032138466835022
0.10308016091585159
0.10308244824409485
0.10332726687192917
0.1029229611158371
0.10327844321727753
0.10308779776096344
0.103342704474926
0.10286226868629456
0.10336098074913025
0.10275112837553024
0.10358711332082748
0.10309285670518875
0.10329684615135193
0.10281912237405777
0.10304489731788635
0.1029496118426323
0.10315972566604614
0.10288263112306595
0.10293445736169815
0.10273812711238861
0.10317379981279373
0.1027163714170456
0.10265395045280457
0.1028008759021759
0.10300132632255554
0.10245797038078308
0.1016405001282692
0.10186032205820084
0.10128839313983917
0.10119231045246124
0.10129890590906143
0.10030076652765274
0.10111327469348907
0.10041388869285583
0.10047084838151932
0.10058853030204773
0.10070836544036865
0.09987711161375046
0.1003340482711792
0.09969554841518402
0.1001257374882698
0.09942667186260223
0.10022121667861938
0.09975990653038025
0.10024149715900421
0.0997968465089798
0.10050350427627563
0.10013847798109055
0.10023786872625351
0.1000143513083458
0.10004473477602005
0.10021473467350006
0.10040240734815598
0.10052815824747086
0.10021484643220901
0.1001090407371521
0.10007013380527496
0.09963204711675644
0.09924117475748062
0.09966295212507248
0.1000143513083458
0.1005643755197525
0.10031431168317795
0.10056129842996597
0.10065393149852753
0.10054515302181244
0.09997325390577316
0.10001673549413681
0.09957705438137054
0.0997646227478981
0.10031188279390335
0.10002642869949341
0.10030029714107513
0.10027089715003967
0.10016884654760361
0.10003425925970078
0.10011396557092667
0.09980542212724686
0.10008660703897476
0.10004162043333054
0.10034004598855972
0.10019255429506302
0.10030754655599594
0.10017988830804825
0.10003845393657684
0.10048361122608185
0.10033302009105682
0.10047660768032074
0.09977009147405624
0.10014658421278
0.10020702332258224
0.10013800859451294
0.10020936280488968
0.09998787194490433
0.09985001385211945
0.10049809515476227
0.09984986484050751
0.10043250024318695
0.09943011403083801
0.10016054660081863
0.1004595011472702
0.09981285780668259
0.10057437419891357
0.10043986886739731
0.0997086614370346
0.10024202615022659
0.09999114274978638
0.10041648894548416
0.09996186196804047
0.10030777752399445
0.09967021644115448
0.09995964169502258
0.10008788108825684
0.1003415435552597
0.10029851645231247
0.10024986416101456
0.1001477837562561
0.1005232036113739
0.09992744773626328
0.10008015483617783
0.1000370979309082
0.09987086057662964
0.10043690353631973
0.10027006268501282
0.09998681396245956
0.10026060789823532
0.10023307800292969
0.10061382502317429
0.10011228919029236
0.100107342004776
0.0998976081609726
0.10055426508188248
0.10038843750953674
0.10037264972925186
0.10044052451848984
0.10028541833162308
0.0998745933175087
0.10005559027194977
0.099873848259449
0.1003984585404396
0.09954939037561417
0.10004003345966339
0.1003570556640625
0.09964535385370255
0.09996040910482407
0.10019851475954056
0.09988745301961899
0.09989968687295914
0.100447878241539
0.10013724863529205
0.1001981869339943
0.10023806989192963
0.10023610293865204
0.10018192231655121
0.10004140436649323
0.10039915889501572
0.10038342326879501
0.09997627884149551
0.10014201700687408
0.10024423152208328
0.10026829689741135
0.10028808563947678
0.0998847484588623
0.10018031299114227
0.1002855971455574
0.10047271847724915
0.1001242846250534
0.10016253590583801
0.1002495288848877
0.10039239376783371
0.10001853108406067
0.10018854588270187
0.10016962885856628
0.10029145330190659
0.10033618658781052
0.10015061497688293
0.1003466472029686
0.09985925257205963
0.10022304952144623
0.10014862567186356
0.099989153444767
0.1000109538435936
0.10020957887172699
0.09998590499162674
0.10067418962717056
0.10015051066875458
0.10029740631580353
0.10041223466396332
0.10018564760684967
0.10039779543876648
0.0999276414513588
0.10001229494810104
0.10011287033557892
0.10031521320343018
0.10006839781999588
0.10045631229877472
0.1000576838850975
0.10033369064331055
0.1001725122332573
0.1002068743109703
0.10050204396247864
0.10014650225639343
0.1002652496099472
0.10020668804645538
0.10025536268949509
0.10032043606042862
0.10053990036249161
0.09997640550136566
0.10016076266765594
0.09991662949323654
0.10040120035409927
0.09991195052862167
0.10026919096708298
0.10031349211931229
0.09989143908023834
0.0999959409236908
0.10036467015743256
0.1000497043132782
0.09991240501403809
0.10028532892465591
0.10026109218597412
0.10011706501245499
0.1003006249666214
0.10033725202083588
0.10024327784776688
0.1002095565199852
0.1002398133277893
0.10013096779584885
0.10012523084878922
0.10013270378112793
0.10037977993488312
0.10043389350175858
0.10011476278305054
0.09992142021656036
0.10034738481044769
0.10007019340991974
0.10016199946403503
0.10016730427742004
0.1001904234290123
0.1001485139131546
0.1001441553235054
0.10014818608760834
0.10013622790575027
0.1001320630311966
0.10013023763895035
0.10014687478542328
0.1001618430018425
0.10012024641036987
0.10014694184064865
0.10012800246477127
