0.30174073576927185
0.0686449408531189
0.7597185969352722
0.7533062100410461
0.07071052491664886
0.0611233115196228
0.06915849447250366
0.06958423554897308
0.06985919177532196
0.06569166481494904
0.06949827075004578
0.06330743432044983
0.0661868304014206
0.06374478340148926
0.06335900723934174
0.06357704102993011
0.0640525072813034
0.059590861201286316
0.06322520971298218
0.058889493346214294
0.06221519410610199
0.05841270089149475
0.05978940427303314
0.05733431875705719
0.05860050022602081
0.0566713809967041
0.05836397409439087
0.05503621697425842
0.05790649354457855
0.05502226948738098
0.05642503499984741
0.053289979696273804
0.05360914766788483
0.05104540288448334
0.053367748856544495
0.05039502680301666
0.04966123402118683
0.04595045745372772
0.04397924244403839
0.042639270424842834
0.040590137243270874
0.03605547547340393
0.033682212233543396
0.02885177731513977
0.02815955877304077
0.024727478623390198
0.02297791838645935
0.02299700677394867
0.021750137209892273
0.021139830350875854
0.020359724760055542
0.02152813971042633
0.021140575408935547
0.019355103373527527
0.01948435604572296
0.019372686743736267
0.018855899572372437
0.01741369068622589
0.017165333032608032
0.01509566605091095
0.014471516013145447
0.014044061303138733
0.011824995279312134
0.013726621866226196
0.010987207293510437
0.011013150215148926
0.0099240243434906
0.008871316909790039
0.008130133152008057
0.008573383092880249
0.008539542555809021
0.00893642008304596
0.010275304317474365
0.0074918270111083984
0.007952004671096802
0.007164180278778076
0.0068743228912353516
0.006050437688827515
0.006567269563674927
0.006929144263267517
0.007337301969528198
0.005473107099533081
0.006102830171585083
0.006621301174163818
0.00529208779335022
0.006173998117446899
0.006388023495674133
0.004987284541130066
0.005956441164016724
0.004576772451400757
0.005822136998176575
0.004451841115951538
0.0062095969915390015
0.005516797304153442
0.004814460873603821
0.004516243934631348
0.005354329943656921
0.0039402395486831665
0.0048385560512542725
0.006245166063308716
0.004455789923667908
0.004045531153678894
0.003992527723312378
0.004331842064857483
0.004707261919975281
0.005003750324249268
0.004789471626281738
0.004180982708930969
0.004136964678764343
0.0036191046237945557
0.004642084240913391
0.003931030631065369
0.004426434636116028
0.004063904285430908
0.005242854356765747
0.003960475325584412
0.003590017557144165
0.004441991448402405
0.004374459385871887
0.003900885581970215
0.003476068377494812
0.004259511828422546
0.00329764187335968
0.003907978534698486
0.0030188411474227905
0.0035970956087112427
0.003589153289794922
0.0037544667720794678
0.003413185477256775
0.0034936517477035522
0.003527730703353882
0.003170996904373169
0.00325581431388855
0.003429219126701355
0.002733275294303894
0.003223791718482971
0.003131881356239319
0.003218039870262146
0.0027012377977371216
0.0026906877756118774
0.0026122629642486572
0.002408131957054138
0.002614155411720276
0.0029016584157943726
0.0023355334997177124
0.0022913068532943726
0.002965673804283142
0.002035781741142273
0.00350092351436615
0.0025789737701416016
0.0024539530277252197
0.0022734254598617554
0.002245500683784485
0.002703949809074402
0.0021775811910629272
0.002483755350112915
0.001894339919090271
0.001897573471069336
0.001949399709701538
0.0016917884349822998
0.0020484626293182373
0.0022103190422058105
0.0015751123428344727
0.0014586299657821655
0.00175417959690094
0.0017625987529754639
0.00180836021900177
0.0016230344772338867
0.001397460699081421
0.002008408308029175
0.0015105605125427246
0.0017603039741516113
0.0015473365783691406
0.001923978328704834
0.0015555620193481445
0.0022498369216918945
0.002467334270477295
0.0014530569314956665
0.0012846291065216064
0.0013854056596755981
0.0015022307634353638
0.0019752681255340576
0.001357436180114746
0.0016424059867858887
0.0016839951276779175
0.0012164115905761719
0.001599833369255066
0.0012467950582504272
0.0015243589878082275
0.0012630671262741089
0.0015159696340560913
0.0015002042055130005
0.0013267546892166138
0.0015792399644851685
0.0018391162157058716
0.0012950152158737183
0.0009860843420028687
0.001370266079902649
0.0018824487924575806
0.0017428845167160034
0.001082584261894226
0.002264946699142456
0.0019401609897613525
0.0017307102680206299
0.0014391690492630005
0.0013186335563659668
0.001539960503578186
0.0012657344341278076
0.0017795860767364502
0.0021020472049713135
0.002713710069656372
0.001405373215675354
0.00115126371383667
0.0011257678270339966
0.0018498897552490234
0.0017157047986984253
0.00111466646194458
0.0015353858470916748
0.0016653984785079956
0.001045331358909607
0.0016586780548095703
0.001254245638847351
0.0009455829858779907
0.0010038912296295166
0.001492425799369812
0.0013165175914764404
0.0012103617191314697
0.0019255876541137695
0.001240372657775879
0.0009638369083404541
0.0008938461542129517
0.0010545998811721802
0.0010780543088912964
0.0014251172542572021
0.00128193199634552
0.0017455965280532837
0.0011534839868545532
0.0015308856964111328
0.0007939636707305908
0.00133417546749115
0.0007678717374801636
0.0013392269611358643
0.0018149614334106445
0.0012749284505844116
0.0010868757963180542
0.0010385662317276
0.002157866954803467
0.0010205954313278198
0.001412317156791687
0.001014426350593567
0.0011727511882781982
0.0013557374477386475
0.001100286841392517
0.0015015602111816406
0.0013881027698516846
0.0011955797672271729
0.0014704763889312744
0.0013732761144638062
0.0015678703784942627
0.0009784102439880371
0.0016912519931793213
0.0015908926725387573
0.0018571913242340088
0.001090899109840393
