0.07259879261255264
0.07259879261255264
0.001135481521487236
0.001135481521487236
0.009421486407518387
0.009421486407518387
0.004870002623647451
0.004870002623647451
0.00025573131279088557
0.00025573131279088557
0.0002056241501122713
0.0002056241501122713
0.00022208130394574255
0.00022208130394574255
0.00022023565543349832
0.00022023565543349832
0.00022035626170691103
0.00022035626170691103
0.0001993098994717002
0.0001993098994717002
0.00020834185124840587
0.00020834185124840587
0.00018925845506601036
0.00018925845506601036
0.00019916982273571193
0.00019916982273571193
0.00018527744396124035
0.00018527744396124035
0.00018784721032716334
0.00018784721032716334
0.00017922815459314734
0.00017922815459314734
0.00018396013183519244
0.00018396013183519244
0.0001699763088254258
0.0001699763088254258
0.0001780320017132908
0.0001780320017132908
0.00016295672685373574
0.00016295672685373574
0.00017115514492616057
0.00017115514492616057
0.00016066782700363547
0.00016066782700363547
0.00016348504868801683
0.00016348504868801683
0.0001547856954857707
0.0001547856954857707
0.00015824100410100073
0.00015824100410100073
0.00014969983021728694
0.00014969983021728694
0.00015698358765803277
0.00015698358765803277
0.0001461097999708727
0.0001461097999708727
0.0001532200985820964
0.0001532200985820964
0.00014243638725019991
0.00014243638725019991
0.00014696297876071185
0.00014696297876071185
0.00013809886877425015
0.00013809886877425015
0.00013836899597663432
0.00013836899597663432
0.0001297405397053808
0.0001297405397053808
0.00013460154877975583
0.00013460154877975583
0.0001249229535460472
0.0001249229535460472
0.00012318664812482893
0.00012318664812482893
0.00011208700016140938
0.00011208700016140938
0.00010777725401567295
0.00010777725401567295
0.00010127453424502164
0.00010127453424502164
9.61540499702096e-05
9.61540499702096e-05
8.464303391519934e-05
8.464303391519934e-05
8.005351992323995e-05
8.005351992323995e-05
7.013804133748636e-05
7.013804133748636e-05
6.710438174195588e-05
6.710438174195588e-05
6.325629510683939e-05
6.325629510683939e-05
5.441207758849487e-05
5.441207758849487e-05
4.9330119509249926e-05
4.9330119509249926e-05
4.39733594248537e-05
4.39733594248537e-05
3.953769919462502e-05
3.953769919462502e-05
3.583060242817737e-05
3.583060242817737e-05
3.275294875493273e-05
3.275294875493273e-05
2.937483077403158e-05
2.937483077403158e-05
2.5709976398502477e-05
2.5709976398502477e-05
2.2943475414649583e-05
2.2943475414649583e-05
2.1579180611297488e-05
2.1579180611297488e-05
1.835613147704862e-05
1.835613147704862e-05
1.52841312228702e-05
1.52841312228702e-05
1.363157934974879e-05
1.363157934974879e-05
1.137048275268171e-05
1.137048275268171e-05
1.0261909665132407e-05
1.0261909665132407e-05
8.627977877040394e-06
8.627977877040394e-06
7.477412964362884e-06
7.477412964362884e-06
7.850916517782025e-06
7.850916517782025e-06
6.110132289904868e-06
6.110132289904868e-06
5.41805820830632e-06
5.41805820830632e-06
5.012895599065814e-06
5.012895599065814e-06
4.898412498732796e-06
4.898412498732796e-06
4.568381427816348e-06
4.568381427816348e-06
4.083158728462877e-06
4.083158728462877e-06
3.937215296900831e-06
3.937215296900831e-06
5.071166924608406e-06
5.071166924608406e-06
1.0640427717589773e-05
1.0640427717589773e-05
4.243953753757523e-06
4.243953753757523e-06
3.382916020200355e-06
3.382916020200355e-06
3.307529595986125e-06
3.307529595986125e-06
3.1433519325219095e-06
3.1433519325219095e-06
3.0343830985657405e-06
3.0343830985657405e-06
4.757782789965859e-06
4.757782789965859e-06
2.751905867626192e-06
2.751905867626192e-06
3.2068251130112913e-06
3.2068251130112913e-06
2.4505268356733723e-06
2.4505268356733723e-06
3.926546014554333e-06
3.926546014554333e-06
3.0595356292906217e-06
3.0595356292906217e-06
2.4046378257480683e-06
2.4046378257480683e-06
2.2428419015341206e-06
2.2428419015341206e-06
2.4561149984947406e-06
2.4561149984947406e-06
2.1804694370075595e-06
2.1804694370075595e-06
2.0135209979343927e-06
2.0135209979343927e-06
2.047175939878798e-06
2.047175939878798e-06
1.9100593817711342e-06
1.9100593817711342e-06
2.1094142539368477e-06
2.1094142539368477e-06
2.2907274797034916e-06
2.2907274797034916e-06
1.8400900216875016e-06
1.8400900216875016e-06
1.6596915202171658e-06
1.6596915202171658e-06
1.7732438664097572e-06
1.7732438664097572e-06
1.721001353871543e-06
1.721001353871543e-06
1.536452941763855e-06
1.536452941763855e-06
2.011887772823684e-06
2.011887772823684e-06
1.9400679320824565e-06
1.9400679320824565e-06
2.0622078409360256e-06
2.0622078409360256e-06
1.6756010836616042e-06
1.6756010836616042e-06
1.6087195717773284e-06
1.6087195717773284e-06
1.2776833955285838e-06
1.2776833955285838e-06
1.2808451401724597e-06
1.2808451401724597e-06
1.2096753607693245e-06
1.2096753607693245e-06
1.3138070471541141e-06
1.3138070471541141e-06
1.2727689409075538e-06
1.2727689409075538e-06
1.699579684100172e-06
1.699579684100172e-06
1.6768518662502174e-06
1.6768518662502174e-06
1.7502360378784942e-06
1.7502360378784942e-06
1.1375483381925733e-06
1.1375483381925733e-06
3.3348492252116557e-06
3.3348492252116557e-06
9.934645959219779e-07
9.934645959219779e-07
1.6361917687390815e-06
1.6361917687390815e-06
1.189258114209224e-06
1.189258114209224e-06
1.5520273564106901e-06
1.5520273564106901e-06
1.1696197361743543e-06
1.1696197361743543e-06
1.5917446489766007e-06
1.5917446489766007e-06
9.782880852071685e-07
9.782880852071685e-07
8.794521022537083e-07
8.794521022537083e-07
9.97326651486219e-07
9.97326651486219e-07
8.913089004636277e-07
8.913089004636277e-07
9.028348699757771e-07
9.028348699757771e-07
1.300955318583874e-06
1.300955318583874e-06
7.520523581661109e-07
7.520523581661109e-07
7.576687721666531e-07
7.576687721666531e-07
1.1391364296287065e-06
1.1391364296287065e-06
8.434261076217808e-07
8.434261076217808e-07
6.732162205480563e-07
6.732162205480563e-07
8.087918104138225e-07
8.087918104138225e-07
1.1993620319117326e-06
1.1993620319117326e-06
7.182695753726875e-07
7.182695753726875e-07
7.423591341648716e-07
7.423591341648716e-07
5.689137765330088e-07
5.689137765330088e-07
7.98006283275754e-07
7.98006283275754e-07
8.05941510861885e-07
8.05941510861885e-07
6.580435183423106e-07
6.580435183423106e-07
6.00508940351574e-07
6.00508940351574e-07
6.276985118347511e-07
6.276985118347511e-07
7.103698180799256e-07
7.103698180799256e-07
9.880091056402307e-07
9.880091056402307e-07
5.532393174689787e-07
5.532393174689787e-07
4.4900824036631093e-07
4.4900824036631093e-07
5.805985665574553e-07
5.805985665574553e-07
1.3430557146421052e-06
1.3430557146421052e-06
9.884664677883848e-07
9.884664677883848e-07
4.3103341340611223e-07
4.3103341340611223e-07
1.2218188203405589e-06
1.2218188203405589e-06
4.574075092023122e-07
4.574075092023122e-07
5.877096214135236e-07
5.877096214135236e-07
3.7628359450536664e-07
3.7628359450536664e-07
5.45874854651629e-07
5.45874854651629e-07
5.225847417023033e-07
5.225847417023033e-07
1.2132538813602878e-06
1.2132538813602878e-06
4.665575943363365e-07
4.665575943363365e-07
6.344296252791537e-07
6.344296252791537e-07
7.781409863127919e-07
7.781409863127919e-07
5.031500336372119e-07
5.031500336372119e-07
2.6437396627443377e-07
2.6437396627443377e-07
4.102176944797975e-07
4.102176944797975e-07
5.163531682228495e-07
5.163531682228495e-07
3.588579318147822e-07
3.588579318147822e-07
2.0879606665857864e-07
2.0879606665857864e-07
2.3401412363455165e-07
2.3401412363455165e-07
3.5917861396228545e-07
3.5917861396228545e-07
2.3411034533182828e-07
2.3411034533182828e-07
2.1116422033173876e-07
2.1116422033173876e-07
2.0214153551023628e-07
2.0214153551023628e-07
4.7153912419162225e-07
4.7153912419162225e-07
3.2114658665705065e-07
3.2114658665705065e-07
2.61539497614649e-07
2.61539497614649e-07
2.475983365002321e-07
2.475983365002321e-07
3.9235891335920314e-07
3.9235891335920314e-07
1.93675802506732e-07
1.93675802506732e-07
4.116240006624139e-07
4.116240006624139e-07
5.337203106137167e-07
5.337203106137167e-07
2.067792905791066e-07
2.067792905791066e-07
1.8534166201789049e-07
1.8534166201789049e-07
4.6304830902954563e-07
4.6304830902954563e-07
2.0605216377589386e-07
2.0605216377589386e-07
2.6483061787985207e-07
2.6483061787985207e-07
2.0607551221019094e-07
2.0607551221019094e-07
2.997195736043068e-07
2.997195736043068e-07
2.0040401693677268e-07
2.0040401693677268e-07
1.244601151029201e-07
1.244601151029201e-07
2.0223416186126997e-07
2.0223416186126997e-07
1.9432683018294483e-07
1.9432683018294483e-07
3.2580919651081786e-07
3.2580919651081786e-07
1.5366964589702548e-07
1.5366964589702548e-07
2.1870802413559431e-07
2.1870802413559431e-07
4.956556267643464e-07
4.956556267643464e-07
2.0237931153133104e-07
2.0237931153133104e-07
1.8121924938441225e-07
1.8121924938441225e-07
3.6879873732686974e-07
3.6879873732686974e-07
2.311289932777072e-07
2.311289932777072e-07
1.9233992532008415e-07
1.9233992532008415e-07
2.2055007775634294e-07
2.2055007775634294e-07
1.3267804206407163e-06
1.3267804206407163e-06
1.4546832005635224e-07
1.4546832005635224e-07
1.535776021910351e-07
1.535776021910351e-07
4.5479796995095967e-07
4.5479796995095967e-07
5.962581894891628e-07
5.962581894891628e-07
5.167028689356812e-07
5.167028689356812e-07
2.9118257316440577e-07
2.9118257316440577e-07
1.9961565556059213e-07
1.9961565556059213e-07
1.9783786342486565e-07
1.9783786342486565e-07
2.648325221343839e-07
2.648325221343839e-07
3.1718039394945663e-07
3.1718039394945663e-07
4.85929376736749e-07
4.85929376736749e-07
2.9312928973013186e-07
2.9312928973013186e-07
3.6944919656889397e-07
3.6944919656889397e-07
1.1748418415891138e-07
1.1748418415891138e-07
1.0945699102649087e-07
1.0945699102649087e-07
6.890783765811648e-07
6.890783765811648e-07
2.624388457661553e-07
2.624388457661553e-07
1.5754896764974546e-07
1.5754896764974546e-07
2.5332039399472706e-07
2.5332039399472706e-07
1.6174510619748617e-07
1.6174510619748617e-07
2.230908364708739e-07
2.230908364708739e-07
4.817103445020621e-07
4.817103445020621e-07
2.793252065202978e-07
2.793252065202978e-07
1.429473144298754e-07
1.429473144298754e-07
2.229182598512125e-07
2.229182598512125e-07
7.028284585430811e-07
7.028284585430811e-07
4.3185849563087686e-07
4.3185849563087686e-07
1.4150386107303348e-07
1.4150386107303348e-07
4.0177300775212643e-07
4.0177300775212643e-07
3.97844758026622e-07
3.97844758026622e-07
1.9728996392132103e-07
1.9728996392132103e-07
1.9989730049019272e-07
1.9989730049019272e-07
1.3654936026341602e-07
1.3654936026341602e-07
3.654772342542856e-07
3.654772342542856e-07
2.768326510249608e-07
2.768326510249608e-07
2.0668350941832614e-07
2.0668350941832614e-07
1.294636291504503e-07
1.294636291504503e-07
2.2503070340462727e-07
2.2503070340462727e-07
2.665795761913614e-07
2.665795761913614e-07
1.1044024716966305e-07
1.1044024716966305e-07
1.7473210789376026e-07
1.7473210789376026e-07
9.24722840522918e-08
9.24722840522918e-08
1.28234106000491e-07
1.28234106000491e-07
1.278806536220145e-07
1.278806536220145e-07
8.779873894582124e-08
8.779873894582124e-08
1.8140320889870054e-07
1.8140320889870054e-07
2.0642374920498696e-07
2.0642374920498696e-07
1.9080397350990097e-07
1.9080397350990097e-07
2.843482604930614e-07
2.843482604930614e-07
3.4631077028279833e-07
3.4631077028279833e-07
1.457704996710163e-07
1.457704996710163e-07
8.746766155809382e-08
8.746766155809382e-08
9.13576272409955e-08
9.13576272409955e-08
8.627016967466261e-08
8.627016967466261e-08
9.916977461443821e-08
9.916977461443821e-08
9.9847824230892e-08
9.9847824230892e-08
8.66482423589332e-08
8.66482423589332e-08
1.0102976943926478e-07
1.0102976943926478e-07
8.649905680613301e-08
8.649905680613301e-08
1.2299213381083973e-07
1.2299213381083973e-07
9.303838055529923e-08
9.303838055529923e-08
1.0824090423966481e-07
1.0824090423966481e-07
1.0179661558140651e-07
1.0179661558140651e-07
1.2349310907211475e-07
1.2349310907211475e-07
8.433084985881578e-08
8.433084985881578e-08
