0.11794301122426987
0.07247958332300186
0.007202837150543928
0.00326321623288095
0.0033433299977332354
0.002469073049724102
0.002317061647772789
0.002054201904684305
0.002133534522727132
0.0020163056906312704
0.0021019005216658115
0.0019822935573756695
0.002019297331571579
0.0019725130405277014
0.002007478615269065
0.0019616736099123955
0.0019666205625981092
0.0019540514331310987
0.0019241906702518463
0.0019251108169555664
0.0019535431638360023
0.0019286201568320394
0.0018864577868953347
0.0019457937451079488
0.0018929200014099479
0.0019704506266862154
0.0019277518149465322
0.001897551934234798
0.001888925675302744
0.001881393021903932
0.0018889704952016473
0.001887835911475122
0.001832137000747025
0.0018747348804026842
0.0018353413324803114
0.0018569851526990533
0.0017596042016521096
0.001743387314490974
0.0017517072847113013
0.0017756851157173514
0.0016232348280027509
0.0015191190177574754
0.0015060981968417764
0.0013829319505020976
0.0013699959963560104
0.001237656339071691
0.0011531729251146317
0.001160472515039146
0.0010560828959569335
0.0010254171211272478
0.0009814833756536245
0.000919888261705637
0.0008212428656406701
0.0007690415368415415
0.0007343257893808186
0.0006253327010199428
0.0006958394660614431
0.0005395239568315446
0.0005571600631810725
0.0004943430540151894
0.0005011154571548104
0.0004854614962823689
0.00038607511669397354
0.00041688355850055814
0.00033829332096502185
0.00033033525687642395
0.0003051632083952427
0.0003052647225558758
0.00037458608858287334
0.0003267123829573393
0.00030393237830139697
0.00027224113000556827
0.0003939162124879658
0.0006769787287339568
0.00037848169449716806
0.00024359697999898344
0.00025543407537043095
0.0002623820037115365
0.00029840244678780437
0.0004535801417659968
0.0002361882507102564
0.00023749485262669623
0.00022909502149559557
0.00039317624759860337
0.0002873568737413734
0.0001973720791283995
0.00019066131790168583
0.00017116732487920672
0.00022512872237712145
0.00017511648184154183
0.00020859672804363072
0.00015330821042880416
0.00023704630439169705
0.00016215367941185832
0.00015209370758384466
0.0001825582585297525
0.00018999510211870074
0.0001687330222921446
0.00017448727157898247
0.00022094356245361269
0.00017463952826801687
0.00023738814343232661
0.00023770768893882632
0.00023655449331272393
0.00015151557454373688
0.00012467103078961372
0.00011524328147061169
0.0001284916215809062
0.0001564321864861995
0.00022819926380179822
0.0002761349896900356
0.00020904121629428118
0.0001523681276012212
0.00041349290404468775
0.000130472777527757
0.00017959413526114076
0.00020566393504850566
0.0002776969922706485
0.00015154900029301643
0.0002645151980686933
0.00012666919792536646
0.00014087387535255402
0.00015492388047277927
0.00015337631339207292
0.00012568692909553647
0.000272349949227646
0.00013129660510458052
0.00012770353350788355
0.00020712771220132709
0.00015164689102675766
0.00010043299698736519
0.00011005834676325321
0.0002408187574474141
0.00012368240277282894
0.00012017557310173288
0.00010878936154767871
0.0001699821004876867
0.00015307526336982846
0.00010896224557654932
0.00011770638957386836
0.00012472859816625714
0.00014762308273930103
0.00025466468650847673
0.00010462878708494827
8.354420424439013e-05
0.00013756616681348532
0.00029831071151420474
0.00022353438544087112
0.00012360313849058002
0.00022261060075834394
9.935812704497948e-05
0.0001722677261568606
8.887834701454267e-05
0.0001636729430174455
0.00013538662460632622
0.0003051615203730762
0.0001018518305500038
0.00018270946748089045
0.00023627337941434234
0.0001475838216720149
7.709584315307438e-05
0.00012497139687184244
0.00015209689445327967
0.00014566059689968824
6.93607289576903e-05
8.081148553173989e-05
0.00011742053175112233
7.799246668582782e-05
6.459415453718975e-05
8.829032594803721e-05
0.00015317159704864025
0.00012480192526709288
9.666779806138948e-05
9.433076047571376e-05
0.00012008800695184618
8.175361290341243e-05
9.513611439615488e-05
0.00013224125723354518
6.957024015719071e-05
9.161581692751497e-05
0.00018529874796513468
7.624080899404362e-05
6.014610698912293e-05
9.140228212345392e-05
0.00011628215725068003
8.062557753873989e-05
6.118381134001538e-05
6.390589260263368e-05
9.115756256505847e-05
0.0001421687047695741
7.755318802082911e-05
0.00010121247760253027
0.00018084519251715392
8.521755808033049e-05
7.518697384512052e-05
0.0001181861080112867
8.917132072383538e-05
9.580207552062348e-05
9.448878699913621e-05
0.0003195751050952822
5.5074844567570835e-05
8.497325325151905e-05
0.00014610560901928693
0.00013839959865435958
0.00017500984540674835
0.00011987212201347575
0.00010491830471437424
7.723381713731214e-05
0.00012696994235739112
0.0001070389844244346
0.00015868076297920197
8.399502257816494e-05
0.000123697827802971
6.66941050440073e-05
5.859802695340477e-05
0.00022813024406787008
9.368477913085371e-05
8.478255767840892e-05
0.0001184973370982334
6.884693721076474e-05
0.00012193333532195538
0.0001849181717261672
0.00011480065586511046
7.848344830563292e-05
0.00012698315549641848
0.0002190414088545367
0.00015431073552463204
7.362477481365204e-05
0.0001284393947571516
0.0001685900060692802
0.00010047032264992595
0.00012335614883340895
8.096233068499714e-05
0.00014933284546714276
0.00011652497778413817
8.590625657234341e-05
5.6467961258022115e-05
0.00011278617603238672
0.00011834817269118503
7.932488369988278e-05
6.802573625463992e-05
6.0974743973929435e-05
6.22683364781551e-05
5.7039760577026755e-05
5.325878009898588e-05
9.711878374218941e-05
0.00013003575440961868
6.488527287729084e-05
0.0001402635098202154
0.00013523151574190706
7.747991912765428e-05
5.2646872063633054e-05
5.243071063887328e-05
5.4216150601860136e-05
5.476683872984722e-05
5.8065023040398955e-05
5.34782484464813e-05
5.572853478952311e-05
5.1437888032523915e-05
6.354430661303923e-05
5.959412010270171e-05
5.608811625279486e-05
5.290309854899533e-05
6.0316746385069564e-05
5.328473707777448e-05
