5.133942127227783
2.9792895317077637
0.31416210532188416
0.10192164778709412
0.09549897909164429
0.05767266824841499
0.058064110577106476
0.0563434436917305
0.05987735092639923
0.06054183095693588
0.056926075369119644
0.058849986642599106
0.05763974413275719
0.06192447990179062
0.059821341186761856
0.06273515522480011
0.060481488704681396
0.06403085589408875
0.0626850575208664
0.06524807959794998
0.06270210444927216
0.06558800488710403
0.0656440332531929
0.0661793053150177
0.06550981104373932
0.06646332889795303
0.06503944098949432
0.0692000761628151
0.06748395413160324
0.07018088549375534
0.06754660606384277
0.06972096115350723
0.07001660764217377
0.0696738213300705
0.06917764991521835
0.07218416780233383
0.07195762544870377
0.07337529957294464
0.07196343690156937
0.0715709775686264
0.07595622539520264
0.07696039229631424
0.075446717441082
0.07944128662347794
0.07639389485120773
0.08087734878063202
0.0829390287399292
0.07798264920711517
0.0783039778470993
0.07287376374006271
0.07002653926610947
0.0676514208316803
0.07019100338220596
0.06797868758440018
0.06269264221191406
0.06243240833282471
0.061283182352781296
0.0600578710436821
0.05410045385360718
0.053342949599027634
0.04642180725932121
0.044301096349954605
0.04278656840324402
0.0359126552939415
0.04220191016793251
0.033688031136989594
0.03293859213590622
0.029762063175439835
0.026885900646448135
0.024924801662564278
0.025584829971194267
0.02600773796439171
0.027294814586639404
0.034480493515729904
0.022974198684096336
0.02399701625108719
0.02139928936958313
0.020650269463658333
0.01874113641679287
0.01808154210448265
0.02033601887524128
0.021991997957229614
0.016220033168792725
0.019190317019820213
0.019796760752797127
0.015650741755962372
0.01809759810566902
0.018528813496232033
0.014642017893493176
0.017499174922704697
0.013159716501832008
0.017189139500260353
0.013620901852846146
0.0181399118155241
0.016062812879681587
0.014029515907168388
0.012362579815089703
0.015487592667341232
0.011713970452547073
0.012676422484219074
0.018170805647969246
0.01365790143609047
0.012156182900071144
0.011732631362974644
0.012662403285503387
0.013550173491239548
0.014608517289161682
0.013735572807490826
0.012459246441721916
0.01159839890897274
0.010598587803542614
0.013736722990870476
0.011477124877274036
0.015475585125386715
0.01167105883359909
0.0154489167034626
0.00925232283771038
0.011340407654643059
0.01289115846157074
0.013910562731325626
0.011717121116816998
0.009247974492609501
0.01265230868011713
0.00877943355590105
0.011656668968498707
0.009379887953400612
0.010569717735052109
0.010728125460445881
0.008692882023751736
0.008231021463871002
0.010347428731620312
0.010236009955406189
0.009887732565402985
0.009648995473980904
0.01044399756938219
0.008167359977960587
0.007162573281675577
0.008462024852633476
0.010196266695857048
0.008043961599469185
0.007264336571097374
0.007079526782035828
0.006988974288105965
0.005583491176366806
0.008619365282356739
0.0072216009721159935
0.007438545115292072
0.007442500442266464
0.005973372142761946
0.00788794457912445
0.007822055369615555
0.005496146623045206
0.006961247883737087
0.0050206733867526054
0.008816564455628395
0.0061170319095253944
0.008154446259140968
0.005484474822878838
0.006285361014306545
0.007700116839259863
0.004128759261220694
0.0036192662082612514
0.0057912967167794704
0.004021177534013987
0.0038039684295654297
0.004446299280971289
0.004039423540234566
0.005984380841255188
0.00436061155050993
0.003526631509885192
0.003474918659776449
0.002912459895014763
0.0031260906253010035
0.0032062132377177477
0.004304168745875359
0.0034618524368852377
0.004890874493867159
0.0040960186161100864
0.003659304929897189
0.0030272877775132656
0.004221971146762371
0.003082358743995428
0.0037796651013195515
0.0028049040120095015
0.0023661490995436907
0.0033366731368005276
0.0021873186342418194
0.0038859706837683916
0.004428677260875702
0.003256075317040086
0.0029394107405096292
0.0024671421851962805
0.0037460008170455694
0.0038411158602684736
0.0021192324347794056
0.003461070591583848
0.005083987023681402
0.004071858245879412
0.004039032384753227
0.006927788723260164
0.0019239573739469051
0.0031706078443676233
0.003962850198149681
0.004885340575128794
0.00380123732611537
0.003416613908484578
0.002641107887029648
0.0025880206376314163
0.0032508543226867914
0.003930951002985239
0.0035309495870023966
0.0021065634209662676
0.004789454396814108
0.0021346481516957283
0.001709233969449997
0.004446778912097216
0.0030649893451482058
0.0031813657842576504
0.003505969187244773
0.002634921809658408
0.0033897124230861664
0.004974575713276863
0.0031981919892132282
0.002056336496025324
0.002749976934865117
0.0047698006965219975
0.006331846583634615
0.00198858673684299
0.0028643528930842876
0.005133896134793758
0.0022381667513400316
0.0028484228532761335
0.0021002963185310364
0.00453884806483984
0.00457394402474165
0.004523864481598139
0.002268230076879263
0.002869122661650181
0.0038883567322045565
0.002044173190370202
0.00450217816978693
0.0018158145248889923
0.0018033297965303063
0.0018437965773046017
0.001760702347382903
0.0029785216320306063
0.0025680498220026493
0.0027853792998939753
0.003493472933769226
0.0039737108163535595
0.002747445600107312
0.0018251551082357764
0.0017125944141298532
0.0017739504110068083
0.001796986791305244
0.0018619397887960076
0.00180169683881104
0.0018996207509189844
0.0017191803781315684
0.002150783082470298
0.0019043084466829896
0.0018707826966419816
0.0017440029187127948
0.0020639740396291018
0.0017658673459663987
