0.0844012126326561
0.04919830337166786
0.0050352588295936584
0.0023772038985043764
0.002325954847037792
0.001879188697785139
0.0017588648479431868
0.0016994000179693103
0.0016804927727207541
0.001674989820457995
0.0016386553179472685
0.0016417372971773148
0.0016093917656689882
0.001616805442608893
0.0015841610729694366
0.0015880371211096644
0.001561397104524076
0.0015672261361032724
0.0015391145134344697
0.0015463863965123892
0.0015185324009507895
0.0015264644753187895
0.001502803759649396
0.0015081160236150026
0.0014874766347929835
0.0014948585303500295
0.0014730284456163645
0.00148149358574301
0.001458191080018878
0.0014663790352642536
0.0014434470795094967
0.001449376461096108
0.0014251460088416934
0.0014264079509302974
0.0014014930929988623
0.001403734553605318
0.0013718550326302648
0.001361548318527639
0.0013276340905576944
0.0013164717238396406
0.001268764608539641
0.001242250669747591
0.0011923271231353283
0.0011588410707190633
0.0011107039172202349
0.0010711909271776676
0.001045356853865087
0.0009863486047834158
0.0009419603156857193
0.000898016442079097
0.0008545034215785563
0.0008130804635584354
0.000768324825912714
0.0007263009320013225
0.0006872700178064406
0.0006414232193492353
0.0006266682175919414
0.0005732329445891082
0.0005294801667332649
0.0004983179969713092
0.00046254953485913575
0.0004403846396598965
0.00039968069177120924
0.00037993150181137025
0.0003781462728511542
0.00034080055775120854
0.000320714054396376
0.0003097547742072493
0.00031126930844038725
0.00030187732772901654
0.00028337896219454706
0.0002759523340500891
0.0003136942978017032
0.0004547683638520539
0.0002895666693802923
0.00025564240058884025
0.00025376531993970275
0.00024988665245473385
0.0002464202989358455
0.0003128575917799026
0.00023107470769900829
0.00024757179198786616
0.00022155979240778834
0.0002794420870486647
0.0002442533150315285
0.00021661262144334614
0.0002084111183648929
0.0002162144228350371
0.000209494712180458
0.0001972100872080773
0.0002020549145527184
0.00019172884640283883
0.000204797979677096
0.00020865511032752693
0.00018804609135258943
0.00018075702246278524
0.0001890145504148677
0.00018219879711978137
0.000175121909705922
0.00020211079390719533
0.00019180341041646898
0.00020383764058351517
0.00018428327166475356
0.00018020196876022965
0.0001588248705957085
0.0001575610804138705
0.0001523593527963385
0.00015924715262372047
0.00015864377201069146
0.0001837200834415853
0.00018433631339576095
0.00018467036716174334
0.00014920352259650826
0.0002589074429124594
0.0001396474108332768
0.00017708427913021296
0.0001559573574922979
0.00017748665413819253
0.0001503352978033945
0.00017794677114579827
0.0001381901529384777
0.00013305967149790376
0.00013951753498986363
0.0001342316681984812
0.0001327632780885324
0.00016292378131765872
0.00012161515769548714
0.00012192881695227697
0.00015332299517467618
0.00013126819976605475
0.00011473076301626861
0.00012573035201057792
0.00015576703299302608
0.00011864658881677315
0.00012095704005332664
0.00010681692947400734
0.00012809863255824894
0.00012616721505764872
0.00011370321590220556
0.0001089089346351102
0.0001121327732107602
0.00012039956345688552
0.00014260447642300278
0.0001053348823916167
9.363367280457169e-05
0.00010779033618746325
0.00016665687144268304
0.00014219025615602732
9.339823736809194e-05
0.00015862227883189917
9.504280023975298e-05
0.00010995508637279272
8.626692579127848e-05
0.00010598577500786632
0.0001012551729218103
0.00015851648640818894
9.583961946191266e-05
0.0001142058681580238
0.00012605387018993497
0.0001006454840535298
7.306514453375712e-05
9.073828550754115e-05
0.0001019880292005837
8.59150750329718e-05
6.495271372841671e-05
6.86074054101482e-05
8.60219297464937e-05
6.80628145346418e-05
6.501191091956571e-05
6.405304156942293e-05
9.769331518327817e-05
8.114208321785554e-05
7.233682845253497e-05
7.11367028998211e-05
8.990445348899812e-05
6.272825703490525e-05
8.946980960899964e-05
0.00010195820505032316
6.441282312152907e-05
6.161219062050804e-05
9.777698869584128e-05
6.456620758399367e-05
7.168815500335768e-05
6.514476262964308e-05
7.756083505228162e-05
6.426146865123883e-05
5.0403992645442486e-05
6.339891842799261e-05
6.25514003331773e-05
8.205367339542136e-05
5.594320464297198e-05
6.652127194683999e-05
0.00010063555237138644
6.414040399249643e-05
6.078345904825255e-05
8.66546542965807e-05
6.820702401455492e-05
6.262900569709018e-05
6.6499320382718e-05
0.0001660790148889646
5.342956865206361e-05
5.5756361689418554e-05
9.518945444142446e-05
0.00011012380855390802
0.00010321944864699617
7.683229341637343e-05
6.398594268830493e-05
6.357043457683176e-05
7.388005178654566e-05
7.962528616189957e-05
9.962768672266975e-05
7.496615580748767e-05
8.676324796397239e-05
4.8735630116425455e-05
4.6895467676222324e-05
0.0001194706856040284
7.243717118399218e-05
5.675626380252652e-05
7.184190326370299e-05
5.694961510016583e-05
6.765976286260411e-05
9.938325092662126e-05
7.538324280176312e-05
5.404384501161985e-05
6.783471326343715e-05
0.00012060735025443137
9.382500138599426e-05
5.3348339861258864e-05
9.01392413652502e-05
9.041833254741505e-05
6.355777441058308e-05
6.434788519982249e-05
5.292230343911797e-05
8.645565685583279e-05
7.54485372453928e-05
6.412677612388507e-05
5.0339258450549096e-05
6.806985038565472e-05
7.398697198368609e-05
4.76850509585347e-05
5.8835215895669535e-05
4.338669532444328e-05
5.0846450903918594e-05
4.985951818525791e-05
4.1805076762102544e-05
6.07639376539737e-05
6.52685557724908e-05
6.0813326854258776e-05
7.639899558853358e-05
8.444697596132755e-05
5.445044007501565e-05
4.1776103898882866e-05
4.254590021446347e-05
4.159895979682915e-05
4.4227068428881466e-05
4.4545649870997295e-05
4.161090691923164e-05
4.46831836597994e-05
4.1391929698875174e-05
4.928581620333716e-05
4.333741162554361e-05
4.600958709488623e-05
4.467876715352759e-05
4.904463276034221e-05
4.115156116313301e-05
