0.5542078018188477
0.3894852101802826
0.16646912693977356
0.17191354930400848
0.17293205857276917
0.17483718693256378
0.16934458911418915
0.16963832080364227
0.17117908596992493
0.1699870377779007
0.1698565036058426
0.16915562748908997
0.16903921961784363
0.1695633828639984
0.16905252635478973
0.16906027495861053
0.1684817522764206
0.1693083941936493
0.1678541600704193
0.1689188927412033
0.16795337200164795
0.16884896159172058
0.16730980575084686
0.16878512501716614
0.16697187721729279
0.1691310554742813
0.1677142232656479
0.1685958057641983
0.16743603348731995
0.16845127940177917
0.16817772388458252
0.16929645836353302
0.16860650479793549
0.16963240504264832
0.16925200819969177
0.17129603028297424
0.1704712212085724
0.1714896261692047
0.17268799245357513
0.17441527545452118
0.17419825494289398
0.17310933768749237
0.17480383813381195
0.1743241250514984
0.17577414214611053
0.17678149044513702
0.1758202761411667
0.17842696607112885
0.17785365879535675
0.17830875515937805
0.17983433604240417
0.18023793399333954
0.17914891242980957
0.18013468384742737
0.17912063002586365
0.1801655888557434
0.1786898970603943
0.1802593618631363
0.17929795384407043
0.18071968853473663
0.17924214899539948
0.18080958724021912
0.18031227588653564
0.18043476343154907
0.17964529991149902
0.179569810628891
0.17983469367027283
0.18036580085754395
0.18080349266529083
0.18009637296199799
0.18021203577518463
0.17944076657295227
0.17866605520248413
0.1773069202899933
0.1788344383239746
0.17965316772460938
0.18055161833763123
0.1805001199245453
0.18083456158638
0.18122881650924683
0.18076513707637787
0.1793401539325714
0.17945584654808044
0.1783236414194107
0.17904281616210938
0.18001240491867065
0.1796344369649887
0.18013527989387512
0.18006007373332977
0.1794585883617401
0.17939700186252594
0.1796550750732422
0.17871901392936707
0.17955894768238068
0.17947258055210114
0.17991796135902405
0.1795082837343216
0.17990832030773163
0.179109588265419
0.1792832762002945
0.18031874299049377
0.1798083484172821
0.17999987304210663
0.1783522367477417
0.1792580485343933
0.17938965559005737
0.17934894561767578
0.17908082902431488
0.17863593995571136
0.1782977133989334
0.18009144067764282
0.1783219277858734
0.17951270937919617
0.17735981941223145
0.17907781898975372
0.17944394052028656
0.17804628610610962
0.17972508072853088
0.1794746369123459
0.17780296504497528
0.17893540859222412
0.17817150056362152
0.17917247116565704
0.17816473543643951
0.1789627969264984
0.17729954421520233
0.17815378308296204
0.17802509665489197
0.17917238175868988
0.17866362631320953
0.17874959111213684
0.17821069061756134
0.1791798174381256
0.1778082549571991
0.1781545877456665
0.17806094884872437
0.1774858683347702
0.17873907089233398
0.17832279205322266
0.17769338190555573
0.17826466262340546
0.1778472661972046
0.17918750643730164
0.17771843075752258
0.17786799371242523
0.17739830911159515
0.17888571321964264
0.17865368723869324
0.17831480503082275
0.1785849928855896
0.1780768632888794
0.176923930644989
0.1775789111852646
0.1771399974822998
0.17829486727714539
0.17641328275203705
0.17730052769184113
0.17810893058776855
0.17656733095645905
0.1771545708179474
0.17755286395549774
0.17710310220718384
0.17696861922740936
0.17805762588977814
0.17741169035434723
0.17773039638996124
0.17763662338256836
0.17761217057704926
0.17740081250667572
0.1770305335521698
0.17778202891349792
0.1775796115398407
0.1769491285085678
0.17749790847301483
0.17755098640918732
0.17760449647903442
0.17749255895614624
0.17683902382850647
0.17724794149398804
0.17755967378616333
0.17806892096996307
0.17710323631763458
0.17734433710575104
0.1772720068693161
0.17757096886634827
0.17705138027668
0.1773250550031662
0.177236407995224
0.17746461927890778
0.17751756310462952
0.17691518366336823
0.17750206589698792
0.17622266709804535
0.17724177241325378
0.17713820934295654
0.1766614317893982
0.17685632407665253
0.17713791131973267
0.17667798697948456
0.17816078662872314
0.17704981565475464
0.17732758820056915
0.17743179202079773
0.1767914891242981
0.17744524776935577
0.17654673755168915
0.17662253975868225
0.17680723965168
0.1774728149175644
0.17659255862236023
0.1776159256696701
0.1766170859336853
0.17702890932559967
0.17685969173908234
0.17684730887413025
0.1779116541147232
0.17670036852359772
0.1770590841770172
0.1770707666873932
0.17704707384109497
0.1772720366716385
0.1775338053703308
0.17637617886066437
0.1770259141921997
0.1763608455657959
0.1774197816848755
0.1762894093990326
0.17686644196510315
0.17725609242916107
0.17615266144275665
0.17641718685626984
0.1772100329399109
0.1766195297241211
0.1761195957660675
0.17713424563407898
0.1770889163017273
0.1765759140253067
0.1769443154335022
0.17720606923103333
0.17691253125667572
0.17690137028694153
0.1766439974308014
0.17651912569999695
0.17661936581134796
0.1765637844800949
0.1767982840538025
0.17730331420898438
0.17644326388835907
0.17609237134456635
0.17698319256305695
0.17643240094184875
0.17611895501613617
0.17594507336616516
0.17591030895709991
0.17592032253742218
0.17590661346912384
0.1759205311536789
0.1759355664253235
0.17593343555927277
0.17592699825763702
0.1759280413389206
0.17592409253120422
0.17593316733837128
0.17592592537403107
0.17594732344150543
