0.5540136098861694
0.3894403278827667
0.16646650433540344
0.17191509902477264
0.17292456328868866
0.17481598258018494
0.1693238765001297
0.16962015628814697
0.1711600422859192
0.16996993124485016
0.16983918845653534
0.16913814842700958
0.1690206080675125
0.1695454865694046
0.16903525590896606
0.16904234886169434
0.1684635877609253
0.16929055750370026
0.167835995554924
0.16890116035938263
0.16793487966060638
0.1688316911458969
0.16729211807250977
0.16876666247844696
0.1669531911611557
0.16911281645298004
0.16769559681415558
0.16857734322547913
0.167417511343956
0.16843315958976746
0.1681588739156723
0.16927793622016907
0.16858722269535065
0.16961395740509033
0.16923247277736664
0.1712777465581894
0.1704520881175995
0.1714710295200348
0.17266793549060822
0.17439690232276917
0.17418049275875092
0.17309163510799408
0.17478586733341217
0.17430666089057922
0.17575691640377045
0.1767660528421402
0.1758030354976654
0.17840956151485443
0.1778365969657898
0.17829221487045288
0.1798165738582611
0.1802208423614502
0.17913180589675903
0.18011850118637085
0.1791047751903534
0.18014490604400635
0.17867226898670197
0.1802416294813156
0.17927899956703186
0.18070174753665924
0.17922374606132507
0.18078944087028503
0.18028999865055084
0.18041467666625977
0.17962431907653809
0.179549440741539
0.17981351912021637
0.18034496903419495
0.1807822436094284
0.180076003074646
0.18018993735313416
0.17941834032535553
0.1786431521177292
0.1772845983505249
0.17881236970424652
0.17963215708732605
0.1805288940668106
0.18047629296779633
0.18081296980381012
0.18120481073856354
0.1807411015033722
0.17931833863258362
0.17943383753299713
0.17830084264278412
0.17901819944381714
0.17998871207237244
0.1796129196882248
0.18011344969272614
0.18003366887569427
0.1794343739748001
0.1793733388185501
0.1796310991048813
0.17869704961776733
0.1795351505279541
0.17944860458374023
0.1798972487449646
0.17948365211486816
0.17988508939743042
0.1790863424539566
0.1792611926794052
0.18029649555683136
0.17978264391422272
0.1799769252538681
0.1783280372619629
0.17923681437969208
0.17936721444129944
0.1793241649866104
0.17905551195144653
0.17861118912696838
0.17827223241329193
0.1800668090581894
0.17829807102680206
0.17948846518993378
0.17733615636825562
0.17905382812023163
0.17941895127296448
0.17802150547504425
0.17970114946365356
0.1794508695602417
0.17777769267559052
0.17891107499599457
0.1781480759382248
0.1791503131389618
0.17814116179943085
0.17893913388252258
0.17727725207805634
0.178130641579628
0.17800173163414001
0.17914681136608124
0.17863933742046356
0.17872676253318787
0.17818772792816162
0.17915643751621246
0.17778407037258148
0.17813172936439514
0.1780361533164978
0.1774616539478302
0.17871469259262085
0.1782991886138916
0.1776701956987381
0.17823994159698486
0.17782175540924072
0.17916300892829895
0.17769531905651093
0.17784251272678375
0.17737418413162231
0.1788611263036728
0.17863012850284576
0.17829196155071259
0.17856000363826752
0.17805351316928864
0.1769021898508072
0.177555650472641
0.17711728811264038
0.17827244102954865
0.17638763785362244
0.1772775501012802
0.17808517813682556
0.1765456199645996
0.17713047564029694
0.17752878367900848
0.17707812786102295
0.17694400250911713
0.17803627252578735
0.17738813161849976
0.1777070015668869
0.17761164903640747
0.17758822441101074
0.1773766428232193
0.17700843513011932
0.1777585744857788
0.17755663394927979
0.17692695558071136
0.17747455835342407
0.17752861976623535
0.1775820255279541
0.17746812105178833
0.17681731283664703
0.17722339928150177
0.1775355339050293
0.17804409563541412
0.17708025872707367
0.17732134461402893
0.17724783718585968
0.1775478720664978
0.17702805995941162
0.17730063199996948
0.1772133708000183
0.17744112014770508
0.17749325931072235
0.1768927127122879
0.17747709155082703
0.17619772255420685
0.17721788585186005
0.17711514234542847
0.17664024233818054
0.176833838224411
0.17711658775806427
0.1766546219587326
0.17813663184642792
0.17702773213386536
0.1773039698600769
0.1774091124534607
0.17676903307437897
0.17742374539375305
0.1765252947807312
0.17660075426101685
0.17678238451480865
0.1774488389492035
0.17657019197940826
0.17759324610233307
0.1765923947095871
0.1770056188106537
0.17683574557304382
0.17682407796382904
0.17788849771022797
0.17667703330516815
0.177036315202713
0.1770457625389099
0.1770235151052475
0.17724770307540894
0.17750877141952515
0.17635372281074524
0.17700305581092834
0.17633740603923798
0.1773957759141922
0.1762671172618866
0.17684362828731537
0.17723284661769867
0.17612943053245544
0.1763940304517746
0.1771877557039261
0.1765972524881363
0.17609645426273346
0.17711107432842255
0.17706571519374847
0.1765519678592682
0.1769212931394577
0.17718277871608734
0.17688976228237152
0.17687895894050598
0.17662134766578674
0.17649656534194946
0.17659710347652435
0.17653866112232208
0.17677699029445648
0.1772807538509369
0.17642006278038025
0.176070898771286
0.17696180939674377
0.17641054093837738
0.17647868394851685
0.1765049397945404
0.1765076220035553
0.17650343477725983
0.17647665739059448
0.1764938086271286
0.17650321125984192
0.17649221420288086
0.17648625373840332
0.17650733888149261
0.17650485038757324
0.17650215327739716
0.1765023171901703
0.17652206122875214
