-0.02568429708480835
-0.011084198951721191
-0.001499950885772705
-0.0015061497688293457
-0.0015279054641723633
-0.0015436410903930664
-0.0014190077781677246
-0.0014181137084960938
-0.0014534592628479004
-0.0014358162879943848
-0.0014225244522094727
-0.0014106035232543945
-0.0014085173606872559
-0.0014020800590515137
-0.0014049410820007324
-0.001422107219696045
-0.001403510570526123
-0.001437067985534668
-0.0013902783393859863
-0.0014282464981079102
-0.0014052987098693848
-0.0014228224754333496
-0.001387476921081543
-0.0014440417289733887
-0.0013958215713500977
-0.0014228224754333496
-0.0014270544052124023
-0.00142747163772583
-0.0013917088508605957
-0.0014128684997558594
-0.0014256834983825684
-0.0014252662658691406
-0.001416325569152832
-0.0014279484748840332
-0.0014123320579528809
-0.00145035982131958
-0.0014514327049255371
-0.0014598965644836426
-0.001477360725402832
-0.0015139579772949219
-0.0015212297439575195
-0.0014746785163879395
-0.001539468765258789
-0.0015468001365661621
-0.0015914440155029297
-0.0016158819198608398
-0.0016230940818786621
-0.001681208610534668
-0.0016800761222839355
-0.0016843676567077637
-0.0017764568328857422
-0.0017694830894470215
-0.0017507076263427734
-0.001784980297088623
-0.0017763376235961914
-0.0017508864402770996
-0.001744985580444336
-0.0018072128295898438
-0.0017910003662109375
-0.0017928481101989746
-0.0017840266227722168
-0.0018627047538757324
-0.0018953680992126465
-0.0018485188484191895
-0.0018076896667480469
-0.0018712878227233887
-0.0017837285995483398
-0.0018491148948669434
-0.0018645524978637695
-0.0017987489700317383
-0.0018440485000610352
-0.0018382668495178223
-0.0017973780632019043
-0.0017083287239074707
-0.0018014907836914062
-0.0018415451049804688
-0.0017905235290527344
-0.0018544197082519531
-0.0019040107727050781
-0.0019272565841674805
-0.001862645149230957
-0.001873791217803955
-0.0018658638000488281
-0.0018239021301269531
-0.001845717430114746
-0.0018779635429382324
-0.00179213285446167
-0.0018694400787353516
-0.0018341541290283203
-0.001808464527130127
-0.0018683671951293945
-0.001826643943786621
-0.0018160343170166016
-0.0018463730812072754
-0.0018365979194641113
-0.0018361806869506836
-0.0018350481986999512
-0.0018502473831176758
-0.0018419623374938965
-0.0018134713172912598
-0.0018603205680847168
-0.0018068552017211914
-0.0018002986907958984
-0.0018503665924072266
-0.0018021464347839355
-0.0018033385276794434
-0.001879870891571045
-0.0018213391304016113
-0.001750946044921875
-0.0018218159675598145
-0.0019390583038330078
-0.0017954111099243164
-0.0018433332443237305
-0.0018321871757507324
-0.0018596053123474121
-0.0018694400787353516
-0.001848757266998291
-0.0018187761306762695
-0.001858830451965332
-0.0018187761306762695
-0.0018326640129089355
-0.0018233060836791992
-0.001796424388885498
-0.001835465431213379
-0.001817941665649414
-0.0017802119255065918
-0.0018070340156555176
-0.0017482638359069824
-0.00186079740524292
-0.0018432140350341797
-0.001789093017578125
-0.0018249750137329102
-0.0018157958984375
-0.0018280744552612305
-0.0018658638000488281
-0.0018236041069030762
-0.0017941594123840332
-0.0018673539161682129
-0.0017967820167541504
-0.0017565488815307617
-0.0018368363380432129
-0.0017965435981750488
-0.0018319487571716309
-0.0017829537391662598
-0.001826643943786621
-0.0018019676208496094
-0.001889348030090332
-0.0018520951271057129
-0.0018107295036315918
-0.0018283724784851074
-0.0017890334129333496
-0.001707911491394043
-0.0017577409744262695
-0.0017501115798950195
-0.0018161535263061523
-0.0018292069435119629
-0.0017455220222473145
-0.0017718672752380371
-0.0017383098602294922
-0.001785576343536377
-0.00184708833694458
-0.0018368959426879883
-0.001780092716217041
-0.0018011927604675293
-0.0018479228019714355
-0.0018194317817687988
-0.001833796501159668
-0.0018451213836669922
-0.0017748475074768066
-0.0016917586326599121
-0.0018212199211120605
-0.0017545223236083984
-0.0017763972282409668
-0.0018240809440612793
-0.0017809271812438965
-0.0017449259757995605
-0.0018190741539001465
-0.0017352700233459473
-0.0018109679222106934
-0.0018216967582702637
-0.0018417835235595703
-0.001753687858581543
-0.0018151402473449707
-0.0017660856246948242
-0.0018098950386047363
-0.0018389225006103516
-0.001843571662902832
-0.0017995834350585938
-0.0017957091331481934
-0.0018423795700073242
-0.0017136335372924805
-0.00184553861618042
-0.001788496971130371
-0.001797497272491455
-0.0017684102058410645
-0.0017162561416625977
-0.0018001794815063477
-0.001778244972229004
-0.0018091797828674316
-0.0018553733825683594
-0.0018056035041809082
-0.0018175840377807617
-0.0018285512924194336
-0.0017812252044677734
-0.0017681717872619629
-0.001779317855834961
-0.0017444491386413574
-0.0017969012260437012
-0.0018280744552612305
-0.0017865300178527832
-0.0017670989036560059
-0.0017827153205871582
-0.0017870068550109863
-0.00180131196975708
-0.001753091812133789
-0.001828908920288086
-0.0017754435539245605
-0.0017763972282409668
-0.001815497875213623
-0.0017507672309875488
-0.0017932653427124023
-0.0018124580383300781
-0.0018147826194763184
-0.0018011927604675293
-0.0017441511154174805
-0.001856386661529541
-0.0017901062965393066
-0.0017661452293395996
-0.001758873462677002
-0.001788794994354248
-0.00176239013671875
-0.0017896294593811035
-0.0017355084419250488
-0.001737833023071289
-0.0017958283424377441
-0.0017963051795959473
-0.0018029212951660156
-0.0017637014389038086
-0.0018199682235717773
-0.0017696022987365723
-0.001780092716217041
-0.001749575138092041
-0.0017567873001098633
-0.0017547607421875
-0.0018382668495178223
-0.0017136931419372559
-0.0017798542976379395
-0.0017606019973754883
-0.0017027854919433594
-0.0017875432968139648
-0.0017906427383422852
-0.0017430782318115234
-0.0017761588096618652
-0.0017424225807189941
-0.0017829537391662598
-0.001758277416229248
-0.001782536506652832
-0.0017772316932678223
-0.0017973780632019043
-0.0017759203910827637
-0.0017856955528259277
-0.0017945170402526855
-0.0018181204795837402
-0.0018084049224853516
-0.0018305182456970215
