0.24719764292240143
0.17787300050258636
0.07786348462104797
0.0799650326371193
0.08094734698534012
0.0817396268248558
0.07960855960845947
0.07961593568325043
0.08048662543296814
0.07986409217119217
0.08004544675350189
0.07960716634988785
0.07980933040380478
0.07990849763154984
0.07992870360612869
0.0798121839761734
0.07979584485292435
0.0800742506980896
0.07962317019701004
0.08001657575368881
0.07980303466320038
0.0800754502415657
0.07955963909626007
0.08011496067047119
0.07945683598518372
0.080319844186306
0.07982981204986572
0.08003423362970352
0.07952073216438293
0.07976765930652618
0.07968520373106003
0.07989492267370224
0.07960888743400574
0.07967231422662735
0.07946038991212845
0.07993405312299728
0.07947768270969391
0.07942378520965576
0.07958813011646271
0.07982517778873444
0.07928913086652756
0.07842506468296051
0.078709676861763
0.07814512401819229
0.07809367030858994
0.07822470366954803
0.07723374664783478
0.0781044065952301
0.07740389555692673
0.07746509462594986
0.07767488807439804
0.07778774201869965
0.0769377201795578
0.0774289220571518
0.07678179442882538
0.07718654721975327
0.07648154348134995
0.07733836024999619
0.07686082273721695
0.07734428346157074
0.07689078152179718
0.07767613232135773
0.07734374701976776
0.07739628106355667
0.07713194936513901
0.0772259533405304
0.07730837911367416
0.07756145298480988
0.077702596783638
0.07732351124286652
0.0772629827260971
0.07721829414367676
0.0767393633723259
0.07625943422317505
0.07677434384822845
0.07716578245162964
0.0776648074388504
0.07747865468263626
0.07777523249387741
0.07789109647274017
0.07771772891283035
0.07715698331594467
0.0771925300359726
0.07671087980270386
0.07692023366689682
0.07749973237514496
0.07712846994400024
0.07747965306043625
0.07741497457027435
0.07728724926710129
0.07721255719661713
0.07725054025650024
0.07693137228488922
0.0772429034113884
0.07718814164400101
0.07748615741729736
0.07733753323554993
0.07746772468090057
0.0773317813873291
0.07716180384159088
0.07765382528305054
0.07744978368282318
0.07758680731058121
0.07693035900592804
0.07725860923528671
0.07732026278972626
0.07732780277729034
0.07734063267707825
0.07704871892929077
0.07698175311088562
0.07774706184864044
0.0769551619887352
0.07758571952581406
0.07657218724489212
0.07733003050088882
0.07763884216547012
0.07697150111198425
0.07770305871963501
0.07760859280824661
0.07683734595775604
0.07738462835550308
0.07712436467409134
0.07752279937267303
0.0771072506904602
0.07743563503026962
0.07676032930612564
0.07707656174898148
0.07714604586362839
0.0775122418999672
0.07745163142681122
0.07734885066747665
0.07728268951177597
0.07764889299869537
0.07706542313098907
0.07725590467453003
0.07717058062553406
0.07697494328022003
0.07761417329311371
0.07737678289413452
0.0770532488822937
0.0774073377251625
0.07733951508998871
0.07775568962097168
0.07720517367124557
0.07724391669034958
0.07700946182012558
0.07775349915027618
0.07755041867494583
0.07749330997467041
0.07757879793643951
0.07738437503576279
0.0768924355506897
0.0771232470870018
0.0769338458776474
0.07752449810504913
0.07668851315975189
0.07709543406963348
0.07743880152702332
0.0766935721039772
0.0770559087395668
0.07735554128885269
0.07703426480293274
0.07698968797922134
0.07755900919437408
0.07729507982730865
0.07732753455638885
0.07738178223371506
0.0773911401629448
0.07726670056581497
0.07704304903745651
0.07753028720617294
0.07744783163070679
0.07706257700920105
0.07727599889039993
0.07733508944511414
0.07732312381267548
0.07741707563400269
0.07692994922399521
0.07730116695165634
0.07741721719503403
0.07762440294027328
0.07718787342309952
0.07728759944438934
0.07732553035020828
0.07751217484474182
0.07716735452413559
0.07734203338623047
0.07727912813425064
0.07739709317684174
0.07748845964670181
0.07717414945363998
0.0775020644068718
0.07695768028497696
0.07733042538166046
0.07722696661949158
0.07701531052589417
0.07712104916572571
0.07729771733283997
0.07710500061511993
0.07783949375152588
0.07726603746414185
0.07742491364479065
0.07755067199468613
0.0772767886519432
0.07747585326433182
0.07701689004898071
0.07706667482852936
0.077219657599926
0.07745321840047836
0.07716484367847443
0.07753333449363708
0.07715027779340744
0.0774305909872055
0.07728375494480133
0.07726985216140747
0.0776408389210701
0.07723186165094376
0.07735152542591095
0.07733206450939178
0.0773160457611084
0.07742361724376678
0.07766227424144745
0.07710111141204834
0.07727184891700745
0.07697070389986038
0.07756746560335159
0.07701197266578674
0.07734526693820953
0.07738224416971207
0.07699014246463776
0.07706822454929352
0.07746419310569763
0.07709509134292603
0.07696016877889633
0.07739107310771942
0.07736728340387344
0.07722991704940796
0.07737421989440918
0.07746713608503342
0.07732278108596802
0.0772995799779892
0.0772993266582489
0.07719767838716507
0.07718992233276367
0.07728086411952972
0.07740337401628494
0.0775236263871193
0.0771852657198906
0.07693410664796829
0.07744482904672623
0.077170729637146
0.07721500098705292
0.07725335657596588
0.07724278420209885
0.07724140584468842
0.07721231877803802
0.07724060863256454
0.07722337543964386
0.07723935693502426
0.07721603661775589
0.07724250108003616
0.07726626098155975
0.07724824547767639
0.07726527750492096
0.07726843655109406
