0.10813255608081818
0.05516746640205383
0.012362140230834484
0.01405632309615612
0.01442564744502306
0.015083652921020985
0.014300408773124218
0.014331256039440632
0.01470046304166317
0.014490528032183647
0.014606091193854809
0.014392654411494732
0.014534014277160168
0.0146526750177145
0.01467286329716444
0.01457972638309002
0.014704953879117966
0.014765582978725433
0.01472911424934864
0.014828933402895927
0.014836528338491917
0.014914387837052345
0.014805481769144535
0.014952465891838074
0.014886402525007725
0.015125108882784843
0.015060119330883026
0.01505912933498621
0.014974330551922321
0.014994213357567787
0.015079937875270844
0.01502909418195486
0.015062185935676098
0.014990407042205334
0.015046820044517517
0.015165833756327629
0.015171042643487453
0.015092595480382442
0.015366850420832634
0.015456303022801876
0.015515636652708054
0.01533503271639347
0.01575528457760811
0.015714216977357864
0.015949349850416183
0.016371170058846474
0.01624099723994732
0.016772719100117683
0.016748543828725815
0.017027722671628
0.017374597489833832
0.01758912205696106
0.01743984781205654
0.01776695065200329
0.017655285075306892
0.017722507938742638
0.017512943595647812
0.017959557473659515
0.017739934846758842
0.01792299374938011
0.017849156633019447
0.018281929194927216
0.018102454021573067
0.018179265782237053
0.018071016296744347
0.01809920370578766
0.018141228705644608
0.018087664619088173
0.018290158361196518
0.01812809705734253
0.018146881833672523
0.018109820783138275
0.017833838239312172
0.017629049718379974
0.017896389588713646
0.018150970339775085
0.018224554136395454
0.018234284594655037
0.018281323835253716
0.01846362091600895
0.018321329727768898
0.01808640919625759
0.018053017556667328
0.017774492502212524
0.017856638878583908
0.018100110813975334
0.017962856218218803
0.018136244267225266
0.01821705885231495
0.01829657517373562
0.01812582276761532
0.01812162809073925
0.017855802550911903
0.018114838749170303
0.01803634688258171
0.018047140911221504
0.0179559588432312
0.018147315829992294
0.01811310276389122
0.018151771277189255
0.018213046714663506
0.018106427043676376
0.01807093434035778
0.017753146588802338
0.01794303208589554
0.018096355721354485
0.018008502200245857
0.01803923025727272
0.017880139872431755
0.017866605892777443
0.018198935315012932
0.017861900851130486
0.018137814477086067
0.01773885078728199
0.01811397820711136
0.01798299327492714
0.017775090411305428
0.018119854852557182
0.01811796799302101
0.017689011991024017
0.01793522574007511
0.017874758690595627
0.018065212294459343
0.017771517857909203
0.017912041395902634
0.01761234551668167
0.017775462940335274
0.0179402157664299
0.017874261364340782
0.01789022423326969
0.017965586856007576
0.01769244857132435
0.018007075414061546
0.017655739560723305
0.01791287027299404
0.01778777316212654
0.017672600224614143
0.0179086085408926
0.017873326316475868
0.017780594527721405
0.01775895431637764
0.017880618572235107
0.017863396555185318
0.017809685319662094
0.01781528629362583
0.01751823164522648
0.01786954142153263
0.017946306616067886
0.017757335677742958
0.017969733104109764
0.01782594993710518
0.017629891633987427
0.01791347749531269
0.017732735723257065
0.017789360135793686
0.017537618055939674
0.017614325508475304
0.01787838339805603
0.01752203330397606
0.01781713403761387
0.01779852621257305
0.017604367807507515
0.017591504380106926
0.017845893278717995
0.017720699310302734
0.01780688390135765
0.017894679680466652
0.017802689224481583
0.01755671016871929
0.017731333151459694
0.017857201397418976
0.01775587722659111
0.01771857775747776
0.017654063180088997
0.01766073703765869
0.01779036410152912
0.0177445150911808
0.01757158152759075
0.01761292852461338
0.01775667443871498
0.01775962859392166
0.017577309161424637
0.017652379348874092
0.017645113170146942
0.017907636240124702
0.017571356147527695
0.017643766477704048
0.017657360062003136
0.017626170068979263
0.01775628887116909
0.0176231749355793
0.01772964745759964
0.01750345341861248
0.01764380745589733
0.01766308955848217
0.017709404230117798
0.017685286700725555
0.017695380374789238
0.017751675099134445
0.017959335818886757
0.017680563032627106
0.01758093386888504
0.017779875546693802
0.017571229487657547
0.0178493931889534
0.01745252124965191
0.01758023537695408
0.017613781616091728
0.017693066969513893
0.017664801329374313
0.017732299864292145
0.017699381336569786
0.017786193639039993
0.01773722842335701
0.017754273489117622
0.01775064691901207
0.017644722014665604
0.017670072615146637
0.01760750822722912
0.017595356330275536
0.0175861157476902
0.017833104357123375
0.01771172322332859
0.01747150346636772
0.017510127276182175
0.017824560403823853
0.017443139106035233
0.017675619572401047
0.017570041120052338
0.017521804198622704
0.01756991259753704
0.017726629972457886
0.017605958506464958
0.01760375127196312
0.01770773157477379
0.017634671181440353
0.017669662833213806
0.01771407574415207
0.017573926597833633
0.017615988850593567
0.017634384334087372
0.01770372875034809
0.017647037282586098
0.017517264932394028
0.017688049003481865
0.017682721838355064
0.017686713486909866
0.017574330791831017
0.017464952543377876
0.017706114798784256
0.01760392263531685
0.017604973167181015
0.0176706425845623
0.017672285437583923
0.017537981271743774
0.017654607072472572
0.017493821680545807
0.017646601423621178
0.017533542588353157
0.017682276666164398
0.017706213518977165
0.017542384564876556
0.017591368407011032
0.017618324607610703
0.01762973889708519
