2.7235488891601562
1.5725617408752441
0.49271509051322937
0.3215433359146118
0.3335392475128174
0.28568196296691895
0.28641802072525024
0.27406126260757446
0.2792561650276184
0.2698687016963959
0.27323514223098755
0.26282966136932373
0.26673245429992676
0.26080888509750366
0.2623523771762848
0.25465089082717896
0.2573307156562805
0.250750333070755
0.25101006031036377
0.24435052275657654
0.2466883808374405
0.23855005204677582
0.23782214522361755
0.23174956440925598
0.23239104449748993
0.22460122406482697
0.2255147397518158
0.21573524177074432
0.21745459735393524
0.20747947692871094
0.20978957414627075
0.20085428655147552
0.19983887672424316
0.1932676136493683
0.19305013120174408
0.1852051317691803
0.18579521775245667
0.1769811064004898
0.18028448522090912
0.17192313075065613
0.172576904296875
0.16346004605293274
0.16915187239646912
0.16019320487976074
0.1647861897945404
0.15656951069831848
0.1572520136833191
0.15437427163124084
0.15531659126281738
0.15055814385414124
0.15197505056858063
0.14640530943870544
0.1468403935432434
0.14360760152339935
0.14302408695220947
0.1391710638999939
0.13986623287200928
0.13543739914894104
0.13725540041923523
0.13378691673278809
0.13521111011505127
0.13194651901721954
0.13228002190589905
0.12799181044101715
0.126952663064003
0.12325607240200043
0.12454719096422195
0.120306096971035
0.12160008400678635
0.11934450268745422
0.11835451424121857
0.1135748028755188
0.11337794363498688
0.10830371826887131
0.1119915321469307
0.10916431248188019
0.10932417958974838
0.1080026924610138
0.10601760447025299
0.10479772835969925
0.10335809737443924
0.10041841864585876
0.1007331907749176
0.09899371862411499
0.09776480495929718
0.09477655589580536
0.09549372643232346
0.09390255808830261
0.09722000360488892
0.09064102172851562
0.09131541848182678
0.08814368396997452
0.08799707889556885
0.08553909510374069
0.08663995563983917
0.0833279937505722
0.0856456533074379
0.08268948644399643
0.08238408714532852
0.08269034326076508
0.08082447946071625
0.08057648688554764
0.07919847965240479
0.0782608687877655
0.07811719179153442
0.07618750631809235
0.07712896913290024
0.07457266747951508
0.0758076086640358
0.07353904843330383
0.07391149550676346
0.07180659472942352
0.07185511291027069
0.07031582295894623
0.07052738219499588
0.06912320107221603
0.07045517861843109
0.06895162165164948
0.06888338923454285
0.06643018126487732
0.06762233376502991
0.06650696694850922
0.06651729345321655
0.06569388508796692
0.06596551835536957
0.0649188905954361
0.06462663412094116
0.06335914134979248
0.06398066878318787
0.06261328607797623
0.062035441398620605
0.062067434191703796
0.061533600091934204
0.059610266238451004
0.060865893959999084
0.05988243222236633
0.06044521927833557
0.05901851877570152
0.059630610048770905
0.05806870386004448
0.057650126516819
0.056663356721401215
0.05789555609226227
0.05596624314785004
0.056833162903785706
0.05555874854326248
0.056118208914995193
0.05494875833392143
0.05381206423044205
0.05407032370567322
0.053661324083805084
0.05348443239927292
0.05250910669565201
0.05262821912765503
0.05293620005249977
0.05132610350847244
0.05192237347364426
0.05077698081731796
0.05173225700855255
0.05084715783596039
0.05035343021154404
0.04996076598763466
0.04946861416101456
0.0490122064948082
0.049616169184446335
0.048965975642204285
0.04901905730366707
0.04761725664138794
0.047818735241889954
0.0473937913775444
0.0472978875041008
0.04699304327368736
0.04663696140050888
0.046158380806446075
0.04679662734270096
0.045985396951436996
0.04657638818025589
0.04541024565696716
0.04542459920048714
0.044973067939281464
0.04537438228726387
0.0441007986664772
0.04450807720422745
0.04381725937128067
0.04474122077226639
0.043417830020189285
0.04440021887421608
0.04327212646603584
0.043358199298381805
0.0431084930896759
0.04225163534283638
0.042600736021995544
0.04199780523777008
0.042012497782707214
0.04201464727520943
0.04166660085320473
0.04185917600989342
0.04169730469584465
0.040931738913059235
0.04126014560461044
0.04110211133956909
0.041165951639413834
0.0410609170794487
0.04029203951358795
0.040237605571746826
0.040106210857629776
0.0399138443171978
0.03975848853588104
0.04001634195446968
0.03919393941760063
0.03977511078119278
0.03883091360330582
0.039490897208452225
0.038977861404418945
0.038700904697179794
0.03885786980390549
0.03825381025671959
0.038234956562519073
0.038003385066986084
0.037973783910274506
0.037937138229608536
0.037670768797397614
0.03738684952259064
0.03762311488389969
0.03710649907588959
0.03719646856188774
0.036961182951927185
0.03693680092692375
0.03675971180200577
0.03642217442393303
0.036649689078330994
0.03648834675550461
0.036515310406684875
0.03590169548988342
0.036235034465789795
0.035757191479206085
0.03615996986627579
0.03589463233947754
0.03570792078971863
0.03549130633473396
0.03544904291629791
0.034951142966747284
0.035519808530807495
0.0348278172314167
0.03488243371248245
0.03519439697265625
0.035103246569633484
0.034763142466545105
0.03461841866374016
0.034661971032619476
0.03459383547306061
0.03483302891254425
0.03502710536122322
0.03522191196680069
0.034727878868579865
0.03519294410943985
0.03501000255346298
0.03572314605116844
0.034969136118888855
0.03493603318929672
0.03488698601722717
0.03518909960985184
0.03520942106842995
0.03537416458129883
0.034824077039957047
