0.11018917709589005
0.055083297193050385
0.01201693993061781
0.014115623198449612
0.014638885855674744
0.015599403530359268
0.014632469043135643
0.01461503840982914
0.014982630498707294
0.01476216223090887
0.014879440888762474
0.014659805223345757
0.014808669686317444
0.014917992986738682
0.014944035559892654
0.014846323989331722
0.01498338021337986
0.015040285885334015
0.015009317547082901
0.015105625614523888
0.015113465487957
0.01518229953944683
0.015087556093931198
0.015224454924464226
0.01517594512552023
0.015399958938360214
0.015351551584899426
0.01533529069274664
0.015274476259946823
0.01527844276279211
0.015385395847260952
0.015323812142014503
0.015377960167825222
0.015298870392143726
0.01537935622036457
0.015483818016946316
0.015503223054111004
0.01542497705668211
0.015735218301415443
0.01581927016377449
0.01588389463722706
0.015690278261899948
0.016123998910188675
0.016071194782853127
0.016321329399943352
0.0167444609105587
0.016607141122221947
0.017146429046988487
0.017143281176686287
0.01739608682692051
0.01774526946246624
0.0179732758551836
0.017804443836212158
0.018136411905288696
0.018010936677455902
0.018081622198224068
0.0178590789437294
0.01831754297018051
0.018084218725562096
0.018271429464221
0.018175460398197174
0.01862458884716034
0.018464209511876106
0.018514370545744896
0.01839611679315567
0.018441570922732353
0.018472740426659584
0.018429173156619072
0.018631577491760254
0.01846402883529663
0.018470583483576775
0.018442224711179733
0.01818469539284706
0.017944414168596268
0.018233053386211395
0.018476437777280807
0.018578484654426575
0.01857706531882286
0.018635941669344902
0.018801432102918625
0.01867542415857315
0.018418261781334877
0.01839846931397915
0.01810058020055294
0.018185406923294067
0.018428126350045204
0.018302520737051964
0.018477343022823334
0.018565436825156212
0.018638059496879578
0.018454572185873985
0.01845976524055004
0.01816539093852043
0.018452787771821022
0.0183511171489954
0.01836187206208706
0.01826668344438076
0.018482334911823273
0.018436184152960777
0.018458329141139984
0.018554531037807465
0.01842460222542286
0.01838609389960766
0.018065588548779488
0.01824946701526642
0.0184039119631052
0.018329305574297905
0.01835821568965912
0.01818373240530491
0.018173469230532646
0.0185060054063797
0.01816512458026409
0.018468888476490974
0.01805315539240837
0.018417371436953545
0.018291471526026726
0.018076058477163315
0.01842881366610527
0.018441470339894295
0.017987776547670364
0.018249645829200745
0.01817374676465988
0.018366215750575066
0.01806636154651642
0.018213806673884392
0.01790379174053669
0.01808754727244377
0.01824243739247322
0.018177155405282974
0.018191678449511528
0.018270110711455345
0.018003590404987335
0.018302612006664276
0.017941832542419434
0.01821552775800228
0.018065573647618294
0.017961794510483742
0.018204033374786377
0.01816805824637413
0.01808171533048153
0.01804657094180584
0.01817234791815281
0.018176143988966942
0.018110986799001694
0.018103839829564095
0.01781384088099003
0.01815967820584774
0.018229655921459198
0.018053309991955757
0.018276505172252655
0.018134525045752525
0.017912041395902634
0.018199432641267776
0.018018759787082672
0.01807500794529915
0.01782703958451748
0.017900582402944565
0.018164491280913353
0.017782650887966156
0.018110379576683044
0.018092818558216095
0.017895512282848358
0.01787448115646839
0.01813395880162716
0.017992958426475525
0.018093271180987358
0.01817229762673378
0.01808016374707222
0.017838643863797188
0.018022138625383377
0.018141288310289383
0.018042592331767082
0.01799592934548855
0.017937330529093742
0.017949339002370834
0.018077753484249115
0.018028227612376213
0.017847364768385887
0.017893629148602486
0.018039217218756676
0.018044164404273033
0.017871728166937828
0.017939230427145958
0.017926929518580437
0.01818680576980114
0.017842890694737434
0.017932794988155365
0.017938246950507164
0.01789846271276474
0.018031001091003418
0.017903344705700874
0.018013693392276764
0.01777578331530094
0.017910568043589592
0.017931129783391953
0.017975622788071632
0.017957298085093498
0.017958495765924454
0.018024872988462448
0.018231578171253204
0.017955048009753227
0.01786758191883564
0.018064532428979874
0.017834071069955826
0.018116341903805733
0.01773390918970108
0.017850305885076523
0.01788690686225891
0.017969563603401184
0.017938926815986633
0.018003057688474655
0.017960363999009132
0.018064433708786964
0.018003886565566063
0.01802518405020237
0.018026933073997498
0.017922410741448402
0.017931709066033363
0.01787029206752777
0.017874304205179214
0.01785622350871563
0.018092218786478043
0.01797713153064251
0.017736969515681267
0.017773129045963287
0.018099183216691017
0.017715783789753914
0.01794802024960518
0.017838459461927414
0.01779111847281456
0.017845429480075836
0.017999134957790375
0.017855923622846603
0.017866041511297226
0.017977479845285416
0.017907388508319855
0.017935026437044144
0.017970364540815353
0.01784796454012394
0.0178813636302948
0.01790003292262554
0.01796826161444187
0.01790270395576954
0.017774026840925217
0.017943069338798523
0.017945822328329086
0.01795111410319805
0.017828332260251045
0.017710385844111443
0.017963355407118797
0.017867369577288628
0.0054858666844666
0.0034783263690769672
0.003017720766365528
0.00295921228826046
0.0029544637072831392
0.002891682321205735
0.002908474998548627
0.0028769206255674362
0.0028869048692286015
0.0028622373938560486
0.002835365477949381
0.0028510731644928455
0.0028291826602071524
0.0028308145701885223
