0.5785687565803528
0.09271543473005295
0.1492118537425995
0.1158352941274643
0.15003623068332672
0.12368754297494888
0.15435440838336945
0.13071230053901672
0.1525791436433792
0.1281687319278717
0.15529687702655792
0.12858550250530243
0.1555113047361374
0.12912803888320923
0.15523146092891693
0.13029955327510834
0.15607178211212158
0.13047634065151215
0.1539011001586914
0.131599560379982
0.1533111184835434
0.13306522369384766
0.15168964862823486
0.13427521288394928
0.15099582076072693
0.13315081596374512
0.15083692967891693
0.12930184602737427
0.14812949299812317
0.12698116898536682
0.1444322168827057
0.12295776605606079
0.1410394161939621
0.12148873507976532
0.13545483350753784
0.12212160229682922
0.1301555037498474
0.12398213893175125
0.13054026663303375
0.12714366614818573
0.12820158898830414
0.12573155760765076
0.1261647790670395
0.12697143852710724
0.12932805716991425
0.12654592096805573
0.12616156041622162
0.12766215205192566
0.12682224810123444
0.1255318969488144
0.12614499032497406
0.12683425843715668
0.1259652078151703
0.12650352716445923
0.12741263210773468
0.12522993981838226
0.12776422500610352
0.1269921213388443
0.12720701098442078
0.12495089322328568
0.12839365005493164
0.126038059592247
0.1259819120168686
0.12707528471946716
0.12852559983730316
0.1268761157989502
0.1274580955505371
0.1268790364265442
0.127308651804924
0.1266513615846634
0.12716829776763916
0.1270851045846939
0.127336785197258
0.12566623091697693
0.12787136435508728
0.12667281925678253
0.12658357620239258
0.12529514729976654
0.12563683092594147
0.1256752759218216
0.12569524347782135
0.1260884553194046
0.12456624954938889
0.12670747935771942
0.12569043040275574
0.12554417550563812
0.12842591106891632
0.12655620276927948
0.12656724452972412
0.12505365908145905
0.12611034512519836
0.12513214349746704
0.12462261319160461
0.125175341963768
0.12638558447360992
0.12696139514446259
0.12600284814834595
0.12773986160755157
0.12558864057064056
0.12728218734264374
0.12520752847194672
0.12726765871047974
0.1245388612151146
0.12763340771198273
0.1262383908033371
0.12644682824611664
0.12703527510166168
0.12676846981048584
0.12753507494926453
0.1273999959230423
0.12810754776000977
0.12837554514408112
0.12839695811271667
0.1271703690290451
0.1252000480890274
0.12715071439743042
0.12597940862178802
0.12727831304073334
0.1268550604581833
0.12487846612930298
0.12697631120681763
0.12700945138931274
0.12649370729923248
0.12698978185653687
0.12796461582183838
0.12598687410354614
0.12556810677051544
0.12509354948997498
0.1275486946105957
0.12776382267475128
0.1257917881011963
0.1286633163690567
0.12501364946365356
0.12553827464580536
0.12746185064315796
0.12576554715633392
0.12504057586193085
0.12755152583122253
0.13016575574874878
0.12642431259155273
0.1260203868150711
0.12268142402172089
0.12516747415065765
0.1261836290359497
0.12664738297462463
0.12412232160568237
0.12777286767959595
0.12626950442790985
0.12657639384269714
0.12487363815307617
0.12538745999336243
0.1257522851228714
0.12663188576698303
0.12418563663959503
0.12629444897174835
0.12742333114147186
0.12665404379367828
0.12496992200613022
0.12354304641485214
0.12573029100894928
0.1250377595424652
0.12757514417171478
0.13042283058166504
0.12417665868997574
0.12793922424316406
0.12406019866466522
0.12865066528320312
0.12569190561771393
0.12724365293979645
0.12553459405899048
0.12736104428768158
0.12456387281417847
0.12532846629619598
0.12915220856666565
0.1254747211933136
0.1264781653881073
0.1255786269903183
0.12517280876636505
0.12506061792373657
0.1250135451555252
0.12499973177909851
0.1249941810965538
0.12499259412288666
0.1249922439455986
0.12499218434095383
0.12499217689037323
0.12499217689037323
0.12499217689037323
0.12499217689037323
0.12499217689037323
0.12499217689037323
0.12499217689037323
0.12499217689037323
0.12499217689037323
0.12499217689037323
0.12499217689037323
0.12499217689037323
0.12499217689037323
0.12499217689037323
0.12499217689037323
0.12499217689037323
0.12499217689037323
0.12499217689037323
0.12499217689037323
0.12499217689037323
0.12499217689037323
0.12499217689037323
0.12499217689037323
0.12499217689037323
0.12499217689037323
0.12499217689037323
0.12499217689037323
0.12499217689037323
0.12499217689037323
0.12499217689037323
0.12499217689037323
0.12499217689037323
0.12499217689037323
0.12499217689037323
0.12499217689037323
0.12499217689037323
0.12499217689037323
0.12499217689037323
0.12499217689037323
0.12499217689037323
0.12499217689037323
0.12499217689037323
0.12499217689037323
0.12499217689037323
0.12499217689037323
0.12499217689037323
0.12499217689037323
0.12499217689037323
0.12499217689037323
0.12499217689037323
0.12499217689037323
0.12499217689037323
0.12499217689037323
0.12499217689037323
0.12499217689037323
0.12499217689037323
0.12499217689037323
0.12499217689037323
0.12499217689037323
0.12499217689037323
0.12499217689037323
0.12499217689037323
0.12499217689037323
0.12499217689037323
0.12499217689037323
0.12499217689037323
0.1254747211933136
0.1254747211933136
0.1254747211933136
0.1254747211933136
0.1254747211933136
0.1254747211933136
0.1254747211933136
0.1254747211933136
0.1254747211933136
0.1254747211933136
0.1254747211933136
0.1254747211933136
0.1254747211933136
0.1254747211933136
0.1254747211933136
0.1254747211933136
0.1254747211933136
0.1254747211933136
0.1254747211933136
0.1254747211933136
0.1254747211933136
0.1254747211933136
0.1254747211933136
0.1254747211933136
0.1254747211933136
