0.7664278745651245
0.7759219408035278
0.8850486278533936
0.8616527318954468
0.8616527318954468
0.8616527318954468
0.8616527318954468
0.8616527318954468
0.8616527318954468
0.8616527318954468
0.8616527318954468
0.8364282846450806
0.8364282846450806
0.8364282846450806
0.8364282846450806
0.8124066591262817
0.8124066591262817
0.7416163086891174
0.7416163086891174
0.7416163086891174
0.7416163086891174
0.7416163086891174
0.7416163086891174
0.7416163086891174
0.7416163086891174
0.7416163086891174
0.7416163086891174
0.7416163086891174
0.7416163086891174
0.7416163086891174
0.7416163086891174
0.7416163086891174
0.7416163086891174
0.7416163086891174
0.7416163086891174
0.7416163086891174
0.7416163086891174
0.7416163086891174
0.7416163086891174
0.7416163086891174
0.7416163086891174
0.7416163086891174
0.7416163086891174
0.7416163086891174
0.7133646607398987
0.7416163086891174
0.7416163086891174
0.7416163086891174
0.7416163086891174
0.7416163086891174
0.7416163086891174
0.7416163086891174
0.7416163086891174
0.7416163086891174
0.7416163086891174
0.7416163086891174
0.7416163086891174
0.7133646607398987
0.7416163086891174
0.7416163086891174
0.7416163086891174
0.7416163086891174
0.7133646607398987
0.7133646607398987
0.7133646607398987
0.7416163086891174
0.7133646607398987
0.7133646607398987
0.7133646607398987
0.7416163086891174
0.7133646607398987
0.7133646607398987
0.7133646607398987
0.7133646607398987
0.7133646607398987
0.7133646607398987
0.7133646607398987
0.7133646607398987
0.7133646607398987
0.7133646607398987
0.7133646607398987
0.7133646607398987
0.7133646607398987
0.7133646607398987
0.6925417184829712
0.7416163086891174
0.6925417184829712
0.6925417184829712
0.7133646607398987
0.6925417184829712
0.6925417184829712
0.6925417184829712
0.6925417184829712
0.6925417184829712
0.6925417184829712
0.6925417184829712
0.6925417184829712
0.6925417184829712
0.6925417184829712
0.6925417184829712
0.6672981977462769
0.6925417184829712
0.6672981977462769
0.6672981977462769
0.6376999020576477
0.6376999020576477
0.61183762550354
0.6376999020576477
0.5908935070037842
0.5586302280426025
0.22322434186935425
0.19562773406505585
0.1775309145450592
0.1350451111793518
0.10493910312652588
0.08007699251174927
0.06735116243362427
0.048262447118759155
0.04344192147254944
0.030792057514190674
0.03998380899429321
0.0315549373626709
0.031220167875289917
0.024726003408432007
0.02616328001022339
0.03014373779296875
0.022289499640464783
0.02120088040828705
0.022749751806259155
0.02147941291332245
0.020883314311504364
0.022014573216438293
0.021820873022079468
0.021147221326828003
0.02095106989145279
0.02336159348487854
0.020780719816684723
0.020375274121761322
0.021796561777591705
0.02162681519985199
0.021871618926525116
0.021808117628097534
0.021604523062705994
0.02124873548746109
0.02241293340921402
0.02045387029647827
0.02147475630044937
0.020772196352481842
0.026459813117980957
0.0220864936709404
0.02166382223367691
0.022219926118850708
0.021601557731628418
0.022307351231575012
0.020304836332798004
0.02135773003101349
0.02157142013311386
0.021498672664165497
0.02390572428703308
0.021357178688049316
0.021419286727905273
0.020468786358833313
0.021595925092697144
0.020222187042236328
0.022516973316669464
0.020626455545425415
0.021400518715381622
0.02150353044271469
0.020932637155056
0.020180143415927887
0.021577902138233185
0.028784871101379395
0.030819416046142578
0.021495871245861053
0.0329819917678833
0.02184811234474182
0.029503345489501953
0.028123855590820312
0.029073864221572876
0.028906196355819702
0.02902016043663025
0.029002994298934937
0.02901396155357361
0.02901369333267212
0.02901369333267212
0.02901369333267212
0.02901369333267212
0.02901369333267212
0.02901369333267212
0.02901369333267212
0.02901369333267212
0.02901369333267212
0.02901369333267212
0.02901369333267212
0.02901369333267212
0.02901369333267212
0.02901369333267212
0.02901369333267212
0.02901369333267212
0.02901369333267212
0.02901369333267212
0.02901369333267212
0.02901369333267212
0.02901369333267212
0.02901369333267212
0.02901369333267212
0.02901369333267212
0.02901369333267212
0.02901369333267212
0.02901369333267212
0.02901369333267212
0.02901369333267212
0.02901369333267212
0.02901369333267212
0.02901369333267212
0.02901369333267212
0.02901369333267212
0.02901369333267212
0.02901369333267212
0.02901369333267212
0.02901369333267212
0.02901369333267212
0.02901369333267212
0.02901369333267212
0.02901369333267212
0.02901369333267212
0.02901369333267212
0.02901369333267212
0.02901369333267212
0.02901369333267212
0.02901369333267212
0.02901369333267212
0.02901369333267212
0.02901369333267212
0.02901369333267212
0.02901369333267212
0.02901369333267212
0.02901369333267212
0.02901369333267212
0.02901369333267212
0.02901369333267212
0.02901369333267212
0.02901369333267212
0.02901369333267212
0.02901369333267212
0.02901369333267212
0.02901369333267212
0.02901369333267212
0.02901369333267212
0.02901369333267212
0.021495871245861053
0.021495871245861053
0.021495871245861053
0.021495871245861053
0.021495871245861053
0.021495871245861053
0.021495871245861053
0.021495871245861053
0.021495871245861053
0.021495871245861053
0.021495871245861053
0.021495871245861053
0.021495871245861053
0.021495871245861053
0.021495871245861053
0.021495871245861053
0.021495871245861053
0.021495871245861053
0.021495871245861053
0.021495871245861053
0.021495871245861053
0.021495871245861053
0.021495871245861053
0.021495871245861053
0.021495871245861053
