0.06237317994236946
0.0403255969285965
0.03310246393084526
0.030969923362135887
0.038728997111320496
0.03877091407775879
0.03868656978011131
0.0384906567633152
0.03873984515666962
0.04636559635400772
0.048951923847198486
0.04286392033100128
0.045886218547821045
0.04566319286823273
0.04568128287792206
0.040076762437820435
0.040043264627456665
0.037128038704395294
0.027947690337896347
0.029960133135318756
0.0297969002276659
0.027578530833125114
0.02963246963918209
0.03318878263235092
0.02949632704257965
0.02956289052963257
0.029333172366023064
0.029368212446570396
0.029192136600613594
0.029166916385293007
0.028990725055336952
0.028975147753953934
0.028883615508675575
0.02876940742135048
0.02870144322514534
0.028679588809609413
0.028632877394557
0.02864195965230465
0.028592191636562347
0.02854366973042488
0.02854001708328724
0.02855876460671425
0.028506144881248474
0.028529644012451172
0.024258781224489212
0.02837339974939823
0.02840457484126091
0.02831747941672802
0.02827468514442444
0.028262777253985405
0.02826111949980259
0.028191514313220978
0.028143780305981636
0.02803473174571991
0.027944911271333694
0.027828488498926163
0.027732031419873238
0.023503078147768974
0.02758662961423397
0.027504215016961098
0.02749164029955864
0.027468819171190262
0.023310301825404167
0.023241335526108742
0.02322976104915142
0.027441443875432014
0.023225443437695503
0.023222649469971657
0.023226521909236908
0.02745020017027855
0.02315915934741497
0.023202836513519287
0.0232480987906456
0.023195164278149605
0.02323906123638153
0.02319004386663437
0.023213684558868408
0.02324266918003559
0.023219699040055275
0.023220211267471313
0.023183034732937813
0.023223714902997017
0.02319594845175743
0.02318749949336052
0.01928647980093956
0.02745222859084606
0.01933521218597889
0.019307877868413925
0.023195723071694374
0.01928301714360714
0.01931060291826725
0.01938009262084961
0.019367733970284462
0.01933448202908039
0.019294217228889465
0.019334077835083008
0.019237762317061424
0.019308188930153847
0.019261274486780167
0.01923801749944687
0.015620500780642033
0.019237741827964783
0.01555313915014267
0.015562250278890133
0.012219238094985485
0.012192919850349426
0.009165353141725063
0.01214854046702385
0.006333466619253159
0.003753553843125701
0.0014892772305756807
0.001227941713295877
0.001019383897073567
0.000582272419705987
0.0003601950884331018
0.00021967328211758286
0.0001630545302759856
0.00010238785034744069
9.11867173272185e-05
7.49239043216221e-05
6.843901792308316e-05
5.5625354434596375e-05
5.215130659053102e-05
4.874403020949103e-05
4.581052053254098e-05
4.815188731299713e-05
4.340470695751719e-05
5.986560427118093e-05
4.1182829590979964e-05
4.521107257460244e-05
3.947072400478646e-05
3.927926445612684e-05
3.7840571167180315e-05
4.311305747251026e-05
4.135402195970528e-05
4.083204112248495e-05
4.402146805659868e-05
5.259428871795535e-05
3.58621655323077e-05
3.5246252082288265e-05
5.488983879331499e-05
3.8646812754450366e-05
3.4413089451845735e-05
3.3784748666221276e-05
3.915382330887951e-05
3.6432844353839755e-05
3.392686994629912e-05
4.078360871062614e-05
5.19300447194837e-05
3.999047476099804e-05
3.480949089862406e-05
3.870562431984581e-05
3.618377013481222e-05
3.991133053204976e-05
4.3401636503404006e-05
3.682339229271747e-05
3.528767410898581e-05
3.488285801722668e-05
4.508279016590677e-05
4.0064085624180734e-05
3.8076326745795086e-05
3.4578908525872976e-05
3.396463216631673e-05
3.417373227421194e-05
4.237772009219043e-05
3.53335817635525e-05
3.3131167583633214e-05
3.4871292882598937e-05
3.7258250813465565e-05
3.7159505154704675e-05
3.442066008574329e-05
6.235552427824587e-05
0.0001346744829788804
3.302855839137919e-05
0.00013857657904736698
6.298947118921205e-05
0.00010535531328059733
9.577260061632842e-05
0.00010184120765188709
0.00010067133553093299
0.00010141242819372565
0.00010129139991477132
0.00010136263153981417
0.00010135953198187053
0.0001013610017253086
0.00010136079072253779
0.00010136084165424109
0.00010136085620615631
0.00010136085620615631
0.00010136085620615631
0.00010136085620615631
0.00010136085620615631
0.00010136085620615631
0.00010136085620615631
0.00010136085620615631
0.00010136085620615631
0.00010136085620615631
0.00010136085620615631
0.00010136085620615631
0.00010136085620615631
0.00010136085620615631
0.00010136085620615631
0.00010136085620615631
0.00010136085620615631
0.00010136085620615631
0.00010136085620615631
0.00010136085620615631
0.00010136085620615631
0.00010136085620615631
0.00010136085620615631
0.00010136085620615631
0.00010136085620615631
0.00010136085620615631
0.00010136085620615631
0.00010136085620615631
0.00010136085620615631
0.00010136085620615631
0.00010136085620615631
0.00010136085620615631
0.00010136085620615631
0.00010136085620615631
0.00010136085620615631
0.00010136085620615631
0.00010136085620615631
0.00010136085620615631
0.00010136085620615631
0.00010136085620615631
0.00010136085620615631
0.00010136085620615631
0.00010136085620615631
0.00010136085620615631
0.00010136085620615631
0.00010136085620615631
0.00010136085620615631
0.00010136085620615631
0.00010136085620615631
0.00010136085620615631
0.00010136085620615631
0.00010136085620615631
0.00010136085620615631
0.00010136085620615631
0.00010136085620615631
0.00010136085620615631
0.00010136085620615631
0.00010136085620615631
0.00010136085620615631
0.00010136085620615631
0.00010136085620615631
0.00010136085620615631
0.00010136085620615631
3.302855839137919e-05
3.302855839137919e-05
3.302855839137919e-05
3.302855839137919e-05
3.302855839137919e-05
3.302855839137919e-05
3.302855839137919e-05
3.302855839137919e-05
3.302855839137919e-05
3.302855839137919e-05
3.302855839137919e-05
3.302855839137919e-05
3.302855839137919e-05
3.302855839137919e-05
3.302855839137919e-05
3.302855839137919e-05
3.302855839137919e-05
3.302855839137919e-05
3.302855839137919e-05
3.302855839137919e-05
3.302855839137919e-05
3.302855839137919e-05
3.302855839137919e-05
3.302855839137919e-05
3.302855839137919e-05
