0.29983213543891907
0.01861490122973919
0.014144660905003548
0.014160132966935635
0.014033102430403233
0.012769262306392193
0.014601082541048527
0.012515672482550144
0.014032523147761822
0.012404629960656166
0.014347376301884651
0.012255873531103134
0.014201450161635876
0.01199647318571806
0.013984042219817638
0.011655038222670555
0.013931088149547577
0.011309203691780567
0.013141727074980736
0.010832127183675766
0.012803008779883385
0.010489984415471554
0.012210879474878311
0.010144677013158798
0.011629835702478886
0.009524754248559475
0.011125723831355572
0.00849677249789238
0.00988031830638647
0.007584455888718367
0.008534794673323631
0.006787184625864029
0.00755044212564826
0.006389550864696503
0.0064964029006659985
0.005680499132722616
0.005418174900114536
0.005097785033285618
0.004998978227376938
0.004742975812405348
0.004751457367092371
0.004591240547597408
0.004675435833632946
0.004489433951675892
0.004560752306133509
0.004390457645058632
0.004493202082812786
0.004399283789098263
0.004307147115468979
0.004303023684769869
0.004188561346381903
0.004147424828261137
0.004068508744239807
0.00400268891826272
0.003995210863649845
0.003982236608862877
0.003935155458748341
0.0038681242149323225
0.0036900632549077272
0.003634123597294092
0.0036319028586149216
0.0031868591904640198
0.0029967199079692364
0.0028099750634282827
0.0028415764681994915
0.0026687439531087875
0.0026765046641230583
0.002649315632879734
0.0027274228632450104
0.0025925105437636375
0.00262697646394372
0.002642999170348048
0.0026155272498726845
0.002576825674623251
0.0026713048573583364
0.002555914456024766
0.0025781108997762203
0.002548494841903448
0.0026355234440416098
0.002600161824375391
0.002515215426683426
0.0025179272051900625
0.002675257157534361
0.0025133532471954823
0.0024964159820228815
0.0025755800306797028
0.0027073146775364876
0.0024980870075523853
0.0024740989319980145
0.002604707842692733
0.002459086710587144
0.002452006097882986
0.0024636525195091963
0.0024581369943916798
0.002420712262392044
0.0024424917064607143
0.002424578182399273
0.0025430815294384956
0.002423220546916127
0.0024604126811027527
0.0023756513837724924
0.002415827475488186
0.002441293327137828
0.0025065699592232704
0.0023347786627709866
0.0023757033050060272
0.002354542026296258
0.0023378098849207163
0.002302849665284157
0.0023552710190415382
0.002471703104674816
0.0026081495452672243
0.00264911912381649
0.0024723606184124947
0.0025038591120392084
0.0027602268382906914
0.002411388559266925
0.0023655593395233154
0.0021125467028468847
0.0019496678141877055
0.0020736600272357464
0.0017077254597097635
0.0016501200152561069
0.0016282644355669618
0.0018631163984537125
0.0015132901025936007
0.0014932749327272177
0.0014810411958023906
0.0019360154401510954
0.0015513397520408034
0.0015757193323224783
0.001840854063630104
0.0014228650834411383
0.0013904785737395287
0.001629499951377511
0.0016354924300685525
0.0013937227195128798
0.0017222504829987884
0.0022593161556869745
0.0013132778694853187
0.0013243384892120957
0.0017069790046662092
0.0013250294141471386
0.0013086885446682572
0.0014077090891078115
0.0014779557241126895
0.0017058980884030461
0.0013253018260002136
0.001491417526267469
0.0014995906967669725
0.001324978074990213
0.0012829671613872051
0.0014224066399037838
0.0013770605437457561
0.0013096850598230958
0.001684856484644115
0.0012875127140432596
0.00129911326803267
0.0013769996585324407
0.001439178828150034
0.001270559965632856
0.0014549854677170515
0.0019377721473574638
0.0013207593001425266
0.0017152589280158281
0.0013401221949607134
0.0016762109007686377
0.0012065967312082648
0.0013314576353877783
0.001269435859285295
0.001636819331906736
0.001306641148403287
0.001579573843628168
0.0029820718336850405
0.0012335266219452024
0.0025299666449427605
0.001634871936403215
0.0020099738612771034
0.0019043971551582217
0.001955922693014145
0.0019431767286732793
0.001949440105818212
0.0019481002818793058
0.0019487254321575165
0.0019486848032101989
0.0019486978417262435
0.0019486958626657724
0.001948696211911738
0.0019486965611577034
0.0019486965611577034
0.0019486965611577034
0.0019486965611577034
0.0019486965611577034
0.0019486965611577034
0.0019486965611577034
0.0019486965611577034
0.0019486965611577034
0.0019486965611577034
0.0019486965611577034
0.0019486965611577034
0.0019486965611577034
0.0019486965611577034
0.0019486965611577034
0.0019486965611577034
0.0019486965611577034
0.0019486965611577034
0.0019486965611577034
0.0019486965611577034
0.0019486965611577034
0.0019486965611577034
0.0019486965611577034
0.0019486965611577034
0.0019486965611577034
0.0019486965611577034
0.0019486965611577034
0.0019486965611577034
0.0019486965611577034
0.0019486965611577034
0.0019486965611577034
0.0019486965611577034
0.0019486965611577034
0.0019486965611577034
0.0019486965611577034
0.0019486965611577034
0.0019486965611577034
0.0019486965611577034
0.0019486965611577034
0.0019486965611577034
0.0019486965611577034
0.0019486965611577034
0.0019486965611577034
0.0019486965611577034
0.0019486965611577034
0.0019486965611577034
0.0019486965611577034
0.0019486965611577034
0.0019486965611577034
0.0019486965611577034
0.0019486965611577034
0.0019486965611577034
0.0019486965611577034
0.0019486965611577034
0.0019486965611577034
0.0019486965611577034
0.0019486965611577034
0.0019486965611577034
0.0019486965611577034
0.0019486965611577034
0.0019486965611577034
0.0019486965611577034
0.0019486965611577034
0.0012335266219452024
0.0012335266219452024
0.0012335266219452024
0.0012335266219452024
0.0012335266219452024
0.0012335266219452024
0.0012335266219452024
0.0012335266219452024
0.0012335266219452024
0.0012335266219452024
0.0012335266219452024
0.0012335266219452024
0.0012335266219452024
0.0012335266219452024
0.0012335266219452024
0.0012335266219452024
0.0012335266219452024
0.0012335266219452024
0.0012335266219452024
0.0012335266219452024
0.0012335266219452024
0.0012335266219452024
0.0012335266219452024
0.0012335266219452024
0.0012335266219452024
