0.31201285123825073
0.005582135170698166
0.005182658787816763
0.005159585736691952
0.00518179452046752
0.004989796318113804
0.005188824608922005
0.004926753230392933
0.0050987135618925095
0.004898775834590197
0.005119198467582464
0.0048646871000528336
0.00506935641169548
0.004809502046555281
0.005001857876777649
0.004734933841973543
0.004943160805851221
0.004644786939024925
0.004754877649247646
0.0045022484846413136
0.00466503668576479
0.004410732537508011
0.004549059085547924
0.004299148917198181
0.004404468461871147
0.004128249827772379
0.004235136788338423
0.003914716653525829
0.003994162194430828
0.0037190201692283154
0.0037818436976522207
0.00358913978561759
0.0036176564171910286
0.0034632408060133457
0.0033971653319895267
0.0032729869708418846
0.0032192538492381573
0.0031887011136859655
0.00317663187161088
0.003164803609251976
0.0031514146830886602
0.0031348008196800947
0.0031338681001216173
0.0031195711344480515
0.003123836824670434
0.0031173424795269966
0.003106700023636222
0.003101133042946458
0.003082492621615529
0.003075621323660016
0.0030603266786783934
0.003052752697840333
0.0030324512626975775
0.00301724742166698
0.002989956410601735
0.0029666866175830364
0.002913370495662093
0.0028487492818385363
0.0027643730863928795
0.0026775223668664694
0.002580178203061223
0.0025077073369175196
0.002459911862388253
0.0024321628734469414
0.0024175592698156834
0.0024094218388199806
0.0024021537974476814
0.00239901733584702
0.0024044536985456944
0.0023933802731335163
0.0023980513215065002
0.002404502360150218
0.0023922245018184185
0.0023910452146083117
0.0023898722138255835
0.002386583713814616
0.0023841047659516335
0.0023858551867306232
0.002396071795374155
0.0023917804937809706
0.0023823161609470844
0.002377197379246354
0.002398526528850198
0.0023744660429656506
0.0023744013160467148
0.002394377253949642
0.0023936608340591192
0.0023747303057461977
0.0023676801938563585
0.0023903537075966597
0.002366095781326294
0.0023623539600521326
0.002363303443416953
0.002363133244216442
0.002358857076615095
0.0023531680926680565
0.0023563001304864883
0.0023582829162478447
0.002353623742237687
0.002345484448596835
0.0023417421616613865
0.0023358098696917295
0.0023415901232510805
0.0023299071472138166
0.0023221494629979134
0.0023200432769954205
0.00230833375826478
0.0022939862683415413
0.0022893238347023726
0.0022659720852971077
0.0022503563668578863
0.0022460317704826593
0.0022242742124944925
0.002160751260817051
0.0019963737577199936
0.0018640548223629594
0.0015186843229457736
0.0013362942263484001
0.0010898301843553782
0.0010169879533350468
0.0009760883986018598
0.0008459202945232391
0.0007737113628536463
0.0007388260564766824
0.0007430759142152965
0.0006819774862378836
0.0006902899476699531
0.0006637251935899258
0.0008907404844649136
0.0006350531475618482
0.0007199143874458969
0.0006534774438478053
0.0006271365564316511
0.0006001833826303482
0.0007059390773065388
0.0006865884060971439
0.0006233211024664342
0.0007260566926561296
0.0008334394660778344
0.0005786439287476242
0.0005749713745899498
0.0008258186862803996
0.0006326932343654335
0.0005698369350284338
0.0005775524186901748
0.0006082445615902543
0.0006377684185281396
0.0005663694464601576
0.0006916835554875433
0.0007196415681391954
0.0006151801208034158
0.000569819996599108
0.0006166612729430199
0.000587028858717531
0.0006139754550531507
0.0007371869287453592
0.0006306430441327393
0.0005767045076936483
0.0005746238166466355
0.0006749919848516583
0.0006709729786962271
0.0006131458794698119
0.0006164098740555346
0.0005688312230631709
0.0006196668255142868
0.0006314691272564232
0.0005968360928818583
0.0005664906348101795
0.0005741482018493116
0.000646898290142417
0.0006645671091973782
0.0005702964263036847
0.0008098715334199369
0.001519582001492381
0.0005587547784671187
0.0015520413871854544
0.0009575520525686443
0.0013204364804551005
0.0012463325401768088
0.001293581328354776
0.0012845846358686686
0.0012902718735858798
0.00128934346139431
0.0012898900313302875
0.001289866864681244
0.0012898781569674611
0.0012898766435682774
0.001289876876398921
0.0012898771092295647
0.0012898772256448865
0.0012898772256448865
0.0012898772256448865
0.0012898772256448865
0.0012898772256448865
0.0012898772256448865
0.0012898772256448865
0.0012898772256448865
0.0012898772256448865
0.0012898772256448865
0.0012898772256448865
0.0012898772256448865
0.0012898772256448865
0.0012898772256448865
0.0012898772256448865
0.0012898772256448865
0.0012898772256448865
0.0012898772256448865
0.0012898772256448865
0.0012898772256448865
0.0012898772256448865
0.0012898772256448865
0.0012898772256448865
0.0012898772256448865
0.0012898772256448865
0.0012898772256448865
0.0012898772256448865
0.0012898772256448865
0.0012898772256448865
0.0012898772256448865
0.0012898772256448865
0.0012898772256448865
0.0012898772256448865
0.0012898772256448865
0.0012898772256448865
0.0012898772256448865
0.0012898772256448865
0.0012898772256448865
0.0012898772256448865
0.0012898772256448865
0.0012898772256448865
0.0012898772256448865
0.0012898772256448865
0.0012898772256448865
0.0012898772256448865
0.0012898772256448865
0.0012898772256448865
0.0012898772256448865
0.0012898772256448865
0.0012898772256448865
0.0012898772256448865
0.0012898772256448865
0.0012898772256448865
0.0012898772256448865
0.0012898772256448865
0.0012898772256448865
0.0012898772256448865
0.0012898772256448865
0.0012898772256448865
0.0012898772256448865
0.0012898772256448865
0.0012898772256448865
0.0005587547784671187
0.0005587547784671187
0.0005587547784671187
0.0005587547784671187
0.0005587547784671187
0.0005587547784671187
0.0005587547784671187
0.0005587547784671187
0.0005587547784671187
0.0005587547784671187
0.0005587547784671187
0.0005587547784671187
0.0005587547784671187
0.0005587547784671187
0.0005587547784671187
0.0005587547784671187
0.0005587547784671187
0.0005587547784671187
0.0005587547784671187
0.0005587547784671187
0.0005587547784671187
0.0005587547784671187
0.0005587547784671187
0.0005587547784671187
0.0005587547784671187
