243.58616638183594
0.4731818437576294
0.9244919419288635
0.41790613532066345
0.8943074941635132
0.6079313158988953
0.8152756690979004
0.5554875135421753
0.8416424989700317
0.5235572457313538
0.9001198410987854
0.5150550007820129
0.8809938430786133
0.5211778879165649
0.8506168127059937
0.5492123961448669
0.8629074096679688
0.5433498620986938
0.7976451516151428
0.5465736985206604
0.7527725696563721
0.5803195834159851
0.6788659691810608
0.6040623188018799
0.6743265986442566
0.554051399230957
0.6312525868415833
0.48764052987098694
0.5407453179359436
0.4405922591686249
0.5117064714431763
0.42901626229286194
0.4714213013648987
0.3996773362159729
0.47126102447509766
0.35180580615997314
0.3952486217021942
0.3480674624443054
0.3404346704483032
0.3454143702983856
0.34817323088645935
0.34862378239631653
0.3489859402179718
0.3593073785305023
0.3320225775241852
0.4707004725933075
0.3807910978794098
0.34719860553741455
0.39646127820014954
0.38385438919067383
0.3868443965911865
0.34205061197280884
0.35361605882644653
0.35537493228912354
0.3577587604522705
0.3928634524345398
0.38898923993110657
0.37995168566703796
0.4074050784111023
0.36331456899642944
0.37558743357658386
0.36086544394493103
0.35736119747161865
0.367506206035614
0.3813037872314453
0.39201781153678894
0.35421454906463623
0.3811987042427063
0.3757287859916687
0.3728407323360443
0.33450645208358765
0.4566652476787567
0.3823517858982086
0.3463621735572815
0.3788452744483948
0.34554052352905273
0.38014712929725647
0.3606375753879547
0.3427668809890747
0.3549588620662689
0.3476503789424896
0.36990728974342346
0.3469173014163971
0.34930160641670227
0.3570641577243805
0.44896718859672546
0.31184810400009155
0.3855556845664978
0.392141193151474
0.34635433554649353
0.3981286585330963
0.3729163706302643
0.34461456537246704
0.3420850932598114
0.3409746289253235
0.35015958547592163
0.3314576745033264
0.3734934329986572
0.33358368277549744
0.34242531657218933
0.35813015699386597
0.37617674469947815
0.3457447290420532
0.38005948066711426
0.35981273651123047
0.3891509473323822
0.36944779753685
0.4044343829154968
0.3384278118610382
0.3875342011451721
0.3915078639984131
0.4078139364719391
0.43092769384384155
0.4394862651824951
0.4830058515071869
0.5169335007667542
0.39096301794052124
0.33140861988067627
0.27874431014060974
0.27019914984703064
0.25130993127822876
0.2433100789785385
0.2413531094789505
0.23965300619602203
0.2374192178249359
0.24275562167167664
0.24247194826602936
0.24857309460639954
0.2504868507385254
0.24785800278186798
0.25184518098831177
0.2461254894733429
0.25407490134239197
0.25182661414146423
0.2574045956134796
0.25633683800697327
0.25468406081199646
0.2614781856536865
0.26402655243873596
0.2606612741947174
0.25876498222351074
0.28303903341293335
0.27078574895858765
0.2628692090511322
0.2626463770866394
0.2677941918373108
0.26504576206207275
0.26302632689476013
0.27547743916511536
0.26039302349090576
0.26265087723731995
0.26628777384757996
0.25792422890663147
0.2697277069091797
0.2643984854221344
0.2846716344356537
0.28542643785476685
0.27099913358688354
0.2714884281158447
0.25960487127304077
0.29425549507141113
0.2607403099536896
0.276955246925354
0.27839308977127075
0.2777084410190582
0.26935067772865295
0.26162371039390564
0.282427042722702
0.26614776253700256
0.29411956667900085
0.28707852959632874
0.27223244309425354
0.258106529712677
0.3362698256969452
0.2793940007686615
0.34544262290000916
0.3139263987541199
0.3391045928001404
0.33579427003860474
0.33840441703796387
0.3380623757839203
0.33833226561546326
0.3382951021194458
0.3383215069770813
0.33832162618637085
0.33832186460494995
0.33832165598869324
0.33832183480262756
0.33832183480262756
0.33832183480262756
0.33832183480262756
0.33832183480262756
0.33832183480262756
0.33832183480262756
0.33832183480262756
0.33832183480262756
0.33832183480262756
0.33832183480262756
0.33832183480262756
0.33832183480262756
0.33832183480262756
0.33832183480262756
0.33832183480262756
0.33832183480262756
0.33832183480262756
0.33832183480262756
0.33832183480262756
0.33832183480262756
0.33832183480262756
0.33832183480262756
0.33832183480262756
0.33832183480262756
0.33832183480262756
0.33832183480262756
0.33832183480262756
0.33832183480262756
0.33832183480262756
0.33832183480262756
0.33832183480262756
0.33832183480262756
0.33832183480262756
0.33832183480262756
0.33832183480262756
0.33832183480262756
0.33832183480262756
0.33832183480262756
0.33832183480262756
0.33832183480262756
0.33832183480262756
0.33832183480262756
0.33832183480262756
0.33832183480262756
0.33832183480262756
0.33832183480262756
0.33832183480262756
0.33832183480262756
0.33832183480262756
0.33832183480262756
0.33832183480262756
0.33832183480262756
0.33832183480262756
0.33832183480262756
0.33832183480262756
0.33832183480262756
0.33832183480262756
0.33832183480262756
0.33832183480262756
0.33832183480262756
0.33832183480262756
0.33832183480262756
0.33832183480262756
0.2793940007686615
0.2793940007686615
0.2793940007686615
0.2793940007686615
0.2793940007686615
0.2793940007686615
0.2793940007686615
0.2793940007686615
0.2793940007686615
0.2793940007686615
0.2793940007686615
0.2793940007686615
0.2793940007686615
0.2793940007686615
0.2793940007686615
0.2793940007686615
0.2793940007686615
0.2793940007686615
0.2793940007686615
0.2793940007686615
0.2793940007686615
0.2793940007686615
0.2793940007686615
0.2793940007686615
0.2793940007686615
