1.2777459621429443
0.17208677530288696
0.2791619300842285
0.21420423686504364
0.2777973711490631
0.22780627012252808
0.2856639623641968
0.24055303633213043
0.28187137842178345
0.23544985055923462
0.28674912452697754
0.23597006499767303
0.286790132522583
0.2366926521062851
0.2858860492706299
0.23850108683109283
0.2870502471923828
0.23843252658843994
0.28240203857421875
0.23998092114925385
0.28034278750419617
0.24153323471546173
0.2761259973049164
0.24212472140789032
0.27344995737075806
0.2380063235759735
0.2714122235774994
0.2287566214799881
0.2643882632255554
0.2216777205467224
0.2562209963798523
0.21329550445079803
0.24903833866119385
0.21023468673229218
0.23745034635066986
0.2114766240119934
0.22662055492401123
0.21467258036136627
0.22651825845241547
0.21922177076339722
0.2213720977306366
0.21615004539489746
0.21709774434566498
0.21759174764156342
0.22137489914894104
0.21623067557811737
0.21535488963127136
0.21730150282382965
0.21583321690559387
0.21323361992835999
0.21422268450260162
0.21502399444580078
0.21349895000457764
0.214164599776268
0.21554183959960938
0.2117534577846527
0.21577464044094086
0.2142409235239029
0.21464155614376068
0.21096381545066833
0.21686702966690063
0.2132217139005661
0.21338269114494324
0.21539483964443207
0.21773414313793182
0.21516284346580505
0.21614649891853333
0.21523627638816833
0.21584810316562653
0.21473193168640137
0.21553756296634674
0.21532921493053436
0.21575400233268738
0.2129838615655899
0.21653568744659424
0.21456032991409302
0.21443955600261688
0.21218331158161163
0.2128850370645523
0.21280018985271454
0.21264831721782684
0.21339206397533417
0.21091721951961517
0.21428349614143372
0.2126329094171524
0.21233953535556793
0.21718266606330872
0.21399669349193573
0.21403002738952637
0.21136759221553802
0.2131652683019638
0.21152450144290924
0.21079976856708527
0.21162234246730804
0.2133486121892929
0.21443331241607666
0.21291868388652802
0.21559666097164154
0.2120991349220276
0.21494486927986145
0.2113477736711502
0.21478484570980072
0.21037878096103668
0.21551652252674103
0.2131047248840332
0.21352262794971466
0.21454577147960663
0.2138458788394928
0.21511997282505035
0.21491380035877228
0.21613256633281708
0.2164515256881714
0.2164229303598404
0.21462224423885345
0.2114495486021042
0.21451687812805176
0.21263781189918518
0.21487975120544434
0.2144044041633606
0.21126839518547058
0.21476846933364868
0.21451953053474426
0.21369168162345886
0.21440380811691284
0.21600192785263062
0.21297749876976013
0.21237269043922424
0.2115211933851242
0.21547096967697144
0.2157869189977646
0.21277908980846405
0.21728409826755524
0.21147780120372772
0.21240559220314026
0.21523864567279816
0.21267476677894592
0.21162530779838562
0.2153458148241043
0.21939702332019806
0.21348460018634796
0.212898850440979
0.20767177641391754
0.21152156591415405
0.21314819157123566
0.2140270322561264
0.2099720686674118
0.2159314751625061
0.21345879137516022
0.21397003531455994
0.21091525256633759
0.21179981529712677
0.2124207466840744
0.21400628983974457
0.21034769713878632
0.21306106448173523
0.2153456211090088
0.21390493214130402
0.21147416532039642
0.20921838283538818
0.2126566618680954
0.21144212782382965
0.2154080867767334
0.219641774892807
0.21018050611019135
0.2160177379846573
0.20942169427871704
0.21678325533866882
0.2124374955892563
0.2147943079471588
0.21238623559474945
0.21527022123336792
0.21073995530605316
0.2118305116891861
0.2179851233959198
0.2121923714876175
0.2139967828989029
0.21256563067436218
0.2119753211736679
0.21179841458797455
0.2117287814617157
0.21170705556869507
0.2116987556219101
0.21169625222682953
0.21169571578502655
0.2116956263780594
0.2116956263780594
0.2116956263780594
0.2116956263780594
0.2116956263780594
0.2116956263780594
0.2116956263780594
0.2116956263780594
0.2116956263780594
0.2116956263780594
0.2116956263780594
0.2116956263780594
0.2116956263780594
0.2116956263780594
0.2116956263780594
0.2116956263780594
0.2116956263780594
0.2116956263780594
0.2116956263780594
0.2116956263780594
0.2116956263780594
0.2116956263780594
0.2116956263780594
0.2116956263780594
0.2116956263780594
0.2116956263780594
0.2116956263780594
0.2116956263780594
0.2116956263780594
0.2116956263780594
0.2116956263780594
0.2116956263780594
0.2116956263780594
0.2116956263780594
0.2116956263780594
0.2116956263780594
0.2116956263780594
0.2116956263780594
0.2116956263780594
0.2116956263780594
0.2116956263780594
0.2116956263780594
0.2116956263780594
0.2116956263780594
0.2116956263780594
0.2116956263780594
0.2116956263780594
0.2116956263780594
0.2116956263780594
0.2116956263780594
0.2116956263780594
0.2116956263780594
0.2116956263780594
0.2116956263780594
0.2116956263780594
0.2116956263780594
0.2116956263780594
0.2116956263780594
0.2116956263780594
0.2116956263780594
0.2116956263780594
0.2116956263780594
0.2116956263780594
0.2116956263780594
0.2116956263780594
0.2116956263780594
0.2116956263780594
0.21158277988433838
0.211635023355484
0.21164679527282715
0.21164947748184204
0.2116510421037674
0.21167327463626862
0.21167097985744476
0.21166309714317322
0.21166005730628967
0.21165731549263
0.21167047321796417
0.21166583895683289
0.21167011559009552
0.21166661381721497
0.2116600126028061
0.21167244017124176
0.21165485680103302
0.21166405081748962
0.21166518330574036
0.21167153120040894
0.2116624414920807
0.21166616678237915
0.21167044341564178
0.2116636335849762
0.21165816485881805
