1.2780975103378296
0.1720883846282959
0.27916350960731506
0.21420633792877197
0.2777974009513855
0.22780926525592804
0.285666286945343
0.24055515229701996
0.28187325596809387
0.2354520559310913
0.2867513597011566
0.23597224056720734
0.28679218888282776
0.23669496178627014
0.2858884930610657
0.23850363492965698
0.28705301880836487
0.23843532800674438
0.28240475058555603
0.23998427391052246
0.2803458571434021
0.24153730273246765
0.2761290669441223
0.2421298623085022
0.2734532356262207
0.23801279067993164
0.27141696214675903
0.228764146566391
0.2643936276435852
0.22168812155723572
0.2562274634838104
0.21330781280994415
0.24904568493366241
0.21024778485298157
0.23745815455913544
0.21148617565631866
0.226627379655838
0.2146802395582199
0.2265249639749527
0.21922975778579712
0.2213781177997589
0.21615611016750336
0.21710239350795746
0.21759718656539917
0.2213798463344574
0.21623508632183075
0.21535822749137878
0.2173059582710266
0.21583648025989532
0.21323668956756592
0.21422593295574188
0.2150273472070694
0.2135021835565567
0.21416771411895752
0.21554499864578247
0.21175572276115417
0.2157769501209259
0.21424326300621033
0.21464359760284424
0.2109656184911728
0.21686923503875732
0.21322375535964966
0.21338458359241486
0.21539677679538727
0.217736154794693
0.21516463160514832
0.21614839136600494
0.21523822844028473
0.21584995090961456
0.2147335559129715
0.21553930640220642
0.21533098816871643
0.21575585007667542
0.21298548579216003
0.2165374457836151
0.21456199884414673
0.21444128453731537
0.21218493580818176
0.21288669109344482
0.21280167996883392
0.21264980733394623
0.21339371800422668
0.2109188288450241
0.21428515017032623
0.21263457834720612
0.2123412787914276
0.21718470752239227
0.2139979749917984
0.21403151750564575
0.21136927604675293
0.21316668391227722
0.2115260362625122
0.21080121397972107
0.21162396669387817
0.21334999799728394
0.21443505585193634
0.21292024850845337
0.21559815108776093
0.21210066974163055
0.21494649350643158
0.21134893596172333
0.21478663384914398
0.21038015186786652
0.2155182808637619
0.21310609579086304
0.21352434158325195
0.21454718708992004
0.21384745836257935
0.21512146294116974
0.21491536498069763
0.2161344438791275
0.21645352244377136
0.2164250910282135
0.21462459862232208
0.2114524394273758
0.2145201563835144
0.21264174580574036
0.21488434076309204
0.21440909802913666
0.2112727165222168
0.2147735208272934
0.21452414989471436
0.21369649469852448
0.214408740401268
0.21600723266601562
0.21298252046108246
0.2123776525259018
0.21152611076831818
0.21547655761241913
0.21579259634017944
0.21278461813926697
0.217289999127388
0.21148307621479034
0.2124110609292984
0.21524453163146973
0.2126806229352951
0.2116309106349945
0.21535176038742065
0.21940340101718903
0.21349039673805237
0.2129046618938446
0.20767730474472046
0.21152718365192413
0.21315397322177887
0.21403302252292633
0.20997746288776398
0.21593773365020752
0.21346458792686462
0.21397612988948822
0.2109205275774002
0.21180543303489685
0.2124265879392624
0.21401219069957733
0.21035364270210266
0.21306638419628143
0.21535217761993408
0.21391095221042633
0.21148009598255157
0.20922429859638214
0.21266227960586548
0.2114480584859848
0.21541400253772736
0.2196483165025711
0.2101864069700241
0.2160242348909378
0.20942692458629608
0.2167896032333374
0.2124435305595398
0.21480019390583038
0.21239246428012848
0.21527662873268127
0.2107456922531128
0.21183562278747559
0.21799184381961823
0.21219834685325623
0.214003324508667
0.21257206797599792
0.21198174357414246
0.2118048369884491
0.21173521876335144
0.21171346306800842
0.21170519292354584
0.21170265972614288
0.2117021530866623
0.21170206367969513
0.21170206367969513
0.21170206367969513
0.21170206367969513
0.21170206367969513
0.21170206367969513
0.21170206367969513
0.21170206367969513
0.21170206367969513
0.21170206367969513
0.21170206367969513
0.21170206367969513
0.21170206367969513
0.21170206367969513
0.21170206367969513
0.21170206367969513
0.21170206367969513
0.21170206367969513
0.21170206367969513
0.21170206367969513
0.21170206367969513
0.21170206367969513
0.21170206367969513
0.21170206367969513
0.21170206367969513
0.21170206367969513
0.21170206367969513
0.21170206367969513
0.21170206367969513
0.21170206367969513
0.21170206367969513
0.21170206367969513
0.21170206367969513
0.21170206367969513
0.21170206367969513
0.21170206367969513
0.21170206367969513
0.21170206367969513
0.21170206367969513
0.21170206367969513
0.21170206367969513
0.21170206367969513
0.21170206367969513
0.21170206367969513
0.21170206367969513
0.21170206367969513
0.21170206367969513
0.21170206367969513
0.21170206367969513
0.21170206367969513
0.21170206367969513
0.21170206367969513
0.21170206367969513
0.21170206367969513
0.21170206367969513
0.21170206367969513
0.21170206367969513
0.21170206367969513
0.21170206367969513
0.21170206367969513
0.21170206367969513
0.21170206367969513
0.21170206367969513
0.21170206367969513
0.21170206367969513
0.21170206367969513
0.21170206367969513
0.21219834685325623
0.21219834685325623
0.21219834685325623
0.21219834685325623
0.21219834685325623
0.21219834685325623
0.21219834685325623
0.21219834685325623
0.21219834685325623
0.21219834685325623
0.21219834685325623
0.21219834685325623
0.21219834685325623
0.21219834685325623
0.21219834685325623
0.21219834685325623
0.21219834685325623
0.21219834685325623
0.21219834685325623
0.21219834685325623
0.21219834685325623
0.21219834685325623
0.21219834685325623
0.21219834685325623
0.21219834685325623
