-0.030176639556884766
-0.0002353191375732422
-0.0006868839263916016
-0.0002987384796142578
-0.0006647109985351562
-0.0003631114959716797
-0.0007071495056152344
-0.00041222572326660156
-0.0006899833679199219
-0.00040078163146972656
-0.0007297992706298828
-0.00041174888610839844
-0.0007464885711669922
-0.0004177093505859375
-0.0007407665252685547
-0.000431060791015625
-0.0007610321044921875
-0.0004436969757080078
-0.0007479190826416016
-0.0004725456237792969
-0.0007538795471191406
-0.0004982948303222656
-0.0007412433624267578
-0.0005247592926025391
-0.0007481575012207031
-0.0005514621734619141
-0.0007801055908203125
-0.0005691051483154297
-0.0008051395416259766
-0.0006673336029052734
-0.0008416175842285156
-0.0007424354553222656
-0.0008599758148193359
-0.0008108615875244141
-0.0008301734924316406
-0.0007102489471435547
-0.0007679462432861328
-0.0006632804870605469
-0.0007462501525878906
-0.0007126331329345703
-0.0006835460662841797
-0.0006644725799560547
-0.0006427764892578125
-0.0006728172302246094
-0.0007176399230957031
-0.0006659030914306641
-0.0006144046783447266
-0.0006940364837646484
-0.0006418228149414062
-0.0006172657012939453
-0.0006313323974609375
-0.0006401538848876953
-0.000614166259765625
-0.0006167888641357422
-0.0006010532379150391
-0.0005450248718261719
-0.0005431175231933594
-0.0005185604095458984
-0.0005109310150146484
-0.00045299530029296875
-0.0004963874816894531
-0.000476837158203125
-0.0005075931549072266
-0.0005364418029785156
-0.0005910396575927734
-0.0005791187286376953
-0.0005924701690673828
-0.0005993843078613281
-0.0006263256072998047
-0.0006110668182373047
-0.0006062984466552734
-0.0006501674652099609
-0.0006244182586669922
-0.0006036758422851562
-0.0006430149078369141
-0.0006155967712402344
-0.0006244182586669922
-0.0006067752838134766
-0.0005857944488525391
-0.0005979537963867188
-0.0006084442138671875
-0.0006248950958251953
-0.0005838871002197266
-0.0006253719329833984
-0.0006129741668701172
-0.0006358623504638672
-0.0006084442138671875
-0.0006420612335205078
-0.0006413459777832031
-0.0006005764007568359
-0.0006420612335205078
-0.0006227493286132812
-0.0006079673767089844
-0.000606536865234375
-0.0006229877471923828
-0.0006277561187744141
-0.0006098747253417969
-0.0006678104400634766
-0.0006124973297119141
-0.0006489753723144531
-0.0006277561187744141
-0.0006556510925292969
-0.0006129741668701172
-0.0006716251373291016
-0.0006561279296875
-0.0006537437438964844
-0.0006668567657470703
-0.0006809234619140625
-0.0006563663482666016
-0.0006971359252929688
-0.0007092952728271484
-0.0007269382476806641
-0.0007398128509521484
-0.0007345676422119141
-0.0007421970367431641
-0.0007960796356201172
-0.0007784366607666016
-0.0008008480072021484
-0.000804901123046875
-0.0007789134979248047
-0.0008075237274169922
-0.0007538795471191406
-0.000751495361328125
-0.0007455348968505859
-0.0007548332214355469
-0.0007216930389404297
-0.0007069110870361328
-0.0007195472717285156
-0.0007636547088623047
-0.0007312297821044922
-0.0007271766662597656
-0.0007476806640625
-0.0007145404815673828
-0.0007069110870361328
-0.0007467269897460938
-0.0007293224334716797
-0.0006968975067138672
-0.00075531005859375
-0.0007853507995605469
-0.0007195472717285156
-0.0007145404815673828
-0.0007126331329345703
-0.0007219314575195312
-0.0007188320159912109
-0.00072479248046875
-0.0006923675537109375
-0.0007443428039550781
-0.0007174015045166016
-0.0007426738739013672
-0.0006759166717529297
-0.0006968975067138672
-0.0007100105285644531
-0.0007069110870361328
-0.0006988048553466797
-0.0007040500640869141
-0.0007576942443847656
-0.0007419586181640625
-0.0007047653198242188
-0.0006964206695556641
-0.0006842613220214844
-0.0007317066192626953
-0.0007121562957763672
-0.0007679462432861328
-0.0007026195526123047
-0.0007491111755371094
-0.0007042884826660156
-0.0007276535034179688
-0.0007252693176269531
-0.0007154941558837891
-0.0007367134094238281
-0.0007536411285400391
-0.0006959438323974609
-0.0006546974182128906
-0.000820159912109375
-0.0007128715515136719
-0.0008051395416259766
-0.0007641315460205078
-0.0007855892181396484
-0.000782012939453125
-0.0007836818695068359
-0.0007832050323486328
-0.0007834434509277344
-0.0007834434509277344
-0.0007834434509277344
-0.0007834434509277344
-0.0007834434509277344
-0.0007834434509277344
-0.0007834434509277344
-0.0007834434509277344
-0.0007834434509277344
-0.0007834434509277344
-0.0007834434509277344
-0.0007834434509277344
-0.0007834434509277344
-0.0007834434509277344
-0.0007834434509277344
-0.0007834434509277344
-0.0007834434509277344
-0.0007834434509277344
-0.0007834434509277344
-0.0007834434509277344
-0.0007834434509277344
-0.0007834434509277344
-0.0007834434509277344
-0.0007834434509277344
-0.0007834434509277344
-0.0007834434509277344
-0.0007834434509277344
-0.0007834434509277344
-0.0007834434509277344
-0.0007834434509277344
-0.0007834434509277344
-0.0007834434509277344
-0.0007834434509277344
-0.0007834434509277344
-0.0007834434509277344
-0.0007834434509277344
-0.0007834434509277344
-0.0007834434509277344
-0.0007834434509277344
-0.0007834434509277344
-0.0007834434509277344
-0.0007834434509277344
-0.0007834434509277344
-0.0007834434509277344
-0.0007834434509277344
-0.0007834434509277344
-0.0007834434509277344
-0.0007834434509277344
-0.0007834434509277344
-0.0007834434509277344
-0.0007834434509277344
-0.0007834434509277344
-0.0007834434509277344
-0.0007834434509277344
-0.0007834434509277344
-0.0007834434509277344
-0.0007834434509277344
-0.0007834434509277344
-0.0007834434509277344
-0.0007834434509277344
-0.0007834434509277344
-0.0007834434509277344
-0.0007834434509277344
-0.0007834434509277344
-0.0007834434509277344
-0.0007834434509277344
-0.0007834434509277344
-0.0007834434509277344
-0.0007834434509277344
-0.0007834434509277344
-0.0007128715515136719
-0.0007128715515136719
-0.0007128715515136719
-0.0007128715515136719
-0.0007128715515136719
-0.0007128715515136719
-0.0007128715515136719
-0.0007128715515136719
-0.0007128715515136719
-0.0007128715515136719
-0.0007128715515136719
-0.0007128715515136719
-0.0007128715515136719
-0.0007128715515136719
-0.0007128715515136719
-0.0007128715515136719
-0.0007128715515136719
-0.0007128715515136719
-0.0007128715515136719
-0.0007128715515136719
-0.0007128715515136719
-0.0007128715515136719
-0.0007128715515136719
-0.0007128715515136719
-0.0007128715515136719
