0.6087453961372375
0.09295079857110977
0.14989881217479706
0.11613404750823975
0.1507009118795395
0.1240505799651146
0.15506160259246826
0.13112443685531616
0.15326908230781555
0.12856951355934143
0.1560267210006714
0.12899735569953918
0.15625791251659393
0.1295456737279892
0.1559722125530243
0.13073064386844635
0.15683290362358093
0.1309199333190918
0.15464890003204346
0.13207212090492249
0.15406499803066254
0.13356344401836395
0.152430921792984
0.1348000466823578
0.1517440378665924
0.1337023675441742
0.15161700546741486
0.12987105548381805
0.1489347517490387
0.12764853239059448
0.14527393877506256
0.12370021641254425
0.1418994665145874
0.12229952961206436
0.13628490269184113
0.12283191829919815
0.13092346489429474
0.12464537471532822
0.1312864124774933
0.12785618007183075
0.12888503074645996
0.12639592587947845
0.12680761516094208
0.12764431536197662
0.13004569709300995
0.1272118091583252
0.1267760843038559
0.12835630774497986
0.12746407091617584
0.1261492669582367
0.126776322722435
0.12747439742088318
0.12657928466796875
0.12712028622627258
0.12801368534564972
0.12577489018440247
0.12830740213394165
0.12751071155071259
0.12771789729595184
0.12540383636951447
0.12888993322849274
0.12651492655277252
0.1264895349740982
0.12761163711547852
0.12911675870418549
0.1274551898241043
0.12805065512657166
0.1274784803390503
0.12793494760990143
0.12726230919361115
0.12777462601661682
0.12773534655570984
0.12796129286289215
0.12627001106739044
0.12851443886756897
0.12728841602802277
0.1272079050540924
0.12590186297893524
0.1262226700782776
0.12627319991588593
0.12630365788936615
0.126713365316391
0.12515006959438324
0.12733277678489685
0.12630343437194824
0.12618008255958557
0.12903425097465515
0.12719835340976715
0.12720857560634613
0.12565411627292633
0.12675251066684723
0.12575498223304749
0.12523052096366882
0.1257818192243576
0.12700863182544708
0.12758903205394745
0.1266127973794937
0.12840776145458221
0.1262010782957077
0.12793120741844177
0.12583523988723755
0.12792332470417023
0.12515190243721008
0.128305122256279
0.12689457833766937
0.12710052728652954
0.1277020424604416
0.12744936347007751
0.12819144129753113
0.12809720635414124
0.12881682813167572
0.1291024535894394
0.12913665175437927
0.12790492177009583
0.12594227492809296
0.1279468536376953
0.1267579197883606
0.1280791461467743
0.12766005098819733
0.12565746903419495
0.12778373062610626
0.12776322662830353
0.12724526226520538
0.127735435962677
0.1287195235490799
0.12670864164829254
0.12627491354942322
0.1258130818605423
0.12831243872642517
0.12849515676498413
0.12651890516281128
0.1294109970331192
0.12572814524173737
0.12624526023864746
0.12820859253406525
0.12649491429328918
0.12573739886283875
0.12830673158168793
0.1309511363506317
0.12714378535747528
0.12673480808734894
0.1233939379453659
0.1258893609046936
0.12690235674381256
0.12737217545509338
0.12481464445590973
0.12851713597774506
0.12698687613010406
0.12731918692588806
0.12554959952831268
0.12608443200588226
0.12646235525608063
0.12733867764472961
0.1248844638466835
0.12699849903583527
0.12818102538585663
0.12739598751068115
0.1256747990846634
0.1242394894361496
0.12641455233097076
0.1257694661617279
0.12828736007213593
0.13119076192378998
0.12487930804491043
0.12868836522102356
0.1247645914554596
0.1293782889842987
0.12641723453998566
0.12795911729335785
0.1262713372707367
0.12811458110809326
0.12525980174541473
0.12598305940628052
0.12997236847877502
0.12618760764598846
0.12728333473205566
0.12634266912937164
0.12595848739147186
0.12584270536899567
0.12579716742038727
0.1257830560207367
0.12577760219573975
0.12577597796916962
0.12577563524246216
0.12577559053897858
0.12577559053897858
0.12577559053897858
0.12577559053897858
0.12577559053897858
0.12577559053897858
0.12577559053897858
0.12577559053897858
0.12577559053897858
0.12577559053897858
0.12577559053897858
0.12577559053897858
0.12577559053897858
0.12577559053897858
0.12577559053897858
0.12577559053897858
0.12577559053897858
0.12577559053897858
0.12577559053897858
0.12577559053897858
0.12577559053897858
0.12577559053897858
0.12577559053897858
0.12577559053897858
0.12577559053897858
0.12577559053897858
0.12577559053897858
0.12577559053897858
0.12577559053897858
0.12577559053897858
0.12577559053897858
0.12577559053897858
0.12577559053897858
0.12577559053897858
0.12577559053897858
0.12577559053897858
0.12577559053897858
0.12577559053897858
0.12577559053897858
0.12577559053897858
0.12577559053897858
0.12577559053897858
0.12577559053897858
0.12577559053897858
0.12577559053897858
0.12577559053897858
0.12577559053897858
0.12577559053897858
0.12577559053897858
0.12577559053897858
0.12577559053897858
0.12577559053897858
0.12577559053897858
0.12577559053897858
0.12577559053897858
0.12577559053897858
0.12577559053897858
0.12577559053897858
0.12577559053897858
0.12577559053897858
0.12577559053897858
0.12577559053897858
0.12577559053897858
0.12577559053897858
0.12577559053897858
0.12577559053897858
0.12577559053897858
0.12618760764598846
0.12618760764598846
0.12618760764598846
0.12618760764598846
0.12618760764598846
0.12618760764598846
0.12618760764598846
0.12618760764598846
0.12618760764598846
0.12618760764598846
0.12618760764598846
0.12618760764598846
0.12618760764598846
0.12618760764598846
0.12618760764598846
0.12618760764598846
0.12618760764598846
0.12618760764598846
0.12618760764598846
0.12618760764598846
0.12618760764598846
0.12618760764598846
0.12618760764598846
0.12618760764598846
0.12618760764598846
