0.5824495553970337
0.018792955204844475
0.04971625655889511
0.0297531858086586
0.05129577964544296
0.034658558666706085
0.055170923471450806
0.03974601626396179
0.05439102277159691
0.03856481611728668
0.056746043264865875
0.03923286125063896
0.05755990743637085
0.040033381432294846
0.05806003138422966
0.04132378101348877
0.05949695408344269
0.042117640376091
0.05881478637456894
0.04363444820046425
0.059435177594423294
0.04571353644132614
0.05964256823062897
0.04829331859946251
0.06102093309164047
0.05024416744709015
0.0640469416975975
0.05152741074562073
0.06651435047388077
0.056405890733003616
0.0681673139333725
0.05924149975180626
0.06886811554431915
0.061703190207481384
0.06788236647844315
0.06223544850945473
0.06707204133272171
0.06400555372238159
0.06887813657522202
0.06809992343187332
0.06677860766649246
0.0655190572142601
0.0641641691327095
0.06630713492631912
0.06849807500839233
0.06554806977510452
0.06419431418180466
0.0677434653043747
0.06559856235980988
0.0647318884730339
0.06511911004781723
0.0664784163236618
0.06527373194694519
0.06584717333316803
0.06632128357887268
0.06370305269956589
0.06547988951206207
0.06542356312274933
0.0653768926858902
0.06303555518388748
0.06569784134626389
0.06336396932601929
0.06392630189657211
0.06375892460346222
0.06577707082033157
0.06370028108358383
0.06471677124500275
0.06363914906978607
0.06504981219768524
0.0639682337641716
0.06455320119857788
0.06457407027482986
0.06418919563293457
0.06358180195093155
0.06513106822967529
0.06452327221632004
0.06385214626789093
0.06324449926614761
0.062397848814725876
0.06287683546543121
0.06361269950866699
0.06376773864030838
0.06194382160902023
0.06427817791700363
0.06334086507558823
0.06267470121383667
0.06531617790460587
0.0641549602150917
0.06393655389547348
0.062863290309906
0.06367114931344986
0.06290139257907867
0.06279514729976654
0.0629129409790039
0.06398606300354004
0.06366002559661865
0.06327979266643524
0.0654236301779747
0.06315650045871735
0.06494135409593582
0.0631343424320221
0.06427901983261108
0.06218058243393898
0.06498498469591141
0.06432540714740753
0.06329641491174698
0.06449796259403229
0.06429944932460785
0.06420325487852097
0.06530015170574188
0.06559498608112335
0.06625230610370636
0.06633105874061584
0.06513413786888123
0.06345803290605545
0.06558828800916672
0.06452580541372299
0.06543530523777008
0.0659901350736618
0.06460418552160263
0.06671786308288574
0.06532610207796097
0.06553494930267334
0.06596459448337555
0.06679679453372955
0.06480848044157028
0.06425595283508301
0.06463628262281418
0.06720202416181564
0.06573379784822464
0.06511610001325607
0.06685894727706909
0.06434229761362076
0.06417746841907501
0.0665065199136734
0.06536268442869186
0.06350501626729965
0.06705674529075623
0.06860335171222687
0.06470707803964615
0.06458519399166107
0.06333508342504501
0.06461535394191742
0.06475771218538284
0.06506303697824478
0.06284695118665695
0.06640802323818207
0.06470450758934021
0.06589818745851517
0.06321854889392853
0.06385274976491928
0.06423182785511017
0.0648283138871193
0.06312111020088196
0.06476546823978424
0.06656245142221451
0.06550600379705429
0.06371759623289108
0.06343666464090347
0.06340288370847702
0.06466036289930344
0.06530886888504028
0.06767141073942184
0.06333638727664948
0.06633806228637695
0.06436340510845184
0.06609320640563965
0.064542256295681
0.06522368639707565
0.06455214321613312
0.06626702845096588
0.06349413096904755
0.06303829699754715
0.06972352415323257
0.06410067528486252
0.06760735809803009
0.06572508811950684
0.06620665639638901
0.06596968322992325
0.06603562831878662
0.06600672006607056
0.06601469218730927
0.06601158529520035
0.06601248681545258
0.06601237505674362
0.0660124123096466
0.0660124123096466
0.0660124123096466
0.0660124123096466
0.0660124123096466
0.0660124123096466
0.0660124123096466
0.0660124123096466
0.0660124123096466
0.0660124123096466
0.0660124123096466
0.0660124123096466
0.0660124123096466
0.0660124123096466
0.0660124123096466
0.0660124123096466
0.0660124123096466
0.0660124123096466
0.0660124123096466
0.0660124123096466
0.0660124123096466
0.0660124123096466
0.0660124123096466
0.0660124123096466
0.0660124123096466
0.0660124123096466
0.0660124123096466
0.0660124123096466
0.0660124123096466
0.0660124123096466
0.0660124123096466
0.0660124123096466
0.0660124123096466
0.0660124123096466
0.0660124123096466
0.0660124123096466
0.0660124123096466
0.0660124123096466
0.0660124123096466
0.0660124123096466
0.0660124123096466
0.0660124123096466
0.0660124123096466
0.0660124123096466
0.0660124123096466
0.0660124123096466
0.0660124123096466
0.0660124123096466
0.0660124123096466
0.0660124123096466
0.0660124123096466
0.0660124123096466
0.0660124123096466
0.0660124123096466
0.0660124123096466
0.0660124123096466
0.0660124123096466
0.0660124123096466
0.0660124123096466
0.0660124123096466
0.0660124123096466
0.0660124123096466
0.0660124123096466
0.0660124123096466
0.0660124123096466
0.0660124123096466
0.01178171206265688
0.008668224327266216
0.005429351702332497
0.004751461558043957
0.004330344032496214
0.003764529014006257
0.0034042142797261477
0.003247674321755767
0.003135437611490488
0.0030431461054831743
0.002950538881123066
0.0028825795743614435
0.002818427747115493
0.0027653994038701057
0.002724823309108615
0.0026788332033902407
0.0026559829711914062
0.0025992924347519875
0.0025621114764362574
0.0025308807380497456
0.002515715081244707
0.0024600655306130648
0.0024211944546550512
0.002385292202234268
0.002366484608501196
