14.75349235534668
0.42863813042640686
0.7622491121292114
0.2398625910282135
0.383070170879364
0.2681594491004944
0.3700501024723053
0.2782711982727051
0.3726244568824768
0.2693157196044922
0.3931257128715515
0.2706843912601471
0.393777072429657
0.2767792046070099
0.39460963010787964
0.2884817123413086
0.40760064125061035
0.2947438061237335
0.40694817900657654
0.3107350766658783
0.3989042043685913
0.3226088285446167
0.383630633354187
0.33646029233932495
0.38390034437179565
0.3376811146736145
0.3902561068534851
0.32523590326309204
0.3783961534500122
0.3220011591911316
0.3624444007873535
0.30499279499053955
0.34414947032928467
0.29503804445266724
0.33196717500686646
0.28409644961357117
0.3051203191280365
0.2678214907646179
0.28545838594436646
0.26924222707748413
0.26922690868377686
0.2557499408721924
0.24979764223098755
0.25376665592193604
0.258994996547699
0.24935197830200195
0.24699339270591736
0.2546365559101105
0.2492910474538803
0.2467128038406372
0.24738606810569763
0.24755002558231354
0.24781084060668945
0.24805861711502075
0.2598917782306671
0.2529658079147339
0.274177223443985
0.2858477234840393
0.30174946784973145
0.3106236457824707
0.35967928171157837
0.34478652477264404
0.37426042556762695
0.35935282707214355
0.3830602467060089
0.3662415146827698
0.37626832723617554
0.3681640625
0.3892512023448944
0.37156301736831665
0.3684079647064209
0.38221475481987
0.36864203214645386
0.37669992446899414
0.38375696539878845
0.37249642610549927
0.3767550587654114
0.3671128749847412
0.3597952127456665
0.36018720269203186
0.36832672357559204
0.37613850831985474
0.354885458946228
0.3750057816505432
0.36908698081970215
0.3635707199573517
0.37191155552864075
0.3877951502799988
0.3797086775302887
0.35340994596481323
0.38131922483444214
0.3716930150985718
0.3736990690231323
0.36465275287628174
0.3661784529685974
0.3684103488922119
0.36692044138908386
0.3922446370124817
0.3658105134963989
0.383664608001709
0.37568050622940063
0.3719450831413269
0.36430442333221436
0.38602083921432495
0.38379111886024475
0.36924076080322266
0.3876458406448364
0.3856220841407776
0.3741445541381836
0.39492470026016235
0.401075541973114
0.4134692847728729
0.4214499592781067
0.41711360216140747
0.4279882311820984
0.4854695498943329
0.4878155589103699
0.5065088272094727
0.5469043254852295
0.5499073266983032
0.5981571078300476
0.5364452600479126
0.5633864402770996
0.5560096502304077
0.5827037692070007
0.5613294839859009
0.5387139320373535
0.5749455094337463
0.6335394382476807
0.5567854642868042
0.6062208414077759
0.5848329067230225
0.5813576579093933
0.5600438117980957
0.6101246476173401
0.6053942441940308
0.5434160232543945
0.6164476275444031
0.6338348388671875
0.5641298890113831
0.5640761256217957
0.6300775408744812
0.5971204042434692
0.5703454613685608
0.5807344913482666
0.5588510036468506
0.6006056070327759
0.5664271116256714
0.6178640127182007
0.5241082906723022
0.5442848205566406
0.5609759092330933
0.5448576211929321
0.556999146938324
0.546379566192627
0.6282682418823242
0.6076457500457764
0.5594590902328491
0.564292311668396
0.5348914861679077
0.6141172647476196
0.5484849810600281
0.593182384967804
0.5732175707817078
0.6007868647575378
0.5415801405906677
0.5610901713371277
0.5843120813369751
0.5575476884841919
0.6124829053878784
0.6153993606567383
0.5610389709472656
0.512598991394043
0.7374708652496338
0.5721687078475952
0.7451001405715942
0.6675013303756714
0.7154742479324341
0.7059661149978638
0.7119563221931458
0.7107997536659241
0.7115199565887451
0.7114001512527466
0.7114698886871338
0.7114659547805786
0.7114677429199219
0.7114677429199219
0.7114676833152771
0.7114676833152771
0.7114676833152771
0.7114676833152771
0.7114676833152771
0.7114676833152771
0.7114676833152771
0.7114676833152771
0.7114676833152771
0.7114676833152771
0.7114676833152771
0.7114676833152771
0.7114676833152771
0.7114676833152771
0.7114676833152771
0.7114676833152771
0.7114676833152771
0.7114676833152771
0.7114676833152771
0.7114676833152771
0.7114676833152771
0.7114676833152771
0.7114676833152771
0.7114676833152771
0.7114676833152771
0.7114676833152771
0.7114676833152771
0.7114676833152771
0.7114676833152771
0.7114676833152771
0.7114676833152771
0.7114676833152771
0.7114676833152771
0.7114676833152771
0.7114676833152771
0.7114676833152771
0.7114676833152771
0.7114676833152771
0.7114676833152771
0.7114676833152771
0.7114676833152771
0.7114676833152771
0.7114676833152771
0.7114676833152771
0.7114676833152771
0.7114676833152771
0.7114676833152771
0.7114676833152771
0.7114676833152771
0.7114676833152771
0.7114676833152771
0.7114676833152771
0.7114676833152771
0.7114676833152771
0.7114676833152771
0.7114676833152771
0.7114676833152771
0.7114676833152771
0.7114676833152771
0.7114676833152771
0.7114676833152771
0.7114676833152771
0.7114676833152771
0.7114676833152771
0.5721687078475952
0.5721687078475952
0.5721687078475952
0.5721687078475952
0.5721687078475952
0.5721687078475952
0.5721687078475952
0.5721687078475952
0.5721687078475952
0.5721687078475952
0.5721687078475952
0.5721687078475952
0.5721687078475952
0.5721687078475952
0.5721687078475952
0.5721687078475952
0.5721687078475952
0.5721687078475952
0.5721687078475952
0.5721687078475952
0.5721687078475952
0.5721687078475952
0.5721687078475952
0.5721687078475952
0.5721687078475952
