0.5998241901397705
0.019193010404706
0.050309278070926666
0.030640820041298866
0.05177073925733566
0.035782042890787125
0.0561382994055748
0.040735431015491486
0.055271249264478683
0.03953952342271805
0.057719018310308456
0.04019009694457054
0.05848916620016098
0.04104684665799141
0.05909693241119385
0.04239640757441521
0.06061950698494911
0.04323932155966759
0.05994067341089249
0.044877711683511734
0.06065303832292557
0.04710515961050987
0.060882288962602615
0.04991011321544647
0.062345240265131
0.052101511508226395
0.0656343623995781
0.053490616381168365
0.06815771758556366
0.058647576719522476
0.06988651305437088
0.06150994077324867
0.07067149877548218
0.06396173685789108
0.06979525834321976
0.06436684727668762
0.06899505853652954
0.0662003830075264
0.07097017019987106
0.07049569487571716
0.06879789382219315
0.0676027238368988
0.0660412460565567
0.06836610287427902
0.07049970328807831
0.06750933825969696
0.06593318283557892
0.06968258321285248
0.06736913323402405
0.06645199656486511
0.06688452512025833
0.06828103214502335
0.06703148782253265
0.06761149317026138
0.06806010007858276
0.06530757248401642
0.06707438081502914
0.06699976325035095
0.06689117103815079
0.06444086879491806
0.06716152280569077
0.06477155536413193
0.06530967354774475
0.06517785787582397
0.0672735944390297
0.06513547897338867
0.06616289168596268
0.06510527431964874
0.06648817658424377
0.06538399308919907
0.06598362326622009
0.06605273485183716
0.06568162888288498
0.0649762973189354
0.06659725308418274
0.06595355272293091
0.06529954820871353
0.06466450542211533
0.06382179260253906
0.06429530680179596
0.06501816213130951
0.06521295756101608
0.06337295472621918
0.06572157889604568
0.06478489935398102
0.06416091322898865
0.06681467592716217
0.06554915755987167
0.06537126004695892
0.06430765986442566
0.06509995460510254
0.06433083862066269
0.06421032547950745
0.0643434077501297
0.06540950387716293
0.06513968110084534
0.06472043693065643
0.06689669191837311
0.06457895040512085
0.06642358005046844
0.06451354175806046
0.06581321358680725
0.06358163803815842
0.06653013825416565
0.06577256321907043
0.06481751054525375
0.06598889827728271
0.06582684069871902
0.06569448113441467
0.06683152168989182
0.06717632710933685
0.06784428656101227
0.06794174015522003
0.06676092743873596
0.0651288628578186
0.06726855039596558
0.06626620888710022
0.06723566353321075
0.06777867674827576
0.06632646918296814
0.06851989030838013
0.06707490235567093
0.06727898865938187
0.06773458421230316
0.06858399510383606
0.06654150038957596
0.0659746378660202
0.06631937623023987
0.06898092478513718
0.06754110753536224
0.06686330586671829
0.06867022812366486
0.06603561341762543
0.0659014880657196
0.0682903528213501
0.06710278987884521
0.06524839252233505
0.06884041428565979
0.07042959332466125
0.06644723564386368
0.06632593274116516
0.06499283760786057
0.06630955636501312
0.06648390740156174
0.0668170377612114
0.06449568271636963
0.06820458173751831
0.06642523407936096
0.06765793263912201
0.06490137428045273
0.06555669009685516
0.06594500690698624
0.066586934030056
0.06486243009567261
0.06641332060098648
0.06839168816804886
0.06722424179315567
0.06544212996959686
0.06516096740961075
0.06509821861982346
0.06636950373649597
0.067056804895401
0.0694698840379715
0.06503602117300034
0.06812459230422974
0.06605013459920883
0.06787627190351486
0.0662669688463211
0.06694476306438446
0.06628458946943283
0.06804680079221725
0.06518395990133286
0.06470207870006561
0.07156577706336975
0.06582430005073547
0.06940092146396637
0.06749081611633301
0.06797713041305542
0.06773649901151657
0.06780323386192322
0.06777387857437134
0.067781962454319
0.06777878105640411
0.06777971237897873
0.06777957826852798
0.06777961552143097
0.06777961552143097
0.06777961552143097
0.06777961552143097
0.06777961552143097
0.06777961552143097
0.06777961552143097
0.06777961552143097
0.06777961552143097
0.06777961552143097
0.06777961552143097
0.06777961552143097
0.06777961552143097
0.06777961552143097
0.06777961552143097
0.06777961552143097
0.06777961552143097
0.06777961552143097
0.06777961552143097
0.06777961552143097
0.06777961552143097
0.06777961552143097
0.06777961552143097
0.06777961552143097
0.06777961552143097
0.06777961552143097
0.06777961552143097
0.06777961552143097
0.06777961552143097
0.06777961552143097
0.06777961552143097
0.06777961552143097
0.06777961552143097
0.06777961552143097
0.06777961552143097
0.06777961552143097
0.06777961552143097
0.06777961552143097
0.06777961552143097
0.06777961552143097
0.06777961552143097
0.06777961552143097
0.06777961552143097
0.06777961552143097
0.06777961552143097
0.06777961552143097
0.06777961552143097
0.06777961552143097
0.06777961552143097
0.06777961552143097
0.06777961552143097
0.06777961552143097
0.06777961552143097
0.06777961552143097
0.06777961552143097
0.06777961552143097
0.06777961552143097
0.06777961552143097
0.06777961552143097
0.06777961552143097
0.06777961552143097
0.06777961552143097
0.06777961552143097
0.06777961552143097
0.06777961552143097
0.06777961552143097
0.06582430005073547
0.06582430005073547
0.06582430005073547
0.06582430005073547
0.06582430005073547
0.06582430005073547
0.06582430005073547
0.06582430005073547
0.06582430005073547
0.06582430005073547
0.06582430005073547
0.06582430005073547
0.06582430005073547
0.06582430005073547
0.06582430005073547
0.06582430005073547
0.06582430005073547
0.06582430005073547
0.06582430005073547
0.06582430005073547
0.06582430005073547
0.06582430005073547
0.06582430005073547
0.06582430005073547
0.06582430005073547
