0.0229,0.2545
0.0229,0.2545
0.0063,0.1526
0.0164,0.2376
0.0061,0.1513
0.0146,0.2293
0.0042,0.1188
0.0089,0.1861
0.0033,0.1084
0.0036,0.1183
0.0008,0.0564
0.0008,0.0564
0.0005,0.0487
0.0002,0.0255
0.0001,0.0202
0.0001,0.0237
0.0001,0.0200
0.0001,0.0310
0.0000,0.0165
0.0000,0.0211
0.0000,0.0155
0.0000,0.0155
0.0000,0.0238
0.0000,0.0149
0.0000,0.0163
0.0000,0.0197
0.0000,0.0133
0.0000,0.0180
0.0000,0.0184
0.0000,0.0126
0.0000,0.0148
0.0000,0.0148
0.0000,0.0143
0.0000,0.0138
0.0000,0.0136
0.0000,0.0179
0.0000,0.0151
0.0000,0.0187
0.0000,0.0125
0.0000,0.0153
0.0000,0.0119
0.0000,0.0119
0.0000,0.0155
0.0000,0.0146
0.0000,0.0157
0.0000,0.0113
0.0000,0.0153
0.0000,0.0108
0.0000,0.0132
0.0000,0.0135
0.0000,0.0147
0.0000,0.0132
0.0000,0.0132
0.0000,0.0132
0.0000,0.0132
0.0000,0.0132
0.0000,0.0132
0.0000,0.0132
0.0000,0.0132
0.0000,0.0132
0.0000,0.0132
0.0000,0.0132
0.0000,0.0132
0.0000,0.0132
0.0000,0.0132
0.0000,0.0132
0.0000,0.0132
0.0000,0.0132
0.0000,0.0132
0.0000,0.0132
0.0000,0.0132
0.0000,0.0132
0.0000,0.0132
0.0000,0.0132
0.0000,0.0132
0.0000,0.0132
0.0000,0.0132
0.0000,0.0132
0.0000,0.0132
0.0000,0.0132
0.0000,0.0132
0.0000,0.0132
0.0000,0.0132
0.0000,0.0132
0.0000,0.0132
0.0000,0.0132
0.0000,0.0132
0.0000,0.0132
0.0000,0.0132
0.0000,0.0132
0.0000,0.0132
0.0000,0.0132
0.0000,0.0132
0.0000,0.0132
0.0000,0.0132
0.0000,0.0132
0.0000,0.0132
0.0000,0.0132
0.0000,0.0132
0.0000,0.0132
0.0000,0.0132
0.0000,0.0147
0.0000,0.0132
0.0000,0.0132
0.0000,0.0132
0.0000,0.0132
0.0000,0.0132
0.0000,0.0132
0.0000,0.0132
0.0000,0.0132
0.0000,0.0132
0.0000,0.0132
0.0000,0.0132
0.0000,0.0132
0.0000,0.0132
0.0000,0.0132
0.0000,0.0132
0.0000,0.0132
0.0000,0.0132
0.0000,0.0132
0.0000,0.0132
0.0000,0.0132
0.0000,0.0132
0.0000,0.0132
0.0000,0.0132
0.0000,0.0132
0.0000,0.0132
0.0000,0.0132
0.0000,0.0132
0.0000,0.0132
0.0000,0.0132
0.0000,0.0132
0.0000,0.0132
0.0000,0.0132
0.0000,0.0132
0.0000,0.0132
0.0000,0.0132
0.0000,0.0132
0.0000,0.0132
0.0000,0.0132
0.0000,0.0132
0.0000,0.0132
0.0000,0.0132
0.0000,0.0132
0.0000,0.0132
0.0000,0.0132
0.0000,0.0132
0.0000,0.0132
0.0000,0.0132
0.0000,0.0132
0.0000,0.0132
0.0000,0.0132
0.0000,0.0147
