41.9268,44.1017
41.9285,44.1020
41.9270,44.1019
41.9267,44.1019
41.9266,44.1016
41.9269,44.1019
41.9267,44.1018
41.9266,44.1018
41.9269,44.1020
41.9271,44.1018
41.9267,44.1018
41.9269,44.1019
41.9268,44.1017
41.9268,44.1018
41.9266,44.1018
41.9265,44.1016
41.9267,44.1018
41.9267,44.1019
41.9264,44.1018
41.9265,44.1019
41.9265,44.1019
41.9262,44.1016
41.9263,44.1019
41.9264,44.1019
41.9262,44.1018
41.9262,44.1018
41.9262,44.1017
41.9262,44.1021
41.9263,44.1019
41.9261,44.1019
41.9260,44.1018
41.9261,44.1018
41.9263,44.1021
41.9258,44.1018
41.9260,44.1019
41.9258,44.1017
41.9258,44.1018
41.9257,44.1016
41.9258,44.1017
41.9257,44.1017
41.9258,44.1017
41.9258,44.1019
41.9256,44.1018
41.9255,44.1018
41.9256,44.1018
41.9255,44.1018
41.9260,44.1020
41.9258,44.1020
41.9256,44.1018
41.9255,44.1018
41.9255,44.1015
41.9111,44.1054
