33.2336,30.8772
6.8088,4.5000
6.8088,4.5000
16.1760,13.8498
8.9329,6.6199
16.5378,14.2093
9.7423,7.4281
18.0913,15.7650
11.5181,9.2032
18.4001,16.0724
13.4682,11.1518
17.3730,15.0624
17.3731,15.0624
14.9421,12.6326
15.6651,13.3578
15.5550,13.2527
16.9861,14.6681
16.4549,14.1403
16.4858,14.1734
16.4910,14.1761
16.5122,14.2068
16.5273,14.2228
16.5275,14.2228
16.3197,14.0178
16.6194,14.3236
16.4304,14.1275
16.2915,13.9835
16.5442,14.2388
16.4441,14.1298
16.3793,14.0584
16.5292,14.2056
16.5034,14.1789
16.5032,14.1791
16.4706,14.1460
16.4959,14.1738
16.6475,14.3265
16.3249,14.0025
16.6398,14.3217
16.3165,13.9905
16.5355,14.2145
16.4163,14.0894
16.6085,14.2851
16.6085,14.2853
16.3951,14.0698
16.4317,14.1069
16.3831,14.0521
16.5109,14.1844
16.3719,14.0417
16.5526,14.2207
16.3998,14.0664
16.3754,14.0410
16.4215,14.0544
16.3999,14.0664
16.3999,14.0666
16.4000,14.0664
16.3999,14.0663
16.4000,14.0664
16.3999,14.0662
16.3997,14.0664
16.4001,14.0665
16.3999,14.0664
16.3999,14.0663
16.4001,14.0666
16.4001,14.0664
16.3998,14.0664
16.3999,14.0667
16.4000,14.0665
16.3999,14.0667
16.3999,14.0663
16.3998,14.0661
16.3999,14.0663
16.3999,14.0665
16.3998,14.0664
16.3999,14.0667
16.3999,14.0665
16.4001,14.0665
16.4000,14.0666
16.3998,14.0665
16.4000,14.0666
16.4000,14.0666
16.3999,14.0664
16.4000,14.0664
16.4000,14.0665
16.3999,14.0664
16.3998,14.0664
16.3997,14.0664
16.3999,14.0665
16.3999,14.0664
16.3998,14.0662
16.4001,14.0666
16.3999,14.0665
16.4001,14.0666
16.3998,14.0665
16.3999,14.0664
16.4000,14.0664
16.3999,14.0664
16.4000,14.0666
16.4001,14.0666
16.3999,14.0662
16.3999,14.0667
16.4001,14.0663
16.3998,14.0666
16.3999,14.0665
16.4216,14.0546
16.3998,14.0663
16.4000,14.0664
16.4000,14.0664
16.3999,14.0666
16.4000,14.0665
16.4000,14.0665
16.4000,14.0664
16.3999,14.0665
16.3997,14.0665
16.3999,14.0663
16.3999,14.0665
16.4001,14.0665
16.4001,14.0664
16.3999,14.0666
16.4000,14.0664
16.4001,14.0665
16.3999,14.0665
16.3999,14.0664
16.3998,14.0664
16.4000,14.0663
16.3997,14.0662
16.3999,14.0665
16.4000,14.0663
16.4001,14.0663
16.4000,14.0663
16.3999,14.0664
16.3999,14.0665
16.3999,14.0662
16.3999,14.0666
16.4000,14.0663
16.4000,14.0665
16.4000,14.0664
16.3999,14.0663
16.3998,14.0665
16.3998,14.0666
16.3998,14.0663
16.3999,14.0667
16.4000,14.0664
16.3997,14.0664
16.4000,14.0663
16.3998,14.0666
16.3999,14.0662
16.4000,14.0663
16.4001,14.0664
16.4001,14.0663
16.3998,14.0666
16.3999,14.0667
16.3999,14.0666
16.4000,14.0663
16.4000,14.0662
16.3999,14.0665
16.4216,14.0545
