31.5933,20.4363
31.5947,20.4365
31.5970,20.4366
31.5963,20.4365
31.5964,20.4364
31.5965,20.4367
31.5968,20.4365
31.5965,20.4364
31.5962,20.4364
31.5967,20.4363
31.5964,20.4362
31.5958,20.4366
31.5961,20.4365
31.5967,20.4365
31.5953,20.4364
31.5954,20.4366
31.5958,20.4366
31.5954,20.4364
31.5948,20.4362
31.5960,20.4363
31.5952,20.4365
31.5955,20.4367
31.5959,20.4366
31.5949,20.4364
31.5956,20.4367
31.5951,20.4364
31.5952,20.4363
31.5948,20.4364
31.5955,20.4363
31.5945,20.4366
31.5946,20.4363
31.5946,20.4364
31.5956,20.4366
31.5955,20.4367
31.5952,20.4364
31.5952,20.4365
31.5952,20.4363
31.5947,20.4364
31.5952,20.4365
31.5950,20.4363
31.5948,20.4361
31.5959,20.4366
31.5950,20.4364
31.5954,20.4364
31.5948,20.4366
31.5953,20.4365
31.5944,20.4362
31.5946,20.4363
31.5950,20.4364
31.5959,20.4365
31.5948,20.4361
31.5633,20.3613
