-1.0000,0.4557
-1.0000,0.4539
-1.0000,0.4539
-1.0000,0.4536
-1.0000,0.4535
-1.0000,0.4536
-1.0000,0.4535
-1.0000,0.4536
-1.0000,0.4536
-1.0000,0.4537
-1.0000,0.4536
-1.0000,0.4536
-1.0000,0.4536
-1.0000,0.4536
-1.0000,0.4535
-1.0000,0.4535
-1.0000,0.4535
-1.0000,0.4535
-1.0000,0.4535
-1.0000,0.4535
-1.0000,0.4535
-1.0000,0.4535
-1.0000,0.4535
-1.0000,0.4535
-1.0000,0.4535
-1.0000,0.4535
-1.0000,0.4535
-1.0000,0.4535
-1.0000,0.4535
-1.0000,0.4535
-1.0000,0.4535
-1.0000,0.4535
-1.0000,0.4535
-1.0000,0.4535
-1.0000,0.4535
-1.0000,0.4535
-1.0000,0.4535
-1.0000,0.4535
-1.0000,0.4535
-1.0000,0.4535
-1.0000,0.4535
-1.0000,0.4535
-1.0000,0.4535
-1.0000,0.4535
-1.0000,0.4535
-1.0000,0.4535
-1.0000,0.4535
-1.0000,0.4535
-1.0000,0.4535
-1.0000,0.4535
-1.0000,0.4535
-1.0000,-1.0000,0.4535
-1.0000,0.4535
-1.0000,0.4535
-1.0000,0.4535
-1.0000,0.4535
-1.0000,0.4535
-1.0000,0.4535
-1.0000,0.4535
-1.0000,0.4535
-1.0000,0.4535
-1.0000,0.4535
-1.0000,0.4535
-1.0000,0.4535
-1.0000,0.4535
-1.0000,0.4535
-1.0000,0.4535
-1.0000,0.4535
-1.0000,0.4535
-1.0000,0.4535
-1.0000,0.4535
-1.0000,0.4535
-1.0000,0.4535
-1.0000,0.4535
-1.0000,0.4535
-1.0000,0.4535
-1.0000,0.4535
-1.0000,0.4535
-1.0000,0.4535
-1.0000,0.4535
-1.0000,0.4535
-1.0000,0.4535
-1.0000,0.4535
-1.0000,0.4535
-1.0000,0.4535
-1.0000,0.4535
-1.0000,0.4535
-1.0000,0.4535
-1.0000,0.4535
-1.0000,0.4535
-1.0000,0.4535
-1.0000,0.4535
-1.0000,0.4535
-1.0000,0.4535
-1.0000,0.4535
-1.0000,0.4535
-1.0000,0.4535
-1.0000,0.4535
-1.0000,0.4535
-1.0000,0.4535
-1.0000,0.4535
-1.0000,0.4535
-1.0000,0.4535
-1.0000,-1.0000,0.4535
-1.0000,0.4535
-1.0000,0.4535
-1.0000,0.4535
-1.0000,0.4535
-1.0000,0.4535
-1.0000,0.4535
-1.0000,0.4535
-1.0000,0.4535
-1.0000,0.4535
-1.0000,0.4535
-1.0000,0.4535
-1.0000,0.4535
-1.0000,0.4535
-1.0000,0.4535
-1.0000,0.4535
-1.0000,0.4535
-1.0000,0.4535
-1.0000,0.4535
-1.0000,0.4535
-1.0000,0.4535
-1.0000,0.4535
-1.0000,0.4535
-1.0000,0.4535
-1.0000,0.4535
-1.0000,0.4535
-1.0000,0.4535
-1.0000,0.4535
-1.0000,0.4535
-1.0000,0.4535
-1.0000,0.4535
-1.0000,0.4535
-1.0000,0.4535
-1.0000,0.4535
-1.0000,0.4535
-1.0000,0.4535
-1.0000,0.4535
-1.0000,0.4535
-1.0000,0.4535
-1.0000,0.4535
-1.0000,0.4535
-1.0000,0.4535
-1.0000,0.4535
-1.0000,0.4535
-1.0000,0.4535
-1.0000,0.4535
-1.0000,0.4535
-1.0000,0.4535
-1.0000,0.4535
-1.0000,0.4535
-1.0000,0.4535
-1.0000,0.4535
-1.0000,-1.0000,0.4535
