314.8933,929.9869
332.9227,930.0029
314.6692,929.9999
315.1582,930.0109
314.3355,929.9899
312.1045,930.0118
315.5417,929.9897
313.8730,930.0030
310.5989,929.9877
309.2117,929.9975
310.4317,930.0182
309.5703,929.9788
308.4835,930.0070
306.9072,929.9958
305.7747,930.0005
305.3960,930.0063
304.6140,930.0150
304.8264,930.0079
303.4638,929.9962
307.8387,929.9598
302.3366,929.9968
301.7053,930.0167
301.6084,930.0021
301.4874,930.0175
300.5253,929.9789
301.3126,929.9914
302.5910,929.9881
298.9128,930.0096
298.8809,929.9903
298.2188,930.0241
298.5954,929.9828
297.4315,929.9985
301.7857,929.9837
297.2053,929.9633
296.4108,929.9971
296.1649,929.9977
295.8507,929.9750
301.1849,929.9888
297.3897,930.0031
296.0112,930.0063
294.8500,929.9573
297.3058,929.9846
296.1594,929.9751
294.2115,929.9789
294.3502,929.9878
293.8736,930.0074
298.2699,929.9791
293.9389,929.9702
295.9894,929.9814
293.3101,930.0082
294.4790,930.0077
289.5121,934.6771
