98020.9844
965.7515
370.6793
8705.6406
1075.5258
9007.1855
1298.0596
9289.3633
2276.6348
10233.4951
4014.2227
11438.5859
10596.2891
7566.1045
10225.6855
11643.1396
12570.3828
13131.0527
11409.3184
12529.9951
11876.0664
12331.0762
12177.2520
11146.3643
12301.0078
11818.8750
11255.8867
12075.1523
11565.9434
11378.2842
11982.8594
11703.3682
11685.3633
11679.8848
11712.5234
12165.6543
11004.6641
12359.4316
10932.4590
12001.6221
11335.7803
11967.7480
11961.1357
11308.8320
11389.3398
11199.7441
11785.0820
11224.0908
11888.5898
11431.2285
11356.9434
11380.2383
11431.3682
11431.6367
11431.1152
11431.4004
11431.8047
11431.3281
11431.2461
11431.2949
11431.4414
11431.5254
11431.4736
11430.9570
11431.1992
11432.1748
11431.4863
11431.2305
11431.3867
11431.2119
11431.7832
11431.4766
11431.3320
11431.3750
11431.5117
11431.4863
11431.8506
11431.6582
11431.4863
11431.3623
11431.9795
11431.6641
11431.9258
11431.4941
11431.2207
11431.4785
11431.7910
11431.6260
11431.9863
11431.3584
11431.6934
11431.5723
11431.4736
11432.0098
11431.9326
11431.6387
11431.5293
11431.3789
11431.7344
11431.4473
11431.5205
11431.3223
11431.5547
11380.0078
11431.6758
11431.4434
11431.4180
11431.6865
11431.5000
11431.4785
11431.1309
11431.6973
11431.4609
11431.5420
11431.6348
11431.3652
11431.2646
11431.7656
11431.3916
11431.7559
11432.0811
11431.0898
11431.5215
11431.7520
11431.2139
11431.3691
11431.4434
11431.0410
11431.8516
11431.9824
11431.1973
11431.2295
11431.4141
11431.4951
11431.4082
11431.5977
11431.2070
11431.4688
11432.0156
11431.5664
11431.7178
11431.6816
11431.4697
11431.2930
11431.5732
11431.0332
11431.4395
11431.2852
11431.3438
11430.9990
11431.4688
11431.7109
11432.0098
11431.4941
11431.2852
11379.8311
