0.5785687565803528
0.09271543473005295
0.10571547597646713
0.11458143591880798
0.1006285548210144
0.121991828083992
0.10588191449642181
0.11523423343896866
0.11063572019338608
0.1204591691493988
0.11082251369953156
0.12031128257513046
0.11232195794582367
0.12020609527826309
0.11243443936109543
0.11986421793699265
0.11073201894760132
0.12062563747167587
0.10851715505123138
0.12039588391780853
0.1071837842464447
0.11703341454267502
0.10410626232624054
0.11477281153202057
0.1023060604929924
0.11231367290019989
0.10159754008054733
0.10899396240711212
0.10190021991729736
0.10923773050308228
0.10684242844581604
0.11915815621614456
0.10716886818408966
0.11886812001466751
0.11012911796569824
0.11801134049892426
0.11497575044631958
0.1185428574681282
0.11587788909673691
0.11772622168064117
0.11648571491241455
0.11953242123126984
0.11853594332933426
0.11750797182321548
0.1198606938123703
0.11879649758338928
0.11766353249549866
0.11908045411109924
0.11772012710571289
0.11894543468952179
0.11658701300621033
0.11861268430948257
0.11932452768087387
0.11830713599920273
0.1175457164645195
0.11934033036231995
0.11908232420682907
0.11799580603837967
0.11717001348733902
0.12041648477315903
0.11868951469659805
0.12084990739822388
0.11834026873111725
0.11969558149576187
0.12141424417495728
0.11940601468086243
0.11783381551504135
0.11965257674455643
0.11781220138072968
0.11837352812290192
0.11914492398500443
0.11904660612344742
0.1176721379160881
0.11872056126594543
0.11800181120634079
0.1188240647315979
0.1175922155380249
0.11818750202655792
0.1199098601937294
0.11836820095777512
0.11726081371307373
0.11771310865879059
0.11798129975795746
0.1182190552353859
0.11797582358121872
0.1178710088133812
0.11913057416677475
0.11842018365859985
0.1196461096405983
0.11874798685312271
0.11707443743944168
0.11802037805318832
0.11527325212955475
0.11734385788440704
0.11828983575105667
0.11898937821388245
0.11797875910997391
0.11799744516611099
0.11689794063568115
0.11915773153305054
0.11646904051303864
0.11851820349693298
0.11806583404541016
0.11671888828277588
0.11879858374595642
0.1167684942483902
0.1176467165350914
0.11653058975934982
0.11858930438756943
0.11845175921916962
0.11870181560516357
0.11752042174339294
0.11909901350736618
0.1186852976679802
0.11943617463111877
0.11871632933616638
0.11692296713590622
0.11827076226472855
0.12047307193279266
0.11879342049360275
0.11842123419046402
0.11873132735490799
0.11680053174495697
0.1213434711098671
0.1165950670838356
0.11936266720294952
0.11777662485837936
0.11734365671873093
0.11952260881662369
0.11743386089801788
0.11850865930318832
0.11879269033670425
0.11664792150259018
0.11849909275770187
0.11851905286312103
0.11956998705863953
0.11720112711191177
0.11733201891183853
0.11764664947986603
0.11809706687927246
0.11956602334976196
0.11640731245279312
0.1176278293132782
0.11794373393058777
0.11767905950546265
0.11801212280988693
0.11451467126607895
0.11850941181182861
0.11842896789312363
0.11896073073148727
0.11653196811676025
0.11773578077554703
0.11834660917520523
0.118039570748806
0.11840704828500748
0.11859804391860962
0.11709588766098022
0.11526428163051605
0.1187664344906807
0.11523205786943436
0.11557967215776443
0.11805292963981628
0.1204582005739212
0.11813618242740631
0.11788453906774521
0.1165027841925621
0.11809581518173218
0.1163177639245987
0.11755601316690445
0.1185251846909523
0.11808939278125763
0.11651745438575745
0.11658273637294769
0.11740750819444656
0.11715918779373169
0.11792310327291489
0.11787228286266327
0.11887802183628082
0.1188754066824913
0.11900167167186737
0.11900131404399872
0.11901643127202988
0.11901630461215973
0.1190175786614418
0.1190175786614418
0.119017593562603
0.119017593562603
0.119017593562603
0.119017593562603
0.119017593562603
0.119017593562603
0.119017593562603
0.119017593562603
0.119017593562603
0.119017593562603
0.119017593562603
0.119017593562603
0.119017593562603
0.119017593562603
0.119017593562603
0.119017593562603
0.119017593562603
0.119017593562603
0.119017593562603
0.119017593562603
0.119017593562603
0.119017593562603
0.119017593562603
0.119017593562603
0.119017593562603
0.119017593562603
0.119017593562603
0.119017593562603
0.119017593562603
0.119017593562603
0.119017593562603
0.119017593562603
0.119017593562603
0.119017593562603
0.119017593562603
0.119017593562603
0.119017593562603
0.119017593562603
0.119017593562603
0.119017593562603
0.119017593562603
0.119017593562603
0.119017593562603
0.119017593562603
0.119017593562603
0.119017593562603
0.119017593562603
0.119017593562603
0.119017593562603
0.119017593562603
0.119017593562603
0.119017593562603
0.119017593562603
0.119017593562603
0.119017593562603
0.119017593562603
0.119017593562603
0.119017593562603
0.119017593562603
0.119017593562603
0.119017593562603
0.119017593562603
0.119017593562603
0.119017593562603
0.119017593562603
0.119017593562603
0.1185251846909523
0.1185251846909523
0.1185251846909523
0.1185251846909523
0.1185251846909523
0.1185251846909523
0.1185251846909523
0.1185251846909523
0.1185251846909523
0.1185251846909523
0.1185251846909523
0.1185251846909523
0.1185251846909523
0.1185251846909523
0.1185251846909523
0.1185251846909523
0.1185251846909523
0.1185251846909523
0.1185251846909523
0.1185251846909523
0.1185251846909523
0.1185251846909523
