0.06237317994236946
0.04492035135626793
0.029189081862568855
0.029189899563789368
0.03854572772979736
0.03851375728845596
0.038280997425317764
0.038222745060920715
0.04234671592712402
0.04598722234368324
0.046062737703323364
0.04020388424396515
0.04297787323594093
0.04519642889499664
0.04503832757472992
0.045081645250320435
0.04482980817556381
0.039475470781326294
0.03400258719921112
0.03287188336253166
0.029136771336197853
0.029346782714128494
0.029025932773947716
0.029182078316807747
0.028975170105695724
0.02909676730632782
0.028887299820780754
0.02895115502178669
0.02883428893983364
0.02881671115756035
0.028720417991280556
0.028798582032322884
0.0286954827606678
0.0287169162184
0.02867177128791809
0.028625769540667534
0.028613224625587463
0.028606979176402092
0.02862831950187683
0.02854096330702305
0.028516380116343498
0.028484778478741646
0.028489474207162857
0.028493918478488922
0.028435276821255684
0.028404394164681435
0.02842875011265278
0.02831650897860527
0.028299689292907715
0.028325270861387253
0.02826734632253647
0.028194576501846313
0.028154833242297173
0.02806773968040943
0.027926005423069
0.027772506698966026
0.027695689350366592
0.023410268127918243
0.02754034660756588
0.023335078731179237
0.027490954846143723
0.02751236781477928
0.02329106442630291
0.023260528221726418
0.023344751447439194
0.027491524815559387
0.023237677291035652
0.02330145798623562
0.023237349465489388
0.023249931633472443
0.023234272375702858
0.02320984937250614
0.023318670690059662
0.023213554173707962
0.023306263610720634
0.02326054684817791
0.023237446323037148
0.023224718868732452
0.023206740617752075
0.023259999230504036
0.023218784481287003
0.023219741880893707
0.02321363054215908
0.023221351206302643
0.019303124397993088
0.023243777453899384
0.02319546975195408
0.01936277002096176
0.023202788084745407
0.0193423293530941
0.01931404508650303
0.019375884905457497
0.019354475662112236
0.019307514652609825
0.019317209720611572
0.019321374595165253
0.01571199670433998
0.01931968331336975
0.019257185980677605
0.015660559758543968
0.0156136779114604
0.015615093521773815
0.012308423407375813
0.012231097556650639
0.012159326113760471
0.012134989723563194
0.009151645004749298
0.009109176695346832
0.0062156058847904205
0.003684922121465206
0.0015622838400304317
0.0009355254587717354
0.0007656896486878395
0.0004307307244744152
0.0002770315040834248
0.00024983639013953507
0.00015396956587210298
0.00015793772763572633
0.00012059028813382611
0.00011816281039500609
9.410067286808044e-05
8.742248610360548e-05
7.962260860949755e-05
7.547441782662645e-05
6.862780719529837e-05
6.686420238111168e-05
6.558833410963416e-05
7.978800567798316e-05
6.736740760970861e-05
6.097583536757156e-05
6.352140189846978e-05
7.269484922289848e-05
5.9104848332935944e-05
5.981095091556199e-05
6.049984222045168e-05
6.817482062615454e-05
6.103012492530979e-05
5.8511708630248904e-05
5.932124622631818e-05
5.876701106899418e-05
6.922918691998348e-05
6.549125100718811e-05
7.900093623902649e-05
5.883638368686661e-05
5.733597572543658e-05
0.00010061542707262561
5.613458779407665e-05
6.33828021818772e-05
6.79573931847699e-05
6.7657652834896e-05
5.6165066780522466e-05
6.312936602625996e-05
5.658268491970375e-05
5.780500578111969e-05
5.685532960342243e-05
6.720800593029708e-05
9.913065878208727e-05
6.83187463437207e-05
7.788311631884426e-05
6.902597669977695e-05
5.79989209654741e-05
8.567686018068343e-05
5.493643038789742e-05
6.209183629835024e-05
6.287835276452824e-05
6.505173951154575e-05
6.352805939968675e-05
5.5958480515982956e-05
5.4103496950119734e-05
5.7262557675130665e-05
5.821183731313795e-05
5.949005208094604e-05
6.349031900754198e-05
5.5204975069500506e-05
9.539996244711801e-05
0.00010950447904178873
0.00016537275223527104
0.0001680477726040408
0.00017656957788858563
0.00017688273510430008
0.00017792799917515367
0.00017794605810195208
0.00017804800882004201
0.0001780482562026009
0.0001780502643669024
0.00017805038078222424
0.00017805032257456332
0.00017805032257456332
0.00017805032257456332
0.00017805032257456332
0.00017805032257456332
0.00017805032257456332
0.00017805032257456332
0.00017805032257456332
0.00017805032257456332
0.00017805032257456332
0.00017805032257456332
0.00017805032257456332
0.00017805032257456332
0.00017805032257456332
0.00017805032257456332
0.00017805032257456332
0.00017805032257456332
0.00017805032257456332
0.00017805032257456332
0.00017805032257456332
0.00017805032257456332
0.00017805032257456332
0.00017805032257456332
0.00017805032257456332
0.00017805032257456332
0.00017805032257456332
0.00017805032257456332
0.00017805032257456332
0.00017805032257456332
0.00017805032257456332
0.00017805032257456332
0.00017805032257456332
0.00017805032257456332
0.00017805032257456332
0.00017805032257456332
0.00017805032257456332
0.00017805032257456332
0.00017805032257456332
0.00017805032257456332
0.00017805032257456332
0.00017805032257456332
0.00017805032257456332
0.00017805032257456332
0.00017805032257456332
0.00017805032257456332
0.00017805032257456332
0.00017805032257456332
0.00017805032257456332
0.00017805032257456332
0.00017805032257456332
0.00017805032257456332
0.00017805032257456332
0.00017805032257456332
0.00017805032257456332
0.00017805032257456332
0.00017805032257456332
0.00017805032257456332
0.00017805032257456332
0.00017805032257456332
0.00017805032257456332
0.00017805032257456332
0.00017805032257456332
0.00017805032257456332
0.00017805032257456332
5.4103496950119734e-05
5.4103496950119734e-05
5.4103496950119734e-05
5.4103496950119734e-05
5.4103496950119734e-05
5.4103496950119734e-05
5.4103496950119734e-05
5.4103496950119734e-05
5.4103496950119734e-05
5.4103496950119734e-05
5.4103496950119734e-05
5.4103496950119734e-05
5.4103496950119734e-05
5.4103496950119734e-05
5.4103496950119734e-05
5.4103496950119734e-05
5.4103496950119734e-05
5.4103496950119734e-05
5.4103496950119734e-05
5.4103496950119734e-05
5.4103496950119734e-05
5.4103496950119734e-05
