0.7664278745651245
0.7759219408035278
0.8616527318954468
0.8616527318954468
0.8616527318954468
0.8616527318954468
0.8616527318954468
0.8616527318954468
0.8616527318954468
0.8616527318954468
0.8616527318954468
0.8364282846450806
0.8364282846450806
0.8364282846450806
0.8364282846450806
0.8364282846450806
0.8364282846450806
0.8124066591262817
0.7759219408035278
0.7416163086891174
0.7416163086891174
0.7416163086891174
0.7416163086891174
0.7416163086891174
0.7416163086891174
0.7416163086891174
0.7416163086891174
0.7416163086891174
0.7416163086891174
0.7416163086891174
0.7416163086891174
0.7416163086891174
0.7416163086891174
0.7416163086891174
0.7416163086891174
0.7416163086891174
0.7416163086891174
0.7416163086891174
0.7416163086891174
0.7416163086891174
0.7416163086891174
0.7416163086891174
0.7416163086891174
0.7416163086891174
0.7416163086891174
0.7416163086891174
0.7416163086891174
0.7416163086891174
0.7416163086891174
0.7416163086891174
0.7416163086891174
0.7416163086891174
0.7416163086891174
0.7416163086891174
0.7416163086891174
0.7416163086891174
0.7416163086891174
0.7133646607398987
0.7416163086891174
0.7133646607398987
0.7416163086891174
0.7416163086891174
0.7133646607398987
0.7133646607398987
0.7133646607398987
0.7416163086891174
0.7133646607398987
0.7133646607398987
0.7133646607398987
0.7133646607398987
0.7133646607398987
0.7133646607398987
0.7133646607398987
0.7133646607398987
0.7133646607398987
0.7133646607398987
0.7133646607398987
0.7133646607398987
0.7133646607398987
0.7133646607398987
0.7133646607398987
0.7133646607398987
0.7133646607398987
0.7133646607398987
0.6925417184829712
0.7133646607398987
0.7133646607398987
0.6925417184829712
0.7133646607398987
0.6925417184829712
0.6925417184829712
0.6925417184829712
0.6925417184829712
0.6925417184829712
0.6925417184829712
0.6925417184829712
0.6672981977462769
0.6925417184829712
0.6925417184829712
0.6672981977462769
0.6672981977462769
0.6672981977462769
0.6376999020576477
0.6376999020576477
0.6376999020576477
0.6376999020576477
0.61183762550354
0.61183762550354
0.5908935070037842
0.5586302280426025
0.22859211266040802
0.17010870575904846
0.1537024974822998
0.11388137936592102
0.08765611052513123
0.08349460363388062
0.05811852216720581
0.041929781436920166
0.04868277907371521
0.0516190230846405
0.04136422276496887
0.029849380254745483
0.030576467514038086
0.030637800693511963
0.029378443956375122
0.02773463726043701
0.021985046565532684
0.020506270229816437
0.027369141578674316
0.02323642373085022
0.021313481032848358
0.02192045748233795
0.02153470367193222
0.021279722452163696
0.02108093351125717
0.027361929416656494
0.02202211320400238
0.021636612713336945
0.02170165628194809
0.02240312099456787
0.02188935875892639
0.025682389736175537
0.031202107667922974
0.0214066281914711
0.02148115634918213
0.03280472755432129
0.02096860110759735
0.020894326269626617
0.026510030031204224
0.021499112248420715
0.021322473883628845
0.02062583714723587
0.02100013941526413
0.021346956491470337
0.020947590470314026
0.025689512491226196
0.032386332750320435
0.022288769483566284
0.028178781270980835
0.023162782192230225
0.02091342955827713
0.020853102207183838
0.02109089493751526
0.02108151465654373
0.02183392643928528
0.025052279233932495
0.021343737840652466
0.02126593142747879
0.020882144570350647
0.020806677639484406
0.021219387650489807
0.021701671183109283
0.022938042879104614
0.021266378462314606
0.024464279413223267
0.027514666318893433
0.03532889485359192
0.035709917545318604
0.036677032709121704
0.03671973943710327
0.03683584928512573
0.036839038133621216
0.03685024380683899
0.03685051202774048
0.03685078024864197
0.03685078024864197
0.03685078024864197
0.03685078024864197
0.03685078024864197
0.03685078024864197
0.03685078024864197
0.03685078024864197
0.03685078024864197
0.03685078024864197
0.03685078024864197
0.03685078024864197
0.03685078024864197
0.03685078024864197
0.03685078024864197
0.03685078024864197
0.03685078024864197
0.03685078024864197
0.03685078024864197
0.03685078024864197
0.03685078024864197
0.03685078024864197
0.03685078024864197
0.03685078024864197
0.03685078024864197
0.03685078024864197
0.03685078024864197
0.03685078024864197
0.03685078024864197
0.03685078024864197
0.03685078024864197
0.03685078024864197
0.03685078024864197
0.03685078024864197
0.03685078024864197
0.03685078024864197
0.03685078024864197
0.03685078024864197
0.03685078024864197
0.03685078024864197
0.03685078024864197
0.03685078024864197
0.03685078024864197
0.03685078024864197
0.03685078024864197
0.03685078024864197
0.03685078024864197
0.03685078024864197
0.03685078024864197
0.03685078024864197
0.03685078024864197
0.03685078024864197
0.03685078024864197
0.03685078024864197
0.03685078024864197
0.03685078024864197
0.03685078024864197
0.03685078024864197
0.03685078024864197
0.03685078024864197
0.03685078024864197
0.03685078024864197
0.03685078024864197
0.03685078024864197
0.03685078024864197
0.03685078024864197
0.020882144570350647
0.020882144570350647
0.020882144570350647
0.020882144570350647
0.020882144570350647
0.020882144570350647
0.020882144570350647
0.020882144570350647
0.020882144570350647
0.020882144570350647
0.020882144570350647
0.020882144570350647
0.020882144570350647
0.020882144570350647
0.020882144570350647
0.020882144570350647
0.020882144570350647
0.020882144570350647
0.020882144570350647
0.020882144570350647
0.020882144570350647
0.020882144570350647
