0.29983213543891907
0.01861490122973919
0.014438055455684662
0.013582929037511349
0.014951842837035656
0.012474666349589825
0.013457972556352615
0.012183294631540775
0.01240498572587967
0.011465606279671192
0.01200419943779707
0.01104987133294344
0.011336388997733593
0.010497894138097763
0.010718834586441517
0.00983117613941431
0.010223218239843845
0.009188434109091759
0.00974110048264265
0.008570687845349312
0.009083707816898823
0.008001227863132954
0.009190931916236877
0.007897741161286831
0.009123794734477997
0.00788936112076044
0.008909773081541061
0.007867123000323772
0.008567615412175655
0.007406781427562237
0.007314580027014017
0.006180147640407085
0.007188832852989435
0.005865052808076143
0.0064901066944003105
0.0057451059110462666
0.005691919941455126
0.005561123602092266
0.005565184634178877
0.0055301920510828495
0.005408778320997953
0.005339873488992453
0.005297098774462938
0.005340180825442076
0.005207478534430265
0.005149242002516985
0.005233581177890301
0.005110349506139755
0.005164205562323332
0.005076262634247541
0.005185405258089304
0.00501519488170743
0.004947856534272432
0.004922675900161266
0.004906771704554558
0.004803491290658712
0.004823846742510796
0.004746627062559128
0.004592756275087595
0.004693505819886923
0.004389831330627203
0.004339315462857485
0.004120022989809513
0.00407268013805151
0.0042107487097382545
0.0039622047916054726
0.003940697759389877
0.0039051477797329426
0.00392261054366827
0.003874205518513918
0.0038650857750326395
0.0038556233048439026
0.0038822211790829897
0.0038765117060393095
0.003881579963490367
0.0038628571201115847
0.003874814137816429
0.0038426739629358053
0.003861562814563513
0.0038215077947825193
0.003937690518796444
0.003871370805427432
0.0038334475830197334
0.003809627378359437
0.003846343606710434
0.00386243243701756
0.0038596177473664284
0.0038256440311670303
0.003795541590079665
0.0037978123873472214
0.003876684932038188
0.0038095428608357906
0.003979287575930357
0.0038220223505049944
0.0037637148052453995
0.003786850720643997
0.003767990740016103
0.0037628996651619673
0.0038538421504199505
0.003758406499400735
0.0038094178307801485
0.0037449942901730537
0.0037453509867191315
0.003815287258476019
0.0037290137261152267
0.003806446446105838
0.00372127303853631
0.003830676432698965
0.0036756296176463366
0.0037327809259295464
0.0036633280105888844
0.003711980301886797
0.0037800476420670748
0.0037712235935032368
0.004007603507488966
0.003924652934074402
0.003783288411796093
0.003702394897118211
0.004072486888617277
0.003526180749759078
0.003444644855335355
0.003359339665621519
0.003438000101596117
0.0036024886649101973
0.003371535101905465
0.0033062866423279047
0.0032663382589817047
0.003275449387729168
0.003458700142800808
0.003271913854405284
0.00322404014877975
0.0032586657907813787
0.003298077266663313
0.003209888469427824
0.0032361475750803947
0.003264074679464102
0.0032875915057957172
0.003234453732147813
0.00321120023727417
0.0032096158247441053
0.003243181388825178
0.003279960947111249
0.0032433192245662212
0.003303930629044771
0.003218775149434805
0.0031955863814800978
0.0037919562309980392
0.0032153103966265917
0.0032420256175100803
0.003251866204664111
0.003255246439948678
0.0032191944774240255
0.003295294474810362
0.003207382746040821
0.0031977512408047915
0.0031952664721757174
0.003263231599703431
0.0036377517972141504
0.003302958095446229
0.003484590444713831
0.0034317350946366787
0.003199321683496237
0.0035131701733917
0.0031844908371567726
0.003199479542672634
0.00329519878141582
0.0032384060323238373
0.0032509686425328255
0.003192018950358033
0.003180903382599354
0.003181793261319399
0.0032389473635703325
0.003275984898209572
0.0032411746215075254
0.003190507646650076
0.0033181223552674055
0.0033399141393601894
0.0036269808188080788
0.0036322639789432287
0.0036796119529753923
0.0036801830865442753
0.0036860033869743347
0.0036860054824501276
0.003686556126922369
0.0036865563597530127
0.0036865691654384136
0.00368656893260777
0.00368656893260777
0.00368656893260777
0.00368656893260777
0.00368656893260777
0.00368656893260777
0.00368656893260777
0.00368656893260777
0.00368656893260777
0.00368656893260777
0.00368656893260777
0.00368656893260777
0.00368656893260777
0.00368656893260777
0.00368656893260777
0.00368656893260777
0.00368656893260777
0.00368656893260777
0.00368656893260777
0.00368656893260777
0.00368656893260777
0.00368656893260777
0.00368656893260777
0.00368656893260777
0.00368656893260777
0.00368656893260777
0.00368656893260777
0.00368656893260777
0.00368656893260777
0.00368656893260777
0.00368656893260777
0.00368656893260777
0.00368656893260777
0.00368656893260777
0.00368656893260777
0.00368656893260777
0.00368656893260777
0.00368656893260777
0.00368656893260777
0.00368656893260777
0.00368656893260777
0.00368656893260777
0.00368656893260777
0.00368656893260777
0.00368656893260777
0.00368656893260777
0.00368656893260777
0.00368656893260777
0.00368656893260777
0.00368656893260777
0.00368656893260777
0.00368656893260777
0.00368656893260777
0.00368656893260777
0.00368656893260777
0.00368656893260777
0.00368656893260777
0.00368656893260777
0.00368656893260777
0.00368656893260777
0.00368656893260777
0.00368656893260777
0.00368656893260777
0.00368656893260777
0.00368656893260777
0.003180903382599354
0.003180903382599354
0.003180903382599354
0.003180903382599354
0.003180903382599354
0.003180903382599354
0.003180903382599354
0.003180903382599354
0.003180903382599354
0.003180903382599354
0.003180903382599354
0.003180903382599354
0.003180903382599354
0.003180903382599354
0.003180903382599354
0.003180903382599354
0.003180903382599354
0.003180903382599354
0.003180903382599354
0.003180903382599354
0.003180903382599354
0.003180903382599354
