243.58616638183594
0.4731818437576294
0.5269202589988708
0.5448645949363708
0.4545246660709381
0.6129193305969238
0.4975281059741974
0.5890182852745056
0.5461345314979553
0.5602964162826538
0.570665180683136
0.5216864347457886
0.5079579949378967
0.5067244172096252
0.4546600580215454
0.49038925766944885
0.39549583196640015
0.4909326136112213
0.3487064242362976
0.4910711944103241
0.3622574806213379
0.46061545610427856
0.34343215823173523
0.4899951219558716
0.4105316698551178
0.4797162711620331
0.3842560946941376
0.4495009779930115
0.3758309483528137
0.39236965775489807
0.4105791449546814
0.37859460711479187
0.36912232637405396
0.3773480951786041
0.40641719102859497
0.3622519373893738
0.39176321029663086
0.4068219065666199
0.3544148802757263
0.3243420124053955
0.37833479046821594
0.3675462007522583
0.38067978620529175
0.36374345421791077
0.3472873866558075
0.4406558871269226
0.3546401858329773
0.35337403416633606
0.3895706832408905
0.3752330541610718
0.36185377836227417
0.35342445969581604
0.37214043736457825
0.3602389097213745
0.3540091812610626
0.37880420684814453
0.3970424234867096
0.37253934144973755
0.4066255986690521
0.37793806195259094
0.39363935589790344
0.3753623068332672
0.34959113597869873
0.38035064935684204
0.39110472798347473
0.3613426685333252
0.3392176330089569
0.39524903893470764
0.3555181622505188
0.3838099241256714
0.3667409420013428
0.3771279752254486
0.40676337480545044
0.33819517493247986
0.3909773826599121
0.3341410160064697
0.34625211358070374
0.35536715388298035
0.35672077536582947
0.3749810457229614
0.34183987975120544
0.3624058663845062
0.35203930735588074
0.3542552888393402
0.34811970591545105
0.44246676564216614
0.3254535496234894
0.3566966652870178
0.372487872838974
0.34071794152259827
0.3744506239891052
0.37752991914749146
0.3520216941833496
0.3481307625770569
0.3566441833972931
0.3452879786491394
0.340202659368515
0.38990518450737
0.3374641537666321
0.35216808319091797
0.36377257108688354
0.36679407954216003
0.35387569665908813
0.3820120394229889
0.37703976035118103
0.40565067529678345
0.387844055891037
0.39208465814590454
0.36323750019073486
0.41712844371795654
0.3836023509502411
0.3680194616317749
0.45982930064201355
0.4543297588825226
0.5258195400238037
0.45400750637054443
0.3475177586078644
0.31827783584594727
0.3218238651752472
0.2751590609550476
0.26378387212753296
0.2534978985786438
0.25457754731178284
0.24070225656032562
0.25023409724235535
0.24311146140098572
0.24717670679092407
0.24840275943279266
0.24928858876228333
0.25251883268356323
0.24964505434036255
0.2499811202287674
0.26021263003349304
0.2535070776939392
0.2534645199775696
0.25404855608940125
0.25627440214157104
0.25915539264678955
0.2595427930355072
0.2587163746356964
0.25539857149124146
0.26809343695640564
0.2593390941619873
0.2575368881225586
0.2650184631347656
0.265927791595459
0.2649223208427429
0.2602837383747101
0.2672249376773834
0.2609245777130127
0.27488139271736145
0.2674289047718048
0.2701193392276764
0.27095848321914673
0.26387354731559753
0.27266743779182434
0.2651246190071106
0.2670935094356537
0.2714056074619293
0.2655501365661621
0.2717317044734955
0.27681195735931396
0.2800697088241577
0.26904433965682983
0.2824455797672272
0.2707323729991913
0.26403263211250305
0.28652095794677734
0.27118203043937683
0.2730431854724884
0.2800409197807312
0.2828689515590668
0.27477461099624634
0.26951682567596436
0.2781829237937927
0.29944247007369995
0.31051501631736755
0.34054672718048096
0.3426070511341095
0.3476387858390808
0.3478786051273346
0.3484519124031067
0.3484671413898468
0.34852170944213867
0.3485221564769745
0.34852334856987
0.3485233783721924
0.34852346777915955
0.34852346777915955
0.34852349758148193
0.34852349758148193
0.34852349758148193
0.34852349758148193
0.34852349758148193
0.34852349758148193
0.34852349758148193
0.34852349758148193
0.34852349758148193
0.34852349758148193
0.34852349758148193
0.34852349758148193
0.34852349758148193
0.34852349758148193
0.34852349758148193
0.34852349758148193
0.34852349758148193
0.34852349758148193
0.34852349758148193
0.34852349758148193
0.34852349758148193
0.34852349758148193
0.34852349758148193
0.34852349758148193
0.34852349758148193
0.34852349758148193
0.34852349758148193
0.34852349758148193
0.34852349758148193
0.34852349758148193
0.34852349758148193
0.34852349758148193
0.34852349758148193
0.34852349758148193
0.34852349758148193
0.34852349758148193
0.34852349758148193
0.34852349758148193
0.34852349758148193
0.34852349758148193
0.34852349758148193
0.34852349758148193
0.34852349758148193
0.34852349758148193
0.34852349758148193
0.34852349758148193
0.34852349758148193
0.34852349758148193
0.34852349758148193
0.34852349758148193
0.34852349758148193
0.34852349758148193
0.34852349758148193
0.34852349758148193
0.34852349758148193
0.34852349758148193
0.34852349758148193
0.34852349758148193
0.34852349758148193
0.34852349758148193
0.34852349758148193
0.34852349758148193
0.2730431854724884
0.2730431854724884
0.2730431854724884
0.2730431854724884
0.2730431854724884
0.2730431854724884
0.2730431854724884
0.2730431854724884
0.2730431854724884
0.2730431854724884
0.2730431854724884
0.2730431854724884
0.2730431854724884
0.2730431854724884
0.2730431854724884
0.2730431854724884
0.2730431854724884
0.2730431854724884
0.2730431854724884
0.2730431854724884
0.2730431854724884
0.2730431854724884
