0.31201285123825073
0.005582135170698166
0.005096882581710815
0.005085349548608065
0.005154168698936701
0.004895777907222509
0.004931170493364334
0.0047765132039785385
0.0047751436941325665
0.004642026498913765
0.004693400114774704
0.004537474364042282
0.004537136759608984
0.004395751748234034
0.004384097643196583
0.004227861296385527
0.004240311216562986
0.004057842772454023
0.00408009672537446
0.003890752559527755
0.0038789021782577038
0.003752016695216298
0.0038312554825097322
0.003720201551914215
0.003771996358409524
0.0036820126697421074
0.0036977773997932673
0.0035877549089491367
0.0035995678044855595
0.003457088489085436
0.003424557391554117
0.003324336837977171
0.003360313829034567
0.0032843113876879215
0.0032904313411563635
0.0032500787638127804
0.0032419455237686634
0.0032315475400537252
0.003210829570889473
0.0032059417571872473
0.0031877823639661074
0.0031938529573380947
0.003170376643538475
0.003167887683957815
0.0031635321211069822
0.0031565746758133173
0.003149297321215272
0.0031415040139108896
0.0031307798344641924
0.0031259821262210608
0.003123522037640214
0.003105986164882779
0.0030883997678756714
0.0030704010277986526
0.003044485580176115
0.0029962279368191957
0.0029283722396939993
0.002847583731636405
0.0027352464385330677
0.0026788529939949512
0.002604949288070202
0.002564716152846813
0.00253442139364779
0.002508815610781312
0.002519772155210376
0.002483677351847291
0.0024819187819957733
0.0024753394536674023
0.0024680951610207558
0.0024633146822452545
0.002461618511006236
0.0024591449182480574
0.0024618266616016626
0.002461753785610199
0.0024581856559962034
0.0024615454021841288
0.002456910675391555
0.002452291315421462
0.0024514489341527224
0.0024498007260262966
0.0024627922102808952
0.0024524277541786432
0.0024466621689498425
0.0024442982394248247
0.002447758801281452
0.002455907640978694
0.0024569788947701454
0.0024404223076999187
0.002436721697449684
0.002436478156596422
0.002439827425405383
0.0024333593901246786
0.0024404346477240324
0.0024311004672199488
0.002422584453597665
0.0024218829348683357
0.0024209716357290745
0.0024150172248482704
0.0024276229087263346
0.0024103932082653046
0.0024085245095193386
0.002399722347036004
0.0023962908890098333
0.002397579373791814
0.002383997431024909
0.0023844572715461254
0.0023702247999608517
0.002372035989537835
0.0023466888815164566
0.002329907612875104
0.002301297150552273
0.002292984863743186
0.0022143309470266104
0.0021405923180282116
0.0020059840753674507
0.0017681862227618694
0.0015969118103384972
0.0013827206566929817
0.001538362936116755
0.0012210665736347437
0.0011622627498582006
0.0010602906113490462
0.0010490849381312728
0.0010203554993495345
0.0009353564237244427
0.0009084827615879476
0.0008824228425510228
0.0008872785256244242
0.0010614695493131876
0.0008777483599260449
0.000849188189022243
0.000894018798135221
0.0009709009318612516
0.0008373494492843747
0.000858247687574476
0.000873303331900388
0.00088875787332654
0.0008396076736971736
0.0008366842521354556
0.000832892837934196
0.0008419001824222505
0.0009397295652888715
0.0008735116571187973
0.0009665964171290398
0.0008514929795637727
0.0008300170302391052
0.0010927921393886209
0.0008242657058872283
0.0009113219566643238
0.0008994692470878363
0.0009347858722321689
0.0008198097348213196
0.0009167476673610508
0.00083827821072191
0.00083136250032112
0.0008439694647677243
0.000888378475792706
0.0010835558641701937
0.000901634048204869
0.0009578044409863651
0.0008988453191705048
0.0008584478637203574
0.0011310686822980642
0.0008134400704875588
0.00089656823547557
0.0008593649254180491
0.0008820926886983216
0.0009000675054267049
0.0008160158758983016
0.000812202924862504
0.0008525072480551898
0.0008497131639160216
0.0008372014272026718
0.0008684095810167491
0.000814907718449831
0.001200399943627417
0.001309144776314497
0.00169341079890728
0.0017100968398153782
0.001762279192917049
0.0017641793237999082
0.0017704751808196306
0.0017705857753753662
0.0017711997497826815
0.0017712014960125089
0.0017712137196213007
0.0017712144181132317
0.0017712144181132317
0.0017712144181132317
0.0017712144181132317
0.0017712144181132317
0.0017712144181132317
0.0017712144181132317
0.0017712144181132317
0.0017712144181132317
0.0017712144181132317
0.0017712144181132317
0.0017712144181132317
0.0017712144181132317
0.0017712144181132317
0.0017712144181132317
0.0017712144181132317
0.0017712144181132317
0.0017712144181132317
0.0017712144181132317
0.0017712144181132317
0.0017712144181132317
0.0017712144181132317
0.0017712144181132317
0.0017712144181132317
0.0017712144181132317
0.0017712144181132317
0.0017712144181132317
0.0017712144181132317
0.0017712144181132317
0.0017712144181132317
0.0017712144181132317
0.0017712144181132317
0.0017712144181132317
0.0017712144181132317
0.0017712144181132317
0.0017712144181132317
0.0017712144181132317
0.0017712144181132317
0.0017712144181132317
0.0017712144181132317
0.0017712144181132317
0.0017712144181132317
0.0017712144181132317
0.0017712144181132317
0.0017712144181132317
0.0017712144181132317
0.0017712144181132317
0.0017712144181132317
0.0017712144181132317
0.0017712144181132317
0.0017712144181132317
0.0017712144181132317
0.0017712144181132317
0.0017712144181132317
0.0017712144181132317
0.0017712144181132317
0.0017712144181132317
0.0017712144181132317
0.0017712144181132317
0.0017712144181132317
0.0017712144181132317
0.0017712144181132317
0.0017712144181132317
0.0017712144181132317
0.0017712144181132317
0.000812202924862504
0.000812202924862504
0.000812202924862504
0.000812202924862504
0.000812202924862504
0.000812202924862504
0.000812202924862504
0.000812202924862504
0.000812202924862504
0.000812202924862504
0.000812202924862504
0.000812202924862504
0.000812202924862504
0.000812202924862504
0.000812202924862504
0.000812202924862504
0.000812202924862504
0.000812202924862504
0.000812202924862504
0.000812202924862504
0.000812202924862504
0.000812202924862504
