1.2780975103378296
0.1720883846282959
0.19384723901748657
0.20914725959300995
0.18095481395721436
0.22012744843959808
0.18830418586730957
0.20509421825408936
0.19598406553268433
0.21390321850776672
0.19533491134643555
0.21229210495948792
0.19635891914367676
0.21040433645248413
0.19471591711044312
0.20781481266021729
0.1900492161512375
0.2067667841911316
0.1845398098230362
0.20420393347740173
0.18096159398555756
0.19704066216945648
0.17467975616455078
0.1924314945936203
0.1711774319410324
0.18797831237316132
0.16933800280094147
0.1824103593826294
0.16960130631923676
0.18303637206554413
0.1780713051557541
0.1988905817270279
0.17782944440841675
0.19675368070602417
0.18201884627342224
0.1953519731760025
0.19025038182735443
0.19741076231002808
0.1926380842924118
0.19651909172534943
0.1941995918750763
0.19927337765693665
0.19751133024692535
0.19598765671253204
0.19935643672943115
0.19769494235515594
0.19566138088703156
0.19790053367614746
0.1956239640712738
0.1974252462387085
0.1936570405960083
0.1967337429523468
0.1976185292005539
0.19605480134487152
0.19471372663974762
0.19738537073135376
0.1966705024242401
0.19506818056106567
0.19380170106887817
0.19895541667938232
0.19651396572589874
0.20037724077701569
0.196510910987854
0.19887709617614746
0.20160873234272003
0.19859455525875092
0.1963161826133728
0.19932352006435394
0.19638043642044067
0.19723740220069885
0.19837047159671783
0.1982371211051941
0.19611886143684387
0.19778594374656677
0.19669847190380096
0.19793030619621277
0.1959799975156784
0.1968081146478653
0.19944143295288086
0.197104349732399
0.19537894427776337
0.19604961574077606
0.1965782642364502
0.19664891064167023
0.19647590816020966
0.1962924301624298
0.19841641187667847
0.19723106920719147
0.1990266591310501
0.19764746725559235
0.1950053572654724
0.19668124616146088
0.19230325520038605
0.195559561252594
0.19688178598880768
0.19816188514232635
0.19653142988681793
0.19637906551361084
0.19477277994155884
0.1982932835817337
0.1941964477300644
0.19741250574588776
0.1965419352054596
0.19466184079647064
0.19789965450763702
0.1947016566991806
0.1960277110338211
0.1940833479166031
0.19735053181648254
0.19729691743850708
0.1976182758808136
0.19584156572818756
0.1981351673603058
0.19766969978809357
0.19878217577934265
0.1977880895137787
0.19483746588230133
0.19727399945259094
0.20066989958286285
0.19818419218063354
0.19765043258666992
0.19794437289237976
0.19514963030815125
0.20199209451675415
0.19493956863880157
0.1991918385028839
0.19675840437412262
0.19612260162830353
0.19947749376296997
0.19601605832576752
0.19784699380397797
0.1982906609773636
0.1950722485780716
0.1978171318769455
0.19791053235530853
0.19941306114196777
0.19579018652439117
0.19599474966526031
0.1965295970439911
0.19711612164974213
0.1993328481912613
0.19460396468639374
0.19639655947685242
0.1969403326511383
0.19685041904449463
0.1973135769367218
0.1920211911201477
0.19808371365070343
0.19791065156459808
0.19833461940288544
0.19496993720531464
0.19688831269741058
0.19793090224266052
0.19742242991924286
0.19778066873550415
0.19810985028743744
0.19576071202754974
0.19293414056301117
0.1980881541967392
0.1932128369808197
0.1936625838279724
0.19749172031879425
0.201120063662529
0.19751016795635223
0.19705738127231598
0.19503234326839447
0.19741874933242798
0.19479875266551971
0.1965637356042862
0.19799530506134033
0.19733686745166779
0.19510161876678467
0.19511374831199646
0.19634956121444702
0.1960524469614029
0.19709663093090057
0.1969250589609146
0.1984594315290451
0.1984444409608841
0.19863829016685486
0.19863641262054443
0.19865946471691132
0.19865916669368744
0.19866110384464264
0.19866108894348145
0.19866113364696503
0.19866113364696503
0.19866113364696503
0.19866113364696503
0.19866113364696503
0.19866113364696503
0.19866113364696503
0.19866113364696503
0.19866113364696503
0.19866113364696503
0.19866113364696503
0.19866113364696503
0.19866113364696503
0.19866113364696503
0.19866113364696503
0.19866113364696503
0.19866113364696503
0.19866113364696503
0.19866113364696503
0.19866113364696503
0.19866113364696503
0.19866113364696503
0.19866113364696503
0.19866113364696503
0.19866113364696503
0.19866113364696503
0.19866113364696503
0.19866113364696503
0.19866113364696503
0.19866113364696503
0.19866113364696503
0.19866113364696503
0.19866113364696503
0.19866113364696503
0.19866113364696503
0.19866113364696503
0.19866113364696503
0.19866113364696503
0.19866113364696503
0.19866113364696503
0.19866113364696503
0.19866113364696503
0.19866113364696503
0.19866113364696503
0.19866113364696503
0.19866113364696503
0.19866113364696503
0.19866113364696503
0.19866113364696503
0.19866113364696503
0.19866113364696503
0.19866113364696503
0.19866113364696503
0.19866113364696503
0.19866113364696503
0.19866113364696503
0.19866113364696503
0.19866113364696503
0.19866113364696503
0.19866113364696503
0.19866113364696503
0.19866113364696503
0.19866113364696503
0.19866113364696503
0.19866113364696503
0.19866113364696503
0.19799530506134033
0.19799530506134033
0.19799530506134033
0.19799530506134033
0.19799530506134033
0.19799530506134033
0.19799530506134033
0.19799530506134033
0.19799530506134033
0.19799530506134033
0.19799530506134033
0.19799530506134033
0.19799530506134033
0.19799530506134033
0.19799530506134033
0.19799530506134033
0.19799530506134033
0.19799530506134033
0.19799530506134033
0.19799530506134033
0.19799530506134033
0.19799530506134033
