1.2777459621429443
0.17208677530288696
0.19384156167507172
0.2091425359249115
0.18095074594020844
0.22012107074260712
0.1882995069026947
0.2050882875919342
0.19597916305065155
0.2138967365026474
0.19533030688762665
0.21228526532649994
0.19635304808616638
0.21039701998233795
0.19470925629138947
0.20780685544013977
0.1900418996810913
0.20675717294216156
0.1845315843820572
0.2041921615600586
0.18095213174819946
0.19702725112438202
0.1746690720319748
0.19241651892662048
0.17116597294807434
0.18796247243881226
0.16932515799999237
0.18239542841911316
0.16958798468112946
0.1830229014158249
0.17805802822113037
0.19887593388557434
0.17781774699687958
0.19673866033554077
0.1820068210363388
0.19533847272396088
0.19023752212524414
0.19739821553230286
0.19262690842151642
0.19650819897651672
0.19418923556804657
0.19926249980926514
0.19750140607357025
0.19597823917865753
0.19934606552124023
0.19768506288528442
0.1956523060798645
0.19789068400859833
0.19561518728733063
0.19741590321063995
0.19364850223064423
0.19672468304634094
0.19760935008525848
0.19604603946208954
0.194705531001091
0.1973770260810852
0.19666287302970886
0.19506116211414337
0.19379496574401855
0.1989484429359436
0.1965072751045227
0.2003701627254486
0.19650427997112274
0.1988704651594162
0.2016018182039261
0.19858819246292114
0.19630999863147736
0.19931665062904358
0.19637444615364075
0.19723136723041534
0.19836421310901642
0.1982308179140091
0.19611278176307678
0.19777990877628326
0.19669242203235626
0.1979241669178009
0.19597403705120087
0.1968020647764206
0.1994350552558899
0.19709837436676025
0.19537317752838135
0.19604356586933136
0.1965724378824234
0.19664299488067627
0.19646984338760376
0.19628609716892242
0.19841055572032928
0.19722500443458557
0.1990201622247696
0.19764141738414764
0.19499947130680084
0.19667552411556244
0.1922980099916458
0.19555366039276123
0.19687578082084656
0.19815576076507568
0.19652538001537323
0.19637298583984375
0.19476689398288727
0.1982869803905487
0.19419090449810028
0.19740630686283112
0.19653606414794922
0.19465577602386475
0.19789353013038635
0.19469571113586426
0.19602183997631073
0.19407722353935242
0.19734424352645874
0.19729015231132507
0.1976117640733719
0.19583489000797272
0.1981278359889984
0.1976618766784668
0.198773592710495
0.19777922332286835
0.19482849538326263
0.1972644180059433
0.20065967738628387
0.1981745809316635
0.19764094054698944
0.19793474674224854
0.19514015316963196
0.20198142528533936
0.19493022561073303
0.1991817206144333
0.19674862921237946
0.19611278176307678
0.19946680963039398
0.19600623846054077
0.1978367567062378
0.1982801854610443
0.19506226480007172
0.197806715965271
0.19790014624595642
0.19940230250358582
0.19578038156032562
0.19598466157913208
0.19651934504508972
0.1971057951450348
0.19932210445404053
0.19459401071071625
0.1963864266872406
0.19693027436733246
0.1968400925397873
0.19730305671691895
0.192012220621109
0.19807319343090057
0.19790008664131165
0.19832399487495422
0.19495993852615356
0.19687794148921967
0.19792045652866364
0.19741190969944
0.1977701187133789
0.19809909164905548
0.19575059413909912
0.19292476773262024
0.1980772614479065
0.19320343434810638
0.19365277886390686
0.19748112559318542
0.20110872387886047
0.197499617934227
0.19704678654670715
0.19502227008342743
0.19740834832191467
0.1947885900735855
0.1965533047914505
0.19798453152179718
0.19732613861560822
0.19509141147136688
0.19510355591773987
0.19633916020393372
0.1960420310497284
0.19708578288555145
0.19691407680511475
0.19844788312911987
0.19843287765979767
0.19862660765647888
0.19862473011016846
0.19864778220653534
0.19864746928215027
0.19864940643310547
0.19864940643310547
0.19864943623542786
0.19864943623542786
0.19864943623542786
0.19864943623542786
0.19864943623542786
0.19864943623542786
0.19864943623542786
0.19864943623542786
0.19864943623542786
0.19864943623542786
0.19864943623542786
0.19864943623542786
0.19864943623542786
0.19864943623542786
0.19864943623542786
0.19864943623542786
0.19864943623542786
0.19864943623542786
0.19864943623542786
0.19864943623542786
0.19864943623542786
0.19864943623542786
0.19864943623542786
0.19864943623542786
0.19864943623542786
0.19864943623542786
0.19864943623542786
0.19864943623542786
0.19864943623542786
0.19864943623542786
0.19864943623542786
0.19864943623542786
0.19864943623542786
0.19864943623542786
0.19864943623542786
0.19864943623542786
0.19864943623542786
0.19864943623542786
0.19864943623542786
0.19864943623542786
0.19864943623542786
0.19864943623542786
0.19864943623542786
0.19864943623542786
0.19864943623542786
0.19864943623542786
0.19864943623542786
0.19864943623542786
0.19864943623542786
0.19864943623542786
0.19864943623542786
0.19864943623542786
0.19864943623542786
0.19864943623542786
0.19864943623542786
0.19864943623542786
0.19864943623542786
0.19864943623542786
0.19864943623542786
0.19864943623542786
0.19864943623542786
0.19864943623542786
0.19864943623542786
0.19864943623542786
0.19864943623542786
0.19864943623542786
0.19760149717330933
0.19762054085731506
0.1976069062948227
0.19762389361858368
0.19762137532234192
0.1976090371608734
0.19762077927589417
0.1976250261068344
0.19763416051864624
0.19762898981571198
0.19763211905956268
0.1976294070482254
0.19763797521591187
0.19763338565826416
0.19763357937335968
0.19763824343681335
0.19763673841953278
0.1976383775472641
0.19764111936092377
0.19763626158237457
0.1976364403963089
0.19763803482055664
