0.6087453961372375
0.09295079857110977
0.10601349174976349
0.11482628434896469
0.10085421055555344
0.12229804694652557
0.10613804310560226
0.11554868519306183
0.11090783029794693
0.12078278511762619
0.11108918488025665
0.12064796686172485
0.11263001710176468
0.12056649476289749
0.11276575177907944
0.12025678157806396
0.11108750104904175
0.12109244614839554
0.10890322178602219
0.12095876783132553
0.10762276500463486
0.11766785383224487
0.10459493100643158
0.11548115313053131
0.10282576829195023
0.1130627989768982
0.10217364132404327
0.10970798879861832
0.10250543802976608
0.10989270359277725
0.10746610909700394
0.11983193457126617
0.10770969837903976
0.1195465475320816
0.11068066209554672
0.11862153559923172
0.11556606739759445
0.11912383139133453
0.11639098823070526
0.11821932345628738
0.11696735769510269
0.1200450137257576
0.11899551749229431
0.11794242262840271
0.1203455775976181
0.11925710737705231
0.11807846277952194
0.11954186856746674
0.11812101304531097
0.11938516050577164
0.11697401851415634
0.11902955174446106
0.11974308639764786
0.11869490891695023
0.11790826171636581
0.11969296634197235
0.1194007620215416
0.11828595399856567
0.11744820326566696
0.1207369863986969
0.11899265646934509
0.12120084464550018
0.11866708844900131
0.12007153034210205
0.12184847891330719
0.1198117733001709
0.11822668462991714
0.1200924962759018
0.11823145300149918
0.1188213899731636
0.11959975212812424
0.11950314044952393
0.11812359094619751
0.11916343867778778
0.11845093965530396
0.11927193403244019
0.11802949756383896
0.11863479763269424
0.1203773096203804
0.11883167177438736
0.11768493801355362
0.11815620958805084
0.11843593418598175
0.11867592483758926
0.11841940879821777
0.11834507435560226
0.11959267407655716
0.11886992305517197
0.12012570351362228
0.11920328438282013
0.11752553284168243
0.11849870532751083
0.11571472138166428
0.11779528111219406
0.11876754462718964
0.11945939064025879
0.11844293028116226
0.11848290264606476
0.11734268814325333
0.11964955180883408
0.11694277077913284
0.11901195347309113
0.11854060739278793
0.11719382554292679
0.11930123716592789
0.11725489050149918
0.1181449368596077
0.11701492220163345
0.11909281462430954
0.1189720630645752
0.11922799795866013
0.11802802979946136
0.1196710616350174
0.11925915628671646
0.12005926668643951
0.11933697015047073
0.11749491840600967
0.11888648569583893
0.12114348262548447
0.11938752233982086
0.11898075044155121
0.11928094923496246
0.11734563857316971
0.12191523611545563
0.11710188537836075
0.11989270895719528
0.11829056590795517
0.11786581575870514
0.12009793519973755
0.11793956160545349
0.11903511732816696
0.11933513730764389
0.11718520522117615
0.11903111636638641
0.11905618011951447
0.120119608938694
0.11770346015691757
0.1178467869758606
0.1181744709610939
0.11861935257911682
0.12010394036769867
0.11693424731492996
0.11813992261886597
0.11844929307699203
0.11821044236421585
0.11854530870914459
0.11497429758310318
0.11904217302799225
0.11897563189268112
0.11948490887880325
0.11706250160932541
0.11826392263174057
0.11889422684907913
0.11857970803976059
0.11893849819898605
0.11914587765932083
0.11760760843753815
0.11573796719312668
0.11929965764284134
0.11571937054395676
0.11608224362134933
0.11859944462776184
0.1210479810833931
0.11867178976535797
0.11843255162239075
0.11701801419258118
0.11861886829137802
0.11685174703598022
0.11808750033378601
0.11907195299863815
0.11864045262336731
0.11705181002616882
0.11710389703512192
0.11793062835931778
0.11769301444292068
0.11850062757730484
0.11845897138118744
0.11950685828924179
0.11950617283582687
0.11963917315006256
0.11963900178670883
0.11965476721525192
0.11965465545654297
0.11965598165988922
0.11965598165988922
0.1196560189127922
0.1196560189127922
0.1196560189127922
0.1196560189127922
0.1196560189127922
0.1196560189127922
0.1196560189127922
0.1196560189127922
0.1196560189127922
0.1196560189127922
0.1196560189127922
0.1196560189127922
0.1196560189127922
0.1196560189127922
0.1196560189127922
0.1196560189127922
0.1196560189127922
0.1196560189127922
0.1196560189127922
0.1196560189127922
0.1196560189127922
0.1196560189127922
0.1196560189127922
0.1196560189127922
0.1196560189127922
0.1196560189127922
0.1196560189127922
0.1196560189127922
0.1196560189127922
0.1196560189127922
0.1196560189127922
0.1196560189127922
0.1196560189127922
0.1196560189127922
0.1196560189127922
0.1196560189127922
0.1196560189127922
0.1196560189127922
0.1196560189127922
0.1196560189127922
0.1196560189127922
0.1196560189127922
0.1196560189127922
0.1196560189127922
0.1196560189127922
0.1196560189127922
0.1196560189127922
0.1196560189127922
0.1196560189127922
0.1196560189127922
0.1196560189127922
0.1196560189127922
0.1196560189127922
0.1196560189127922
0.1196560189127922
0.1196560189127922
0.1196560189127922
0.1196560189127922
0.1196560189127922
0.1196560189127922
0.1196560189127922
0.1196560189127922
0.1196560189127922
0.1196560189127922
0.1196560189127922
0.1196560189127922
0.11907195299863815
0.11907195299863815
0.11907195299863815
0.11907195299863815
0.11907195299863815
0.11907195299863815
0.11907195299863815
0.11907195299863815
0.11907195299863815
0.11907195299863815
0.11907195299863815
0.11907195299863815
0.11907195299863815
0.11907195299863815
0.11907195299863815
0.11907195299863815
0.11907195299863815
0.11907195299863815
0.11907195299863815
0.11907195299863815
0.11907195299863815
0.11907195299863815
