-0.030176639556884766
-0.0002353191375732422
-0.0002980232238769531
-0.0002448558807373047
-0.00022554397583007812
-0.00030612945556640625
-0.0002560615539550781
-0.00031447410583496094
-0.0002720355987548828
-0.0003235340118408203
-0.00026679039001464844
-0.00033664703369140625
-0.00030803680419921875
-0.0003604888916015625
-0.0003314018249511719
-0.00039267539978027344
-0.0003554821014404297
-0.0004668235778808594
-0.0003859996795654297
-0.0005629062652587891
-0.00043892860412597656
-0.0006344318389892578
-0.0004887580871582031
-0.0007083415985107422
-0.0005197525024414062
-0.0007491111755371094
-0.000576019287109375
-0.0007140636444091797
-0.0006051063537597656
-0.0006549358367919922
-0.0006237030029296875
-0.0006737709045410156
-0.0005407333374023438
-0.0006785392761230469
-0.0005514621734619141
-0.0006101131439208984
-0.0005903244018554688
-0.0005810260772705078
-0.0005130767822265625
-0.0004930496215820312
-0.00048160552978515625
-0.0005125999450683594
-0.0004596710205078125
-0.0004343986511230469
-0.0004849433898925781
-0.00046062469482421875
-0.00041484832763671875
-0.00046133995056152344
-0.00040078163146972656
-0.00043964385986328125
-0.00038695335388183594
-0.00041675567626953125
-0.00041866302490234375
-0.0003876686096191406
-0.00036263465881347656
-0.00035262107849121094
-0.0003185272216796875
-0.00029015541076660156
-0.00027823448181152344
-0.0003204345703125
-0.00030303001403808594
-0.0003509521484375
-0.0003268718719482422
-0.00037598609924316406
-0.0004341602325439453
-0.0004057884216308594
-0.000392913818359375
-0.0004398822784423828
-0.0004191398620605469
-0.0004477500915527344
-0.00045490264892578125
-0.0004565715789794922
-0.0004515647888183594
-0.0004429817199707031
-0.00044918060302734375
-0.00044798851013183594
-0.0004372596740722656
-0.00044727325439453125
-0.00046753883361816406
-0.0004634857177734375
-0.0004241466522216797
-0.0004432201385498047
-0.0004546642303466797
-0.00045680999755859375
-0.0004436969757080078
-0.00047397613525390625
-0.0004620552062988281
-0.0004496574401855469
-0.00047969818115234375
-0.0004553794860839844
-0.00045108795166015625
-0.0004782676696777344
-0.00044155120849609375
-0.0004513263702392578
-0.00047779083251953125
-0.0004699230194091797
-0.0004642009735107422
-0.00048542022705078125
-0.00044465065002441406
-0.0004918575286865234
-0.0004737377166748047
-0.0004937648773193359
-0.00047469139099121094
-0.0004749298095703125
-0.0005025863647460938
-0.0004863739013671875
-0.0004982948303222656
-0.00048422813415527344
-0.0005035400390625
-0.0005202293395996094
-0.0005261898040771484
-0.0005075931549072266
-0.0005719661712646484
-0.0005738735198974609
-0.0006229877471923828
-0.0006206035614013672
-0.0005719661712646484
-0.0006158351898193359
-0.0006704330444335938
-0.0005941390991210938
-0.0005595684051513672
-0.0005495548248291016
-0.0005450248718261719
-0.0005717277526855469
-0.0005068778991699219
-0.0005300045013427734
-0.0005140304565429688
-0.0005221366882324219
-0.0005753040313720703
-0.0005056858062744141
-0.00052642822265625
-0.0005424022674560547
-0.0005373954772949219
-0.0005319118499755859
-0.0005371570587158203
-0.0005495548248291016
-0.0005023479461669922
-0.0005147457122802734
-0.0005278587341308594
-0.0005223751068115234
-0.000537872314453125
-0.0005269050598144531
-0.0005121231079101562
-0.0005054473876953125
-0.0005314350128173828
-0.0005331039428710938
-0.0004596710205078125
-0.0005328655242919922
-0.0005466938018798828
-0.0005242824554443359
-0.0005304813385009766
-0.0005280971527099609
-0.0005476474761962891
-0.0005400180816650391
-0.0005314350128173828
-0.0005478858947753906
-0.0005116462707519531
-0.0004737377166748047
-0.0005333423614501953
-0.00048732757568359375
-0.0005025863647460938
-0.0005464553833007812
-0.0005898475646972656
-0.0005357265472412109
-0.0005481243133544922
-0.0005152225494384766
-0.0005230903625488281
-0.0005340576171875
-0.0005314350128173828
-0.0005466938018798828
-0.0005509853363037109
-0.0005342960357666016
-0.0005211830139160156
-0.0005230903625488281
-0.0005338191986083984
-0.0005774497985839844
-0.0005867481231689453
-0.0006289482116699219
-0.0006308555603027344
-0.0006375312805175781
-0.0006377696990966797
-0.0006382465362548828
-0.0006382465362548828
-0.0006384849548339844
-0.0006384849548339844
-0.0006384849548339844
-0.0006384849548339844
-0.0006384849548339844
-0.0006384849548339844
-0.0006384849548339844
-0.0006384849548339844
-0.0006384849548339844
-0.0006384849548339844
-0.0006384849548339844
-0.0006384849548339844
-0.0006384849548339844
-0.0006384849548339844
-0.0006384849548339844
-0.0006384849548339844
-0.0006384849548339844
-0.0006384849548339844
-0.0006384849548339844
-0.0006384849548339844
-0.0006384849548339844
-0.0006384849548339844
-0.0006384849548339844
-0.0006384849548339844
-0.0006384849548339844
-0.0006384849548339844
-0.0006384849548339844
-0.0006384849548339844
-0.0006384849548339844
-0.0006384849548339844
-0.0006384849548339844
-0.0006384849548339844
-0.0006384849548339844
-0.0006384849548339844
-0.0006384849548339844
-0.0006384849548339844
-0.0006384849548339844
-0.0006384849548339844
-0.0006384849548339844
-0.0006384849548339844
-0.0006384849548339844
-0.0006384849548339844
-0.0006384849548339844
-0.0006384849548339844
-0.0006384849548339844
-0.0006384849548339844
-0.0006384849548339844
-0.0006384849548339844
-0.0006384849548339844
-0.0006384849548339844
-0.0006384849548339844
-0.0006384849548339844
-0.0006384849548339844
-0.0006384849548339844
-0.0006384849548339844
-0.0006384849548339844
-0.0006384849548339844
-0.0006384849548339844
-0.0006384849548339844
-0.0006384849548339844
-0.0006384849548339844
-0.0006384849548339844
-0.0006384849548339844
-0.0006384849548339844
-0.0006384849548339844
-0.0006384849548339844
-0.0006384849548339844
-0.0006384849548339844
-0.0005466938018798828
-0.0005466938018798828
-0.0005466938018798828
-0.0005466938018798828
-0.0005466938018798828
-0.0005466938018798828
-0.0005466938018798828
-0.0005466938018798828
-0.0005466938018798828
-0.0005466938018798828
-0.0005466938018798828
-0.0005466938018798828
-0.0005466938018798828
-0.0005466938018798828
-0.0005466938018798828
-0.0005466938018798828
-0.0005466938018798828
-0.0005466938018798828
-0.0005466938018798828
-0.0005466938018798828
-0.0005466938018798828
-0.0005466938018798828
