0.5998241901397705
0.019193010404706
0.025464791804552078
0.03085016831755638
0.023959562182426453
0.0371549054980278
0.028185714036226273
0.03432076424360275
0.03201669827103615
0.03909946605563164
0.03323322534561157
0.0404958501458168
0.035932689905166626
0.0424753837287426
0.03839760273694992
0.04513244330883026
0.04023106396198273
0.04967135563492775
0.04221152886748314
0.05469658225774765
0.04516347497701645
0.05678386613726616
0.04644624888896942
0.05907519534230232
0.048271581530570984
0.059983182698488235
0.05090728774666786
0.05854778736829758
0.0536312535405159
0.059481821954250336
0.06000255048274994
0.06974305957555771
0.06101951003074646
0.07236319035291672
0.06460976600646973
0.0697566419839859
0.06843006610870361
0.068496935069561
0.0651257336139679
0.06443927437067032
0.0637623593211174
0.06606929749250412
0.06349495053291321
0.062073368579149246
0.06522613018751144
0.06366553157567978
0.062070805579423904
0.06402000039815903
0.0614948570728302
0.0637633353471756
0.0604943186044693
0.06295330822467804
0.06339310854673386
0.06204219162464142
0.06143922358751297
0.062245260924100876
0.061901312321424484
0.060944221913814545
0.06002999097108841
0.0633416548371315
0.060603104531764984
0.06266765296459198
0.06024010106921196
0.061329107731580734
0.06351637095212936
0.06129257380962372
0.05976158007979393
0.06066356599330902
0.059275902807712555
0.060143258422613144
0.06084743142127991
0.060662537813186646
0.05957695469260216
0.060332175344228745
0.05941807106137276
0.060812849551439285
0.059632256627082825
0.05987711250782013
0.06096869334578514
0.060230839997529984
0.05855320021510124
0.05917339026927948
0.059909574687480927
0.060033995658159256
0.059381529688835144
0.05923965200781822
0.06099102273583412
0.05943033844232559
0.061071909964084625
0.06015005707740784
0.05856813117861748
0.05986584350466728
0.05802999809384346
0.05907467007637024
0.06026430428028107
0.05983747914433479
0.05982452630996704
0.05974802374839783
0.058615248650312424
0.06085535138845444
0.05907661095261574
0.060255520045757294
0.05928059294819832
0.05867864191532135
0.06034942343831062
0.058705009520053864
0.059696704149246216
0.05841408669948578
0.060151372104883194
0.05983986333012581
0.0607672818005085
0.0591895692050457
0.06109243258833885
0.060494452714920044
0.061867594718933105
0.06169550493359566
0.059310607612133026
0.06131013482809067
0.06434451043605804
0.061804983764886856
0.0608256459236145
0.061640601605176926
0.06044664978981018
0.06379780173301697
0.059526972472667694
0.061643388122320175
0.060496553778648376
0.06073024868965149
0.06300336867570877
0.05993408337235451
0.061260294169187546
0.06202906742691994
0.06075555086135864
0.06126098334789276
0.06159912794828415
0.06250055134296417
0.05956796929240227
0.06017168611288071
0.06080541014671326
0.06059558689594269
0.061921652406454086
0.06049063801765442
0.060042936354875565
0.059677835553884506
0.0607733428478241
0.06077266111969948
0.05649349093437195
0.061434779316186905
0.061815641820430756
0.060478586703538895
0.0606936551630497
0.060108207166194916
0.06207900494337082
0.060967497527599335
0.06105465814471245
0.0615815743803978
0.05964843928813934
0.057504430413246155
0.06004529818892479
0.05797556787729263
0.05823376029729843
0.061407774686813354
0.06409034132957458
0.06098277494311333
0.06092999503016472
0.059119902551174164
0.06000325456261635
0.06027933210134506
0.0603879950940609
0.06106068193912506
0.06172722950577736
0.060141969472169876
0.059209901839494705
0.05980881303548813
0.06036654859781265
0.06240168213844299
0.06256602704524994
0.06430067121982574
0.0643390566110611
0.06457994878292084
0.06458432227373123
0.06461318582296371
0.06461334973573685
0.06461600959300995
0.06461600214242935
0.06461607664823532
0.06461607664823532
0.06461607664823532
0.06461607664823532
0.06461607664823532
0.06461607664823532
0.06461607664823532
0.06461607664823532
0.06461607664823532
0.06461607664823532
0.06461607664823532
0.06461607664823532
0.06461607664823532
0.06461607664823532
0.06461607664823532
0.06461607664823532
0.06461607664823532
0.06461607664823532
0.06461607664823532
0.06461607664823532
0.06461607664823532
0.06461607664823532
0.06461607664823532
0.06461607664823532
0.06461607664823532
0.06461607664823532
0.06461607664823532
0.06461607664823532
0.06461607664823532
0.06461607664823532
0.06461607664823532
0.06461607664823532
0.06461607664823532
0.06461607664823532
0.06461607664823532
0.06461607664823532
0.06461607664823532
0.06461607664823532
0.06461607664823532
0.06461607664823532
0.06461607664823532
0.06461607664823532
0.06461607664823532
0.06461607664823532
0.06461607664823532
0.06461607664823532
0.06461607664823532
0.06461607664823532
0.06461607664823532
0.06461607664823532
0.06461607664823532
0.06461607664823532
0.06461607664823532
0.06461607664823532
0.06461607664823532
0.06461607664823532
0.06461607664823532
0.06461607664823532
0.06461607664823532
0.06461607664823532
0.06461607664823532
0.06461607664823532
0.06461607664823532
0.06461607664823532
0.06461607664823532
0.06461607664823532
0.06106068193912506
0.06106068193912506
0.06106068193912506
0.06106068193912506
0.06106068193912506
0.06106068193912506
0.06106068193912506
0.06106068193912506
0.06106068193912506
0.06106068193912506
0.06106068193912506
0.06106068193912506
0.06106068193912506
0.06106068193912506
0.06106068193912506
0.06106068193912506
0.06106068193912506
0.06106068193912506
0.06106068193912506
0.06106068193912506
0.06106068193912506
0.06106068193912506
