14.75349235534668
0.42863813042640686
0.5953631401062012
0.2677084803581238
0.22937779128551483
0.2895318865776062
0.23315858840942383
0.27762675285339355
0.25942638516426086
0.3007583022117615
0.2655501365661621
0.3032757043838501
0.27747511863708496
0.3125872015953064
0.28431767225265503
0.3218841552734375
0.28263038396835327
0.3379010856151581
0.2798892855644226
0.3517664670944214
0.2924703359603882
0.3417789041996002
0.2714468836784363
0.3299406170845032
0.2610150873661041
0.31194084882736206
0.2506375014781952
0.2875208258628845
0.2489715814590454
0.2719196081161499
0.2630964517593384
0.276786208152771
0.23606163263320923
0.25144627690315247
0.22697606682777405
0.23053666949272156
0.23077881336212158
0.2219553291797638
0.21572552621364594
0.2048879861831665
0.21234753727912903
0.21587343513965607
0.21268820762634277
0.20501886308193207
0.212916761636734
0.20879215002059937
0.20759743452072144
0.2077082097530365
0.2083587944507599
0.21331046521663666
0.20165732502937317
0.21009427309036255
0.21434874832630157
0.20976367592811584
0.21648165583610535
0.22494883835315704
0.24709013104438782
0.2567286789417267
0.27867674827575684
0.31995683908462524
0.31723281741142273
0.3355367183685303
0.3206840455532074
0.34066274762153625
0.36742231249809265
0.3530014157295227
0.3424731492996216
0.3428000807762146
0.3496808707714081
0.35801881551742554
0.3601962924003601
0.35680633783340454
0.35411834716796875
0.3584626317024231
0.353848397731781
0.3610914349555969
0.35160931944847107
0.35345423221588135
0.3601034879684448
0.36188650131225586
0.3436332643032074
0.34786123037338257
0.3609115481376648
0.35819005966186523
0.3479255139827728
0.34991931915283203
0.3692529797554016
0.3520616888999939
0.3602692186832428
0.3573334813117981
0.3500913381576538
0.3691383898258209
0.35506200790405273
0.34947288036346436
0.36144503951072693
0.3576066493988037
0.35489940643310547
0.36130791902542114
0.3467302918434143
0.36498185992240906
0.3643836975097656
0.3646628260612488
0.35919803380966187
0.3517400026321411
0.3695036470890045
0.3605424761772156
0.3704758286476135
0.3563131093978882
0.3685709238052368
0.3717828392982483
0.38345375657081604
0.3662271797657013
0.41385596990585327
0.41137298941612244
0.4707103967666626
0.503792941570282
0.4648200571537018
0.5423924922943115
0.6128555536270142
0.5506438612937927
0.513857901096344
0.5425121784210205
0.5717027187347412
0.567015528678894
0.5385886430740356
0.5445656776428223
0.5372527837753296
0.5605340003967285
0.6135174632072449
0.523410975933075
0.5430524349212646
0.5754444599151611
0.5964928865432739
0.5469193458557129
0.5659857988357544
0.5710135698318481
0.5111103057861328
0.5329613089561462
0.5588966608047485
0.5332440137863159
0.5335313081741333
0.5910000801086426
0.5125316381454468
0.4905480146408081
0.570222020149231
0.5568859577178955
0.47499537467956543
0.5416345000267029
0.5899065732955933
0.5066761374473572
0.5927866697311401
0.5523967742919922
0.5909470319747925
0.5692729949951172
0.5290486812591553
0.5714368224143982
0.5074222683906555
0.47223934531211853
0.5115206837654114
0.49489444494247437
0.5113905668258667
0.5779739022254944
0.6317129135131836
0.5439596176147461
0.5892800092697144
0.5188812017440796
0.5101263523101807
0.5865845680236816
0.5369927883148193
0.5522170066833496
0.5755248069763184
0.573501467704773
0.5295310616493225
0.5134425759315491
0.5533266067504883
0.6463999152183533
0.6621111631393433
0.716713547706604
0.7190994024276733
0.7266203165054321
0.726898193359375
0.7278125286102295
0.7278299331665039
0.7279183268547058
0.7279185056686401
0.7279213666915894
0.7279213666915894
0.7279214262962341
0.7279214262962341
0.7279214262962341
0.7279214262962341
0.7279214262962341
0.7279214262962341
0.7279214262962341
0.7279214262962341
0.7279214262962341
0.7279214262962341
0.7279214262962341
0.7279214262962341
0.7279214262962341
0.7279214262962341
0.7279214262962341
0.7279214262962341
0.7279214262962341
0.7279214262962341
0.7279214262962341
0.7279214262962341
0.7279214262962341
0.7279214262962341
0.7279214262962341
0.7279214262962341
0.7279214262962341
0.7279214262962341
0.7279214262962341
0.7279214262962341
0.7279214262962341
0.7279214262962341
0.7279214262962341
0.7279214262962341
0.7279214262962341
0.7279214262962341
0.7279214262962341
0.7279214262962341
0.7279214262962341
0.7279214262962341
0.7279214262962341
0.7279214262962341
0.7279214262962341
0.7279214262962341
0.7279214262962341
0.7279214262962341
0.7279214262962341
0.7279214262962341
0.7279214262962341
0.7279214262962341
0.7279214262962341
0.7279214262962341
0.7279214262962341
0.7279214262962341
0.7279214262962341
0.7279214262962341
0.7279214262962341
0.7279214262962341
0.7279214262962341
0.7279214262962341
0.7279214262962341
0.7279214262962341
0.7279214262962341
0.7279214262962341
0.7279214262962341
0.7279214262962341
0.5522170066833496
0.5522170066833496
0.5522170066833496
0.5522170066833496
0.5522170066833496
0.5522170066833496
0.5522170066833496
0.5522170066833496
0.5522170066833496
0.5522170066833496
0.5522170066833496
0.5522170066833496
0.5522170066833496
0.5522170066833496
0.5522170066833496
0.5522170066833496
0.5522170066833496
0.5522170066833496
0.5522170066833496
0.5522170066833496
0.5522170066833496
0.5522170066833496
