0.5824495553970337
0.018792955204844475
0.02418786659836769
0.028882859274744987
0.022920411080121994
0.03472334146499634
0.0268980972468853
0.032491523772478104
0.03045719303190708
0.036774687469005585
0.03165429085493088
0.038117747753858566
0.03418475762009621
0.04007712006568909
0.036522846668958664
0.04269587621092796
0.038300901651382446
0.047093529254198074
0.04023599997162819
0.05198448896408081
0.043106839060783386
0.054082680493593216
0.04432719200849533
0.05638198181986809
0.04614662751555443
0.0573459193110466
0.04870067536830902
0.05605587363243103
0.05136620253324509
0.05683613941073418
0.05727309361100197
0.06615182012319565
0.05806424841284752
0.06860195100307465
0.06140056252479553
0.06613077968358994
0.06500425189733505
0.06496395915746689
0.06183488667011261
0.06109421327710152
0.060553472489118576
0.06274963170289993
0.06027048081159592
0.05891745910048485
0.06190700829029083
0.060400668531656265
0.05897442623972893
0.060782067477703094
0.05842182785272598
0.060625165700912476
0.05745484307408333
0.0598384365439415
0.06024748086929321
0.05895078182220459
0.058468665927648544
0.05919840186834335
0.05899907648563385
0.05816240236163139
0.057287998497486115
0.06059100851416588
0.057891640812158585
0.05987605080008507
0.05750606209039688
0.05860470235347748
0.060701608657836914
0.058574821799993515
0.057080164551734924
0.057829536497592926
0.05661998689174652
0.05746392533183098
0.05811390280723572
0.057914044708013535
0.056889135390520096
0.057643111795186996
0.05672436207532883
0.058098990470170975
0.05694723501801491
0.057169657200574875
0.05818657577037811
0.05753075331449509
0.05588934198021889
0.05646698176860809
0.0572434701025486
0.05734027922153473
0.056664444506168365
0.05649305880069733
0.058308832347393036
0.05670055374503136
0.05824824422597885
0.05741477012634277
0.05589782074093819
0.05721491947770119
0.05550064146518707
0.05638856068253517
0.05754715949296951
0.05710264667868614
0.057100240141153336
0.05702465400099754
0.05593729019165039
0.05808107182383537
0.05646394565701485
0.057511959224939346
0.05657852813601494
0.05597105249762535
0.05759458243846893
0.05600583925843239
0.0569830983877182
0.05569683387875557
0.05736182630062103
0.05699758231639862
0.05794857442378998
0.05638297647237778
0.05822475627064705
0.05758008733391762
0.05889079347252846
0.05870584771037102
0.05632834881544113
0.05830466002225876
0.06122946739196777
0.058761559426784515
0.05776310712099075
0.05859777331352234
0.05751093477010727
0.060638729482889175
0.05661142244935036
0.05858943983912468
0.05751444399356842
0.05777066946029663
0.05995509400963783
0.056957922875881195
0.05823187157511711
0.05899183824658394
0.0578228235244751
0.058225762099027634
0.05859050154685974
0.0594109408557415
0.056622110307216644
0.05719391629099846
0.057830777019262314
0.05759051814675331
0.058834344148635864
0.05757352337241173
0.057062726467847824
0.0566910021007061
0.0578126423060894
0.05775212496519089
0.053719934076070786
0.058411043137311935
0.058809392154216766
0.05742751434445381
0.057766225188970566
0.05716976150870323
0.059094738215208054
0.057989876717329025
0.05804213136434555
0.05856042727828026
0.0567050464451313
0.05464315414428711
0.05695156380534172
0.055159762501716614
0.0553726926445961
0.05841703712940216
0.060964927077293396
0.05798850208520889
0.057955775409936905
0.056211113929748535
0.05702255293726921
0.05736400559544563
0.05741738900542259
0.05804204195737839
0.05871059373021126
0.05724314972758293
0.05629444122314453
0.05682985112071037
0.05740361660718918
0.05939549580216408
0.059539083391427994
0.061215564608573914
0.061250828206539154
0.061483681201934814
0.061487674713134766
0.06151556968688965
0.06151571124792099
0.06151828542351723
0.06151827424764633
0.061518341302871704
0.061518341302871704
0.061518341302871704
0.061518341302871704
0.061518341302871704
0.061518341302871704
0.061518341302871704
0.061518341302871704
0.061518341302871704
0.061518341302871704
0.061518341302871704
0.061518341302871704
0.061518341302871704
0.061518341302871704
0.061518341302871704
0.061518341302871704
0.061518341302871704
0.061518341302871704
0.061518341302871704
0.061518341302871704
0.061518341302871704
0.061518341302871704
0.061518341302871704
0.061518341302871704
0.061518341302871704
0.061518341302871704
0.061518341302871704
0.061518341302871704
0.061518341302871704
0.061518341302871704
0.061518341302871704
0.061518341302871704
0.061518341302871704
0.061518341302871704
0.061518341302871704
0.061518341302871704
0.061518341302871704
0.061518341302871704
0.061518341302871704
0.061518341302871704
0.061518341302871704
0.061518341302871704
0.061518341302871704
0.061518341302871704
0.061518341302871704
0.061518341302871704
0.061518341302871704
0.061518341302871704
0.061518341302871704
0.061518341302871704
0.061518341302871704
0.061518341302871704
0.061518341302871704
0.061518341302871704
0.061518341302871704
0.061518341302871704
0.061518341302871704
0.061518341302871704
0.061518341302871704
0.061518341302871704
0.061518341302871704
0.061518341302871704
0.061518341302871704
0.061518341302871704
0.061518341302871704
0.061518341302871704
0.01172650046646595
0.00558592239394784
0.0039748577401041985
0.003310985630378127
0.0027486092876642942
0.0023528379388153553
0.0019318741979077458
0.0016894383588805795
0.0015968680381774902
0.0015480946749448776
0.0015185392694547772
0.0015060886507853866
0.001477680983953178
0.001467607100494206
0.0014562910655513406
0.0014512673951685429
0.0014386303955689073
0.0014305004151538014
0.001439307234250009
0.0014216727577149868
0.001424283254891634
0.0014237863942980766
