0.0000,0.0107
0.0000,0.0107
0.0000,0.0130
0.0000,0.0104
0.0000,0.0081
0.0000,0.0091
0.0000,0.0093
0.0000,0.0079
0.0000,0.0083
0.0000,0.0078
0.0000,0.0072
0.0000,0.0072
0.0000,0.0068
0.0000,0.0085
0.0000,0.0103
0.0000,0.0067
0.0000,0.0060
0.0000,0.0079
0.0000,0.0061
0.0000,0.0068
0.0000,0.0077
0.0000,0.0077
0.0000,0.0058
0.0000,0.0059
0.0000,0.0065
0.0000,0.0057
0.0000,0.0076
0.0000,0.0065
0.0000,0.0075
0.0000,0.0060
0.0000,0.0064
0.0000,0.0064
0.0000,0.0090
0.0000,0.0061
0.0000,0.0104
0.0000,0.0076
0.0000,0.0069
0.0000,0.0083
0.0000,0.0082
0.0000,0.0071
0.0000,0.0075
0.0000,0.0075
0.0000,0.0079
0.0000,0.0066
0.0000,0.0060
0.0000,0.0059
0.0000,0.0051
0.0000,0.0093
0.0000,0.0087
0.0000,0.0059
0.0000,0.0060
0.0000,0.0059
0.0000,0.0059
0.0000,0.0059
0.0000,0.0059
0.0000,0.0059
0.0000,0.0059
0.0000,0.0059
0.0000,0.0059
0.0000,0.0059
0.0000,0.0059
0.0000,0.0059
0.0000,0.0059
0.0000,0.0059
0.0000,0.0059
0.0000,0.0059
0.0000,0.0059
0.0000,0.0059
0.0000,0.0059
0.0000,0.0059
0.0000,0.0059
0.0000,0.0059
0.0000,0.0059
0.0000,0.0059
0.0000,0.0059
0.0000,0.0059
0.0000,0.0059
0.0000,0.0059
0.0000,0.0059
0.0000,0.0059
0.0000,0.0059
0.0000,0.0059
0.0000,0.0059
0.0000,0.0059
0.0000,0.0059
0.0000,0.0059
0.0000,0.0059
0.0000,0.0059
0.0000,0.0059
0.0000,0.0059
0.0000,0.0059
0.0000,0.0059
0.0000,0.0059
0.0000,0.0059
0.0000,0.0059
0.0000,0.0059
0.0000,0.0059
0.0000,0.0059
0.0000,0.0059
0.0000,0.0059
0.0000,0.0059
0.0000,0.0060
0.0000,0.0059
0.0000,0.0059
0.0000,0.0059
0.0000,0.0059
0.0000,0.0059
0.0000,0.0059
0.0000,0.0059
0.0000,0.0059
0.0000,0.0059
0.0000,0.0059
0.0000,0.0059
0.0000,0.0059
0.0000,0.0059
0.0000,0.0059
0.0000,0.0059
0.0000,0.0059
0.0000,0.0059
0.0000,0.0059
0.0000,0.0059
0.0000,0.0059
0.0000,0.0059
0.0000,0.0059
0.0000,0.0059
0.0000,0.0059
0.0000,0.0059
0.0000,0.0059
0.0000,0.0059
0.0000,0.0059
0.0000,0.0059
0.0000,0.0059
0.0000,0.0059
0.0000,0.0059
0.0000,0.0059
0.0000,0.0059
0.0000,0.0059
0.0000,0.0059
0.0000,0.0059
0.0000,0.0059
0.0000,0.0059
0.0000,0.0059
0.0000,0.0059
0.0000,0.0059
0.0000,0.0059
0.0000,0.0059
0.0000,0.0059
0.0000,0.0059
0.0000,0.0059
0.0000,0.0059
0.0000,0.0059
0.0000,0.0059
0.0000,0.0060
