0.2459,0.0793,0.1458
0.2289,0.0928,0.1491
0.2290,0.0925,0.1978
0.1746,0.0802,0.1093
0.1348,0.0775,0.1329
0.1062,0.0616,0.1148
0.1403,0.0603,0.1186
0.1572,0.0609,0.1453
0.1160,0.0480,0.1260
0.0846,0.0530,0.1036
0.0901,0.0525,0.0999
0.0888,0.0543,0.1022
0.0888,0.0543,0.1051
0.0812,0.0508,0.1017
0.1060,0.0601,0.1256
0.0899,0.0562,0.0978
0.1129,0.0606,0.1246
0.0884,0.0399,0.0854
0.1323,0.0464,0.1138
0.0869,0.0426,0.0902
0.0706,0.0505,0.0865
0.1008,0.0456,0.1017
0.1005,0.0456,0.1074
0.1180,0.0681,0.1123
0.0772,0.0477,0.0858
0.0850,0.0553,0.0958
0.0938,0.0409,0.0891
0.1230,0.0461,0.1110
0.0679,0.0525,0.0826
0.0987,0.0487,0.1032
0.0741,0.0431,0.0836
0.0770,0.0412,0.0865
0.0771,0.0412,0.0876
0.1661,0.0815,0.1527
0.0717,0.0517,0.0874
0.1968,0.0661,0.1662
0.2225,0.0946,0.2067
0.0691,0.0526,0.0794
0.1619,0.0573,0.1474
0.0954,0.0607,0.0977
0.1005,0.0638,0.1073
0.0939,0.0601,0.1057
0.0939,0.0601,0.1102
0.1530,0.0753,0.1669
0.0748,0.0435,0.0818
0.0890,0.0550,0.1118
0.0760,0.0430,0.0802
0.0832,0.0489,0.1033
0.1030,0.0531,0.0908
0.1607,0.0529,0.1306
0.0698,0.0459,0.0810
0.0751,0.0412,0.0819
0.0770,0.0412,0.0602
0.0770,0.0412,0.0602
0.0770,0.0412,0.0639
0.0770,0.0412,0.0674
0.0770,0.0412,0.0707
0.0770,0.0412,0.0736
0.0770,0.0412,0.0763
0.0770,0.0412,0.0786
0.0770,0.0412,0.0806
0.0770,0.0412,0.0824
0.0770,0.0412,0.0840
0.0770,0.0412,0.0854
0.0770,0.0412,0.0866
0.0770,0.0412,0.0877
0.0770,0.0412,0.0886
0.0770,0.0412,0.0894
0.0770,0.0412,0.0901
0.0770,0.0412,0.0907
0.0770,0.0412,0.0912
0.0770,0.0412,0.0917
0.0770,0.0412,0.0921
0.0770,0.0412,0.0924
0.0770,0.0412,0.0927
0.0770,0.0412,0.0930
0.0770,0.0412,0.0932
0.0770,0.0412,0.0934
0.0770,0.0412,0.0935
0.0770,0.0412,0.0937
0.0770,0.0412,0.0938
0.0770,0.0412,0.0939
0.0770,0.0412,0.0940
0.0770,0.0412,0.0941
0.0770,0.0412,0.0942
0.0770,0.0412,0.0942
0.0770,0.0412,0.0943
0.0770,0.0412,0.0943
0.0770,0.0412,0.0944
0.0770,0.0412,0.0944
0.0770,0.0412,0.0944
0.0770,0.0412,0.0945
0.0770,0.0412,0.0945
0.0770,0.0412,0.0945
0.0770,0.0412,0.0945
0.0770,0.0412,0.0945
0.0770,0.0412,0.0945
0.0770,0.0412,0.0945
0.0770,0.0412,0.0946
0.0770,0.0412,0.0946
0.0770,0.0412,0.0946
0.0770,0.0412,0.0946
0.0770,0.0412,0.0946
0.0751,0.0412,0.0924
0.0770,0.0412,0.0602
0.0770,0.0412,0.0602
0.0770,0.0412,0.0639
0.0770,0.0412,0.0674
0.0770,0.0412,0.0707
0.0770,0.0412,0.0736
0.0770,0.0412,0.0763
0.0770,0.0412,0.0786
0.0770,0.0412,0.0806
0.0770,0.0412,0.0824
0.0770,0.0412,0.0840
0.0770,0.0412,0.0854
0.0770,0.0412,0.0866
0.0770,0.0412,0.0877
0.0770,0.0412,0.0886
0.0770,0.0412,0.0894
0.0770,0.0412,0.0901
0.0770,0.0412,0.0907
0.0770,0.0412,0.0912
0.0770,0.0412,0.0917
0.0770,0.0413,0.0921
0.0770,0.0412,0.0924
0.0770,0.0412,0.0927
0.0770,0.0412,0.0930
0.0770,0.0412,0.0932
0.0770,0.0412,0.0934
0.0770,0.0412,0.0935
0.0770,0.0412,0.0937
0.0770,0.0412,0.0938
0.0770,0.0412,0.0939
0.0770,0.0412,0.0940
0.0770,0.0412,0.0941
0.0770,0.0412,0.0942
0.0770,0.0412,0.0942
0.0770,0.0412,0.0943
0.0770,0.0412,0.0943
0.0770,0.0412,0.0944
0.0770,0.0412,0.0944
0.0770,0.0412,0.0944
0.0770,0.0412,0.0945
0.0770,0.0412,0.0945
0.0770,0.0412,0.0945
0.0770,0.0412,0.0945
0.0770,0.0412,0.0945
0.0770,0.0412,0.0945
0.0770,0.0412,0.0946
0.0770,0.0412,0.0946
0.0770,0.0412,0.0946
0.0770,0.0412,0.0946
0.0770,0.0412,0.0946
0.0770,0.0412,0.0946
0.0751,0.0412,0.0924
