25.9778,12.8002
25.9772,12.8001
25.9786,12.8001
25.9783,12.8001
25.9780,12.8002
25.9784,12.8001
25.9782,12.8001
25.9789,12.8001
25.9785,12.8000
25.9779,12.8001
25.9785,12.8001
25.9783,12.8001
25.9779,12.8001
25.9777,12.8001
25.9784,12.8001
25.9793,12.8000
25.9786,12.8000
25.9786,12.8001
25.9778,12.8001
25.9775,12.8001
25.9784,12.8001
25.9785,12.8001
25.9778,12.8000
25.9788,12.8001
25.9782,12.8001
25.9779,12.8001
25.9784,12.8001
25.9776,12.8001
25.9780,12.8001
25.9783,12.8001
25.9785,12.8000
25.9780,12.8001
25.9777,12.8001
25.9776,12.8001
25.9769,12.8001
25.9778,12.8001
25.9778,12.8000
25.9781,12.8001
25.9775,12.8001
25.9778,12.8000
25.9783,12.8000
25.9780,12.8000
25.9773,12.8000
25.9782,12.8001
25.9774,12.8001
25.9774,12.8001
25.9777,12.8001
25.9775,12.8001
25.9770,12.8001
25.9773,12.8000
25.9781,12.8000
25.9668,12.7726
