15.3857,12.8079
14.7161,12.1390
14.7160,12.1390
15.2518,12.6734
14.8028,12.2262
15.0159,12.4392
15.1495,12.5717
15.2306,12.6519
15.0546,12.4765
14.9698,12.3913
14.9295,12.3499
14.8931,12.3127
14.8930,12.3128
15.0124,12.4313
14.7494,12.1683
15.0490,12.4663
14.8409,12.2588
14.8988,12.3164
15.0602,12.4777
15.0236,12.4418
14.8671,12.2861
15.0216,12.4400
15.0216,12.4400
14.9300,12.3494
14.9575,12.3766
14.8406,12.2604
14.9843,12.4039
15.0869,12.5066
14.8337,12.2542
14.9859,12.4057
15.0010,12.4212
15.0281,12.4486
15.0281,12.4487
14.5615,11.9837
14.8380,12.2594
15.2219,12.6419
14.6397,12.0613
14.7402,12.1609
15.0132,12.4335
14.7251,12.1455
14.8270,12.2471
14.7701,12.1905
14.7700,12.1906
14.6227,12.0433
14.9251,12.3450
14.8099,12.2302
14.8627,12.2824
14.8578,12.2775
15.0298,12.4491
15.1973,12.6159
14.9217,12.3408
14.9087,12.3478
14.9216,12.3409
14.9216,12.3408
14.9217,12.3409
14.9217,12.3409
14.9218,12.3409
14.9216,12.3408
14.9217,12.3408
14.9218,12.3408
14.9216,12.3410
14.9217,12.3409
14.9218,12.3409
14.9216,12.3408
14.9217,12.3408
14.9217,12.3408
14.9217,12.3409
14.9217,12.3408
14.9217,12.3408
14.9217,12.3407
14.9217,12.3408
14.9217,12.3408
14.9217,12.3409
14.9216,12.3408
14.9217,12.3409
14.9217,12.3408
14.9217,12.3409
14.9217,12.3408
14.9217,12.3409
14.9216,12.3409
14.9217,12.3409
14.9216,12.3408
14.9217,12.3409
14.9216,12.3408
14.9217,12.3408
14.9216,12.3409
14.9217,12.3409
14.9216,12.3409
14.9218,12.3408
14.9216,12.3409
14.9216,12.3410
14.9217,12.3409
14.9216,12.3408
14.9216,12.3408
14.9218,12.3408
14.9216,12.3409
14.9216,12.3408
14.9216,12.3408
14.9217,12.3408
14.9217,12.3410
14.9216,12.3409
14.9216,12.3409
14.9217,12.3408
14.9086,12.3478
14.9217,12.3409
14.9217,12.3408
14.9216,12.3409
14.9217,12.3408
14.9217,12.3408
14.9217,12.3408
14.9216,12.3408
14.9217,12.3407
14.9216,12.3408
14.9216,12.3410
14.9218,12.3408
14.9217,12.3409
14.9216,12.3409
14.9216,12.3410
14.9217,12.3408
14.9216,12.3408
14.9217,12.3408
14.9217,12.3407
14.9216,12.3408
14.9217,12.3409
14.9217,12.3408
14.9217,12.3409
14.9217,12.3408
14.9217,12.3409
14.9218,12.3408
14.9216,12.3409
14.9216,12.3409
14.9216,12.3409
14.9217,12.3409
14.9217,12.3410
14.9218,12.3408
14.9217,12.3409
14.9217,12.3409
14.9217,12.3409
14.9218,12.3408
14.9218,12.3408
14.9217,12.3409
14.9217,12.3408
14.9216,12.3409
14.9218,12.3410
14.9216,12.3409
14.9216,12.3408
14.9216,12.3409
14.9217,12.3409
14.9216,12.3408
14.9217,12.3408
14.9217,12.3410
14.9215,12.3408
14.9217,12.3409
14.9216,12.3408
14.9218,12.3409
14.9086,12.3478
