38.4315,45.7804
38.4342,45.7804
38.4308,45.7804
38.4307,45.7804
38.4304,45.7804
38.4308,45.7805
38.4309,45.7805
38.4310,45.7804
38.4300,45.7804
38.4303,45.7804
38.4304,45.7804
38.4306,45.7805
38.4301,45.7804
38.4306,45.7804
38.4318,45.7804
38.4312,45.7805
38.4303,45.7805
38.4306,45.7804
38.4302,45.7805
38.4308,45.7805
38.4302,45.7804
38.4299,45.7805
38.4308,45.7804
38.4301,45.7803
38.4306,45.7803
38.4296,45.7804
38.4304,45.7805
38.4297,45.7804
38.4301,45.7804
38.4299,45.7803
38.4306,45.7804
38.4297,45.7804
38.4300,45.7803
38.4307,45.7805
38.4293,45.7804
38.4305,45.7804
38.4307,45.7805
38.4294,45.7805
38.4300,45.7805
38.4297,45.7803
38.4301,45.7805
38.4306,45.7805
38.4294,45.7804
38.4299,45.7805
38.4295,45.7804
38.4298,45.7804
38.4299,45.7804
38.4303,45.7804
38.4293,45.7804
38.4296,45.7804
38.4301,45.7804
38.4170,45.7605
