-1.0000,0.4534
-1.0000,0.4531
-1.0000,0.4531
-1.0000,0.4531
-1.0000,0.4529
-1.0000,0.4527
-1.0000,0.4525
-1.0000,0.4523
-1.0000,0.4520
-1.0000,0.4519
-1.0000,0.4517
-1.0000,0.4515
-1.0000,0.4515
-1.0000,0.4514
-1.0000,0.4512
-1.0000,0.4511
-1.0000,0.4509
-1.0000,0.4508
-1.0000,0.4506
-1.0000,0.4504
-1.0000,0.4502
-1.0000,0.4501
-1.0000,0.4501
-1.0000,0.4499
-1.0000,0.4497
-1.0000,0.4496
-1.0000,0.4495
-1.0000,0.4494
-1.0000,0.4493
-1.0000,0.4491
-1.0000,0.4490
-1.0000,0.4489
-1.0000,0.4489
-1.0000,0.4488
-1.0000,0.4487
-1.0000,0.4487
-1.0000,0.4485
-1.0000,0.4484
-1.0000,0.4484
-1.0000,0.4482
-1.0000,0.4482
-1.0000,0.4481
-1.0000,0.4481
-1.0000,0.4480
-1.0000,0.4480
-1.0000,0.4480
-1.0000,0.4478
-1.0000,0.4477
-1.0000,0.4476
-1.0000,0.4475
-1.0000,0.4473
-1.0000,-1.0000,0.4473
-1.0000,0.4473
-1.0000,0.4473
-1.0000,0.4473
-1.0000,0.4473
-1.0000,0.4473
-1.0000,0.4473
-1.0000,0.4473
-1.0000,0.4473
-1.0000,0.4473
-1.0000,0.4473
-1.0000,0.4473
-1.0000,0.4473
-1.0000,0.4473
-1.0000,0.4473
-1.0000,0.4473
-1.0000,0.4473
-1.0000,0.4473
-1.0000,0.4473
-1.0000,0.4473
-1.0000,0.4473
-1.0000,0.4473
-1.0000,0.4473
-1.0000,0.4473
-1.0000,0.4473
-1.0000,0.4473
-1.0000,0.4473
-1.0000,0.4473
-1.0000,0.4473
-1.0000,0.4473
-1.0000,0.4473
-1.0000,0.4473
-1.0000,0.4473
-1.0000,0.4473
-1.0000,0.4473
-1.0000,0.4473
-1.0000,0.4473
-1.0000,0.4473
-1.0000,0.4473
-1.0000,0.4473
-1.0000,0.4473
-1.0000,0.4473
-1.0000,0.4473
-1.0000,0.4473
-1.0000,0.4473
-1.0000,0.4473
-1.0000,0.4473
-1.0000,0.4473
-1.0000,0.4473
-1.0000,0.4473
-1.0000,0.4473
-1.0000,0.4473
-1.0000,-1.0000,0.4473
-1.0000,0.4473
-1.0000,0.4473
-1.0000,0.4473
-1.0000,0.4473
-1.0000,0.4473
-1.0000,0.4473
-1.0000,0.4473
-1.0000,0.4473
-1.0000,0.4473
-1.0000,0.4473
-1.0000,0.4473
-1.0000,0.4473
-1.0000,0.4473
-1.0000,0.4473
-1.0000,0.4473
-1.0000,0.4473
-1.0000,0.4473
-1.0000,0.4473
-1.0000,0.4473
-1.0000,0.4473
-1.0000,0.4473
-1.0000,0.4473
-1.0000,0.4473
-1.0000,0.4473
-1.0000,0.4473
-1.0000,0.4473
-1.0000,0.4473
-1.0000,0.4473
-1.0000,0.4473
-1.0000,0.4473
-1.0000,0.4473
-1.0000,0.4473
-1.0000,0.4473
-1.0000,0.4473
-1.0000,0.4473
-1.0000,0.4473
-1.0000,0.4473
-1.0000,0.4473
-1.0000,0.4473
-1.0000,0.4473
-1.0000,0.4473
-1.0000,0.4473
-1.0000,0.4473
-1.0000,0.4473
-1.0000,0.4473
-1.0000,0.4473
-1.0000,0.4473
-1.0000,0.4473
-1.0000,0.4473
-1.0000,0.4473
-1.0000,0.4473
-1.0000,-1.0000,0.4473
