9106.6152
8186.1709
7688.0566
8672.0703
8017.5669
8076.6567
8335.3457
8432.4766
8211.5254
8163.9121
7933.6309
7876.5454
7807.2007
7941.7432
7849.6309
8265.3906
7722.7622
7987.8374
8175.3115
7835.0532
7883.5498
8091.9160
8002.4854
7509.9980
7687.5010
7611.4854
7800.9971
8105.9121
7908.7598
8092.2524
7841.6709
7904.0264
7891.9756
7436.2505
7769.6816
8350.0781
7344.1572
7968.4053
8189.8701
7615.2930
7543.3477
7549.9209
7546.1694
7490.3711
7798.7690
7671.3643
7857.7471
7683.6738
8127.5015
8213.3711
7825.8716
7807.4727
7904.0811
7904.1167
7904.0674
7904.0967
7904.2510
7904.0991
7903.9590
7903.8789
7904.1367
7903.8896
7904.1069
7904.0874
7903.9932
7904.0742
7904.1387
7904.2148
7904.0620
7904.0039
7904.2197
7904.2510
7903.9971
7903.9038
7903.9575
7903.9111
7903.9170
7903.9082
7904.1128
7903.9873
7904.0068
7903.9219
7903.9263
7903.8857
7903.9756
7903.9990
7904.1416
7904.0532
7903.9785
7903.9399
7904.0840
7903.9424
7903.8975
7903.9248
7904.0298
7904.1328
7904.2373
7904.1240
7904.1367
7904.0537
7903.9033
7903.9766
7904.0659
7807.2900
7904.1289
7903.8579
7903.8760
7903.7896
7904.1318
7904.1074
7903.9492
7903.9736
7904.1309
7903.9629
7903.9204
7904.1260
7904.0234
7904.0098
7903.9941
7904.0283
7904.1377
7903.9209
7904.2568
7904.1455
7904.2295
7903.9248
7903.8125
7903.8994
7904.0938
7903.9673
7904.0293
7904.0059
7903.9551
7904.0088
7904.0820
7903.9731
7904.1318
7903.9067
7904.0488
7904.0137
7904.0049
7904.0898
7903.9189
7904.1396
7903.9424
7904.2012
7904.1421
7904.0264
7904.0483
7904.0977
7903.9253
7904.1694
7904.0361
7903.9907
7904.1631
7807.4644
