0.5743117928504944
0.5743117928504944
0.5743201375007629
0.532395601272583
0.5323973894119263
0.489567369222641
0.48956459760665894
0.44022318720817566
0.44022586941719055
0.3823591470718384
0.382337361574173
0.31835687160491943
0.3183653652667999
0.25131163001060486
0.2513158321380615
0.1866457611322403
0.1866282820701599
0.1320839673280716
0.13206063210964203
0.11923257261514664
0.11923576891422272
0.13372813165187836
0.13375069200992584
0.13714221119880676
0.1371551901102066
0.13538575172424316
0.13537150621414185
0.13640064001083374
0.13642673194408417
0.13614487648010254
0.13613350689411163
0.13456641137599945
0.1345406174659729
0.13811039924621582
0.13808958232402802
0.13583017885684967
0.1358301192522049
0.1364157795906067
0.1364135593175888
0.13096413016319275
0.13087168335914612
0.12395676970481873
0.12391479313373566
0.12211226671934128
0.12217123061418533
0.12110548466444016
0.12123001366853714
0.12070629745721817
0.12071540951728821
0.11991850286722183
0.11998943239450455
0.1233774721622467
0.1232515275478363
0.12464256584644318
0.12463905662298203
0.12470132857561111
0.124732106924057
0.12298960983753204
0.12307743728160858
0.1253044158220291
0.12539732456207275
0.12591572105884552
0.1259813755750656
0.12617525458335876
0.12610992789268494
0.12331639230251312
0.12329426407814026
0.12651793658733368
0.12644340097904205
0.12431806325912476
0.12437498569488525
0.12421736121177673
0.12438501417636871
0.12561281025409698
0.12554870545864105
0.12611599266529083
0.12611356377601624
0.12238600105047226
0.12227876484394073
0.12427657097578049
0.12423143535852432
0.12535183131694794
0.12528537213802338
0.12507110834121704
0.12497562170028687
0.12552736699581146
0.12556672096252441
0.12366797029972076
0.12365575134754181
0.12552542984485626
0.12538264691829681
0.12617412209510803
0.12627620995044708
0.12814877927303314
0.1281312257051468
0.12377458065748215
0.1237848624587059
0.1260181963443756
0.12605533003807068
0.12627632915973663
0.12619906663894653
0.1278456598520279
0.12780223786830902
0.12781035900115967
0.127841979265213
0.12664388120174408
0.12665218114852905
0.12506762146949768
0.12505285441875458
0.12680655717849731
0.12664403021335602
0.1252618283033371
0.12521697580814362
0.12663185596466064
0.12670259177684784
0.1249658614397049
0.12501375377178192
0.12429128587245941
0.12424062192440033
0.12690092623233795
0.12693989276885986
0.12628869712352753
0.1263580173254013
0.12535199522972107
0.12542147934436798
0.12830865383148193
0.12817955017089844
0.12643936276435852
0.1263764351606369
0.126273512840271
0.12630265951156616
0.1246880367398262
0.12480141967535019
0.12663975358009338
0.12666131556034088
0.12623704969882965
0.12652412056922913
0.12560205161571503
0.1254700869321823
0.12492302805185318
0.12498313188552856
0.12643073499202728
0.12638860940933228
0.12681275606155396
0.12686951458454132
0.1255689561367035
0.1255839318037033
0.12825419008731842
0.12824927270412445
0.12467828392982483
0.1247231587767601
0.12500376999378204
0.1252218335866928
0.12589460611343384
0.12579266726970673
0.12665203213691711
0.12661868333816528
0.12683390080928802
0.1268596053123474
0.12749499082565308
0.1274365335702896
0.12658995389938354
0.12663240730762482
0.12649646401405334
0.1263355016708374
0.12651591002941132
0.12653647363185883
0.12537069618701935
0.12538644671440125
0.1257009357213974
0.12573587894439697
0.1277359575033188
0.12790167331695557
0.12618482112884521
0.12621919810771942
0.1269797533750534
0.1272744983434677
0.12656144797801971
0.1264447122812271
0.1313069462776184
0.13141262531280518
0.1319705992937088
0.13213349878787994
0.13202786445617676
0.13203668594360352
0.13186629116535187
0.13197287917137146
0.13206914067268372
0.13195328414440155
0.13191837072372437
0.1320296674966812
0.13201339542865753
0.1320088803768158
0.13200649619102478
0.13207374513149261
0.13193726539611816
0.13208737969398499
0.13207273185253143
0.1319907158613205
0.1319904923439026
0.13199830055236816
0.1320405751466751
0.1320776343345642
0.13194367289543152
0.1320575773715973
0.13204768300056458
0.13197864592075348
0.13209880888462067
0.1319071501493454
0.13208703696727753
0.13196159899234772
0.13201718032360077
0.13197816908359528
0.13205865025520325
0.13198034465312958
0.13210798799991608
0.13189251720905304
0.13185769319534302
0.13192486763000488
0.13207021355628967
0.13208743929862976
0.13196305930614471
0.13213840126991272
0.13205203413963318
0.13196806609630585
0.13210883736610413
0.13209229707717896
0.13205689191818237
0.13201379776000977
0.13217194378376007
0.13208714127540588
0.1321885883808136
0.13205331563949585
0.1320703625679016
0.13196934759616852
0.13195352256298065
0.13208343088626862
0.13198967278003693
0.1320793777704239
0.13209442794322968
0.13209165632724762
0.1320919394493103
0.13200590014457703
0.13197067379951477
0.13190118968486786
0.1320078819990158
0.13217350840568542
0.13202118873596191
0.1319953054189682
0.13206203281879425
0.13202957808971405
0.13194958865642548
0.1265663504600525
