0.5859366655349731
0.543595552444458
0.543437659740448
0.4976000189781189
0.4975090026855469
0.4444761276245117
0.44442427158355713
0.38317224383354187
0.38312190771102905
0.31528303027153015
0.3152513802051544
0.2460760474205017
0.24604740738868713
0.5586302280426025
0.5586302280426025
0.5908935070037842
0.5586302280426025
0.7285841107368469
0.7285841107368469
0.7416163086891174
0.7416163086891174
0.7416163086891174
0.7416163086891174
0.7416163086891174
0.7416163086891174
0.7416163086891174
0.7416163086891174
0.7416163086891174
0.7416163086891174
0.7416163086891174
0.7416163086891174
0.7416163086891174
0.7416163086891174
0.7416163086891174
0.7416163086891174
0.7416163086891174
0.7416163086891174
0.7416163086891174
0.7416163086891174
0.7416163086891174
0.7416163086891174
0.7416163086891174
0.7416163086891174
0.7416163086891174
0.7416163086891174
0.7416163086891174
0.7416163086891174
0.7416163086891174
0.7416163086891174
0.7416163086891174
0.7416163086891174
0.7416163086891174
0.7416163086891174
0.7416163086891174
0.7416163086891174
0.7416163086891174
0.7416163086891174
0.7416163086891174
0.7416163086891174
0.7416163086891174
0.7416163086891174
0.7416163086891174
0.7416163086891174
0.7416163086891174
0.7416163086891174
0.7416163086891174
0.7416163086891174
0.7416163086891174
0.7416163086891174
0.7416163086891174
0.7416163086891174
0.7416163086891174
0.7416163086891174
0.7416163086891174
0.7416163086891174
0.7416163086891174
0.7416163086891174
0.7416163086891174
0.7416163086891174
0.7416163086891174
0.7416163086891174
0.7416163086891174
0.7416163086891174
0.7416163086891174
0.7416163086891174
0.7416163086891174
0.7416163086891174
0.7416163086891174
0.7416163086891174
0.7416163086891174
0.7416163086891174
0.7416163086891174
0.7416163086891174
0.7416163086891174
0.7416163086891174
0.7416163086891174
0.7416163086891174
0.7416163086891174
0.7416163086891174
0.7416163086891174
0.7416163086891174
0.7416163086891174
0.7416163086891174
0.7416163086891174
0.7416163086891174
0.7416163086891174
0.7416163086891174
0.7133646607398987
0.7416163086891174
0.7133646607398987
0.7133646607398987
0.7133646607398987
0.7133646607398987
0.7133646607398987
0.7133646607398987
0.7133646607398987
0.7133646607398987
0.7133646607398987
0.7133646607398987
0.7133646607398987
0.7133646607398987
0.6925417184829712
0.6925417184829712
0.7133646607398987
0.7133646607398987
0.6925417184829712
0.6925417184829712
0.6925417184829712
0.6672981977462769
0.6925417184829712
0.6672981977462769
0.6376999020576477
0.6672981977462769
0.6672981977462769
0.6672981977462769
0.6672981977462769
0.6672981977462769
0.6672981977462769
0.6376999020576477
0.61183762550354
0.6376999020576477
0.6376999020576477
0.5908935070037842
0.61183762550354
0.5586302280426025
0.5586302280426025
0.5586302280426025
0.19229915738105774
0.19663484394550323
0.18419909477233887
0.1838868260383606
0.16870740056037903
0.1666353940963745
0.15160629153251648
0.15379607677459717
0.13434389233589172
0.13307610154151917
0.12638399004936218
0.12592825293540955
0.11310189962387085
0.11175566911697388
0.10866272449493408
0.11012771725654602
0.0982462465763092
0.09882283210754395
0.08943977952003479
0.08999094367027283
0.08232873678207397
0.08412826061248779
0.07344025373458862
0.07306420803070068
0.07056614756584167
0.0698193907737732
0.06341809034347534
0.06287449598312378
0.05434370040893555
0.05490988492965698
0.03868722915649414
0.038616374135017395
0.04002273082733154
0.04009488224983215
0.03996867686510086
0.03982987254858017
0.04008600860834122
0.04029963165521622
0.040236860513687134
0.040062688291072845
0.040361784398555756
0.040246762335300446
0.04017309099435806
0.03986643999814987
0.039952352643013
0.04018615186214447
0.040057651698589325
0.03993433713912964
0.04022354632616043
0.04011000692844391
0.04005607217550278
0.040207065641880035
0.04006902873516083
0.040233805775642395
0.040092989802360535
0.040336087346076965
0.040268994867801666
0.03989627957344055
0.04024249315261841
0.04003819078207016
0.04006902128458023
0.04033192992210388
0.03987313061952591
0.040234893560409546
0.04021552950143814
0.03991074115037918
0.040055662393569946
0.03998713195323944
0.04006263613700867
0.04009608179330826
0.040183812379837036
0.04004007577896118
0.039975181221961975
0.04012933373451233
0.04005199670791626
0.04008767008781433
0.04020041227340698
0.04012361913919449
0.04013786464929581
0.040050484240055084
0.0401914119720459
0.04026077687740326
0.04028177261352539
0.04008374363183975
0.04039330780506134
0.04024803638458252
0.0401090607047081
0.04011532664299011
0.04006386548280716
0.04021622985601425
0.040054649114608765
0.04009921848773956
0.04040836542844772
0.03985309600830078
0.039828695356845856
0.03991135209798813
0.040120214223861694
0.04017717391252518
0.040020011365413666
0.04003554582595825
0.0400957316160202
0.04010246694087982
0.03995586931705475
0.05490595102310181
