0.23854511976242065
0.19676131010055542
0.19677798449993134
0.15838615596294403
0.15837348997592926
0.1195414662361145
0.1195257380604744
0.0810999721288681
0.08108377456665039
0.04729214310646057
0.04727784916758537
0.022276729345321655
0.022253023460507393
0.010505305603146553
0.010474085807800293
0.009330470114946365
0.006743678357452154
0.025561999529600143
0.021853335201740265
0.03347395732998848
0.033418525010347366
0.03338941931724548
0.030500860884785652
0.030392345041036606
0.030368022620677948
0.03024214133620262
0.030260926112532616
0.030211949720978737
0.020437199622392654
0.020486420020461082
0.020467784255743027
0.02046136185526848
0.02043801359832287
0.02013312093913555
0.020167822018265724
0.019705528393387794
0.019122088328003883
0.018810061737895012
0.021164190024137497
0.0209524966776371
0.021064957603812218
0.02084851637482643
0.023635350167751312
0.02356540597975254
0.025615518912672997
0.02356780506670475
0.02870236337184906
0.02866361476480961
0.028630314394831657
0.02850048989057541
0.028484150767326355
0.02838551625609398
0.02839568629860878
0.02827122062444687
0.028288932517170906
0.028193965554237366
0.028186660259962082
0.028023328632116318
0.02802181988954544
0.02791455015540123
0.02791009284555912
0.027769075706601143
0.027768364176154137
0.0276974905282259
0.027696989476680756
0.027609558776021004
0.02761310525238514
0.027552658692002296
0.027552975341677666
0.027530023828148842
0.027530048042535782
0.027498941868543625
0.027501404285430908
0.027486450970172882
0.027488578110933304
0.02747868373990059
0.027478432282805443
0.02747814916074276
0.02747960202395916
0.027465149760246277
0.027465663850307465
0.027456920593976974
0.02745775505900383
0.02743564173579216
0.027435975149273872
0.027452314272522926
0.027452390640974045
0.02743378095328808
0.02743363007903099
0.027438614517450333
0.027438471093773842
0.02743133343756199
0.027431225404143333
0.02743983082473278
0.027438312768936157
0.027424383908510208
0.02742508426308632
0.027425188571214676
0.027426499873399734
0.02742503024637699
0.027425464242696762
0.027423378080129623
0.027423761785030365
0.027417059987783432
0.027417732402682304
0.027429332956671715
0.027429914101958275
0.023230940103530884
0.027418198063969612
0.02320532500743866
0.02319771982729435
0.023197265341877937
0.023207513615489006
0.023178018629550934
0.023182041943073273
0.02318076230585575
0.023184867575764656
0.023168349638581276
0.023170849308371544
0.02316594310104847
0.02316615916788578
0.0193229541182518
0.01936325617134571
0.023150885477662086
0.023150626569986343
0.019291160628199577
0.019277822226285934
0.01924244314432144
0.015682512894272804
0.019261179491877556
0.015650572255253792
0.012236658483743668
0.015550845302641392
0.015596842393279076
0.015594364143908024
0.015561110340058804
0.015569294802844524
0.015537970699369907
0.012229431420564651
0.009215201251208782
0.012132964096963406
0.01210870686918497
0.006442740559577942
0.009025399573147297
0.003913959953933954
0.0036991394590586424
0.003684712341055274
0.0012760977260768414
0.0013211015611886978
0.001156856887973845
0.0011421327944844961
0.0009667031699791551
0.0009548959205858409
0.0007824827916920185
0.000796321895904839
0.000601648585870862
0.0005898716626688838
0.0005294937291182578
0.0005284223589114845
0.0004150387248955667
0.000407413172069937
0.0003875934053212404
0.00039811982423998415
0.0003099265450146049
0.0003158682375214994
0.00025646566064096987
0.0002578382263891399
0.00021774557535536587
0.0002262045454699546
0.00017360840865876526
0.00017281265172641724
0.0001566208084113896
0.00015551390242762864
0.0001308173523284495
0.0001274183887289837
0.00010253320942865685
0.00010289737110724673
0.00017047222354449332
0.00016996552585624158
0.00019582960521802306
0.0001986379356821999
0.00019410319509916008
0.00019517737382557243
0.0001968648430192843
0.00020063514239154756
0.00020240079902578145
0.00019564830290619284
0.00020065212447661906
0.00020033918553963304
0.0001987110445043072
0.0001945492986124009
0.00019566045375540853
0.00019889800751116127
0.0001964451075764373
0.00019520347996149212
0.00019734200031962246
0.00019896092999260873
0.000197562447283417
0.00020025383855681866
0.000197241737623699
0.0001990192395169288
0.00019875055295415223
0.00019923594663850963
0.00019835673447232693
0.00019237850210629404
0.00019829996745102108
0.00019499927293509245
0.00019587224232964218
0.000200290945940651
0.00019479883485473692
0.000199519403395243
0.00019767283811233938
0.00019633155898191035
0.00019659691315609962
0.0001972165482584387
0.00019623831030912697
0.0001964597322512418
0.00019908287504222244
0.00019570438598748296
0.00019629229791462421
0.0001986296265386045
0.00019530633289832622
0.0001965713017852977
0.00019703082216437906
0.00019882067863363773
0.0001972204918274656
0.00019515649182721972
0.0002001548564294353
0.0001989542506635189
0.0001983066031243652
0.0001974217448150739
0.00019773622625507414
0.00019844244525302202
0.00019511177379172295
0.00019685603911057115
0.0001949621073435992
0.0001978127402253449
0.0001959993242053315
0.00019800025620497763
0.00020086752192582935
0.00019552979210857302
0.00019455968867987394
0.0001960914523806423
0.00019855707068927586
0.00019838756998069584
0.00019622701802290976
0.0001967887073988095
0.0001962816168088466
0.00019877523300237954
0.00019414136477280408
0.00010358729196013883
