245.07574462890625
245.07574462890625
244.83273315429688
216.20834350585938
216.0706024169922
186.16270446777344
186.0542755126953
152.71234130859375
152.6162109375
116.08238983154297
115.99537658691406
79.02780151367188
78.9771728515625
46.52542495727539
46.48417282104492
22.086517333984375
22.037885665893555
7.676612854003906
7.65501070022583
1.7860368490219116
1.785868525505066
0.741011917591095
0.7381740808486938
0.6963094472885132
0.694861114025116
0.686881959438324
0.6862180233001709
0.7066132426261902
0.7068057060241699
0.687543511390686
0.6865164041519165
0.6364901661872864
0.6366500854492188
0.6454178094863892
0.6447604894638062
0.6252827048301697
0.624639630317688
0.650810718536377
0.6495018005371094
0.6273875832557678
0.6290841698646545
0.5999103784561157
0.6003347635269165
0.6224054098129272
0.6131981015205383
0.5691331624984741
0.5663871765136719
0.5005224943161011
0.4955501854419708
0.44169771671295166
0.44590210914611816
0.4783290922641754
0.4772142767906189
0.42182764410972595
0.4205631911754608
0.4289272129535675
0.42842912673950195
0.3530794084072113
0.35467788577079773
0.4179091453552246
0.4169403910636902
0.3989720642566681
0.40410012006759644
0.4553183317184448
0.45384588837623596
0.45256125926971436
0.4588288366794586
0.4966520667076111
0.4903399348258972
0.4966069161891937
0.5088998675346375
0.44964686036109924
0.4548540711402893
0.4433497190475464
0.4518367648124695
0.44990453124046326
0.4450346827507019
0.3808242082595825
0.38294821977615356
0.3458465337753296
0.35620903968811035
0.33887121081352234
0.3415425419807434
0.3341607451438904
0.33260446786880493
0.37453892827033997
0.37431153655052185
0.3061947524547577
0.3071240484714508
0.3350931704044342
0.33534106612205505
0.3055982291698456
0.3058714270591736
0.30427172780036926
0.305218905210495
0.28557440638542175
0.2863866984844208
0.3045714199542999
0.3062905967235565
0.2864280343055725
0.2872435748577118
0.2925073206424713
0.2915413975715637
0.28067857027053833
0.2812792658805847
0.2821018397808075
0.2840014100074768
0.2586570680141449
0.25841620564460754
0.27378079295158386
0.27200379967689514
0.2948482036590576
0.2949409782886505
0.2852592170238495
0.28545817732810974
0.29617220163345337
0.2951487600803375
0.2899811863899231
0.2908286452293396
0.2916506826877594
0.2917405962944031
0.28242579102516174
0.2837962806224823
0.2864319980144501
0.2847052216529846
0.2846807837486267
0.28465113043785095
0.2905542552471161
0.28985023498535156
0.31560787558555603
0.3194354772567749
0.27252012491226196
0.27661576867103577
0.3601650893688202
0.35997274518013
0.281562864780426
0.28377142548561096
0.29448193311691284
0.29457733035087585
0.2956200838088989
0.2963940501213074
0.3497150242328644
0.3502929210662842
0.3299224078655243
0.3333871066570282
0.351591557264328
0.35195693373680115
0.3869577944278717
0.3845697343349457
0.40260374546051025
0.39834851026535034
0.41643810272216797
0.42144325375556946
0.42281410098075867
0.4274882972240448
0.4610482454299927
0.4651009440422058
0.5925540328025818
0.5981597900390625
0.5915156006813049
0.5780466794967651
0.7080151438713074
0.7303560376167297
0.6357506513595581
0.6055516004562378
0.6928208470344543
0.6886048913002014
0.7026178240776062
0.7221555113792419
0.6663700342178345
0.6620992422103882
0.7106818556785583
0.7212632894515991
0.6306683421134949
0.6254333853721619
0.6450382471084595
0.6431437730789185
0.677551805973053
0.6754013299942017
1.0854779481887817
1.0987446308135986
1.1676539182662964
1.164461612701416
1.151573896408081
1.1381537914276123
1.157475233078003
1.1737855672836304
1.1699482202529907
1.1515696048736572
1.1860601902008057
1.1674323081970215
1.162604808807373
1.1517705917358398
1.148321509361267
1.1661927700042725
1.1617040634155273
1.1491388082504272
1.1619318723678589
1.1647555828094482
1.1588972806930542
1.1674473285675049
1.1529316902160645
1.1620285511016846
1.1592223644256592
1.1732183694839478
1.1710927486419678
1.1347615718841553
1.1657638549804688
1.1553970575332642
1.1513415575027466
1.1801037788391113
1.133751630783081
1.158493161201477
1.1630581617355347
1.1498671770095825
1.1523511409759521
1.1453864574432373
1.1561088562011719
1.1582332849502563
1.168747901916504
1.159995675086975
1.1525143384933472
1.1608914136886597
1.1451612710952759
1.150729775428772
1.1637502908706665
1.1486517190933228
1.1639045476913452
1.1587929725646973
1.1677912473678589
1.1617350578308105
1.1657435894012451
1.157677173614502
1.1821882724761963
1.166922926902771
1.1685268878936768
1.159278154373169
1.160802960395813
1.1638824939727783
1.1546216011047363
1.1693313121795654
1.1668111085891724
1.1435328722000122
1.1392496824264526
1.1468567848205566
1.1549972295761108
1.1656521558761597
1.1497882604599
1.1497281789779663
1.1595208644866943
1.1635700464248657
1.1526777744293213
0.6815337538719177
