0.2964901328086853
0.2964901328086853
0.29652419686317444
0.26680272817611694
0.2667897641658783
0.23709890246391296
0.23705437779426575
0.20353339612483978
0.203482985496521
0.16480213403701782
0.16475334763526917
0.12271826714277267
0.12267088145017624
0.08039364963769913
0.08034685999155045
0.04261833801865578
0.042594362050294876
0.01778172329068184
0.01777387224137783
0.014234933070838451
0.014228817075490952
0.013499581255018711
0.01348915882408619
0.013463379815220833
0.01345760002732277
0.013170878402888775
0.013161002658307552
0.01298603042960167
0.012979928404092789
0.012721065431833267
0.012717470526695251
0.012403387576341629
0.012401718646287918
0.012061607092618942
0.012058199383318424
0.011250209994614124
0.011251462623476982
0.010210253298282623
0.010219755582511425
0.00890914537012577
0.00892709381878376
0.007901037111878395
0.007899152114987373
0.0072537874802947044
0.0072177257388830185
0.00686686160042882
0.0068510654382407665
0.006666806060820818
0.006685406435281038
0.006406229455024004
0.006423724349588156
0.005802489817142487
0.005844245199114084
0.005567263346165419
0.005567952059209347
0.005378600209951401
0.005366947036236525
0.00534303393214941
0.005344440694898367
0.004912835545837879
0.004919162020087242
0.004755140282213688
0.004762349650263786
0.0045243483036756516
0.004532789811491966
0.004516953602433205
0.004520392045378685
0.0042669628746807575
0.004276592750102282
0.00408730236813426
0.004074264783412218
0.00401534466072917
0.004008044954389334
0.0038480067159980536
0.0038648510817438364
0.003677592147141695
0.0036894173827022314
0.004088633228093386
0.004075446166098118
0.00375215127132833
0.00374684389680624
0.003659675596281886
0.003660562913864851
0.0036293575540184975
0.0036251158453524113
0.0033839093521237373
0.0033840511459857225
0.003604981116950512
0.0036051240749657154
0.0033040037378668785
0.003300047479569912
0.003283560974523425
0.0032695780973881483
0.0032867519184947014
0.0032859814818948507
0.0034280181862413883
0.0033925524912774563
0.003174002282321453
0.0031829115469008684
0.003193371230736375
0.003198701422661543
0.003115681931376457
0.0031162372324615717
0.0030926561448723078
0.0030937751289457083
0.00302699557505548
0.0030234213918447495
0.0031649789307266474
0.0031818137504160404
0.0029702414758503437
0.0029536669608205557
0.002932369476184249
0.002944761188700795
0.0029029978904873133
0.002912305062636733
0.00297759473323822
0.002975038718432188
0.003093991195783019
0.003118932479992509
0.002813490107655525
0.002810908015817404
0.0028010946698486805
0.0027927677147090435
0.0028080802876502275
0.0028040739707648754
0.002841126872226596
0.0028247300069779158
0.0026981898117810488
0.00269583472982049
0.002642435487359762
0.0026417088229209185
0.002894769422709942
0.0028781648725271225
0.0025895079597830772
0.0025843647308647633
0.0025990956928581
0.0026061234530061483
0.002600621897727251
0.002586131216958165
0.002713042078539729
0.0026933408807963133
0.002475789049640298
0.0024831576738506556
0.0024423508439213037
0.0024462419096380472
0.002381988801062107
0.0023930957540869713
0.002417780924588442
0.0024169895332306623
0.0024238163605332375
0.0024137841537594795
0.0023430411238223314
0.0023268507793545723
0.002254523104056716
0.0022420529276132584
0.0021522666793316603
0.002146461047232151
0.0020223534666001797
0.002013575052842498
0.0020576876122504473
0.0020573274232447147
0.001867817947641015
0.0018643501680344343
0.0019319654675200582
0.0019628158770501614
0.0017978010000661016
0.0017957621021196246
0.0017490813042968512
0.0017362578073516488
0.0017419966170564294
0.0017783745424821973
0.0016689690528437495
0.0016706008464097977
0.0015582821797579527
0.0015461596194654703
0.0015385360457003117
0.0015467825578525662
0.0015195320593193173
0.0015039376448839903
0.0037584423553198576
0.0037350719794631004
0.004157498013228178
0.0042191194370388985
0.004163104109466076
0.004192583728581667
0.004204315599054098
0.004242344293743372
0.004285104107111692
0.004184693098068237
0.004237273707985878
0.004247630946338177
0.004224863834679127
0.004177093505859375
0.004182463977485895
0.004233248066157103
0.004187889862805605
0.004192845430225134
0.0042324308305978775
0.004235696513205767
0.004214492626488209
0.004243533592671156
0.004213768057525158
0.00422908179461956
0.004225270822644234
0.004233392421156168
0.004216181114315987
0.004150559660047293
0.004222768824547529
0.004176137037575245
0.004206252750009298
0.004235964268445969
0.004195543471723795
0.004236086271703243
0.004211661405861378
0.0041997600346803665
0.0042100888676941395
0.004196896683424711
0.0041875760070979595
0.00419178931042552
0.004224436357617378
0.0041831969283521175
0.004194754175841808
0.004233343526721001
0.004213777836412191
0.004199027083814144
0.004212451633065939
0.004249519668519497
0.004210996441543102
0.004168281331658363
0.00425427220761776
0.0042377859354019165
0.004241943825036287
0.004222050309181213
0.004200514871627092
0.004218044225126505
0.004181978292763233
0.004202543757855892
0.00417631771415472
0.004237354267388582
0.004184771329164505
0.0042237588204443455
0.004252704791724682
0.004199304152280092
0.004171834327280521
0.0041939676739275455
0.004236307926476002
0.0042240312322974205
0.004195922985672951
0.004211416468024254
0.004191216547042131
0.004223455674946308
0.004175466485321522
0.0015207044780254364
