0.31323686242103577
0.31323686242103577
0.31297144293785095
0.2765454649925232
0.2763901650905609
0.23856811225414276
0.23844102025032043
0.19629886746406555
0.19618438184261322
0.14989593625068665
0.1497916728258133
0.10283573716878891
0.10277239978313446
0.06120750680565834
0.06115477904677391
0.02958598919212818
0.029530389234423637
0.011170969344675541
0.011147826910018921
0.005537755787372589
0.005534714087843895
0.005090066697448492
0.0050866929814219475
0.005061632953584194
0.005060096271336079
0.005010123830288649
0.005007635802030563
0.004972619935870171
0.004970903508365154
0.00491742929443717
0.00491630844771862
0.004846688825637102
0.004846305586397648
0.004758743103593588
0.004758180119097233
0.004593075253069401
0.004593322053551674
0.004345176741480827
0.004347804933786392
0.004055039957165718
0.004060359206050634
0.003811395261436701
0.0038111330941319466
0.0036457073874771595
0.0036365773994475603
0.0035268852952867746
0.003524109721183777
0.003438743529841304
0.003440907457843423
0.003363050054758787
0.003365129930898547
0.003294692374765873
0.0032978185918182135
0.003245980478823185
0.0032463904935866594
0.003197255777195096
0.0031964341178536415
0.0031528330873697996
0.0031530766282230616
0.0031002701725810766
0.003100066678598523
0.003039187751710415
0.0030387830920517445
0.0029655329417437315
0.0029649590142071247
0.002894267439842224
0.0028953109867870808
0.0028244585264474154
0.0028252408374100924
0.0027408963069319725
0.0027442548889666796
0.002671710215508938
0.0026730047538876534
0.00262380950152874
0.0026295927818864584
0.0025887161027640104
0.0025905349757522345
0.002576962811872363
0.0025767565239220858
0.002533351769670844
0.0025367550551891327
0.0025167895946651697
0.002517112996429205
0.0025008113589137793
0.0025018020533025265
0.0024787678848952055
0.002479114104062319
0.0024770039599388838
0.0024766542483121157
0.002458077622577548
0.002458710689097643
0.0024501534644514322
0.002448595827445388
0.002447747392579913
0.0024471336510032415
0.0024456495884805918
0.00244383723475039
0.0024299684446305037
0.0024309970904141665
0.002427952829748392
0.002428959123790264
0.0024265192914754152
0.0024275316391140223
0.0024196160957217216
0.0024188635870814323
0.0024114393163472414
0.002411802299320698
0.002416905714198947
0.0024187290109694004
0.002405998297035694
0.002406866056844592
0.0023984054569154978
0.0023975337389856577
0.0023939134553074837
0.0023959835525602102
0.0023912398610264063
0.002391375135630369
0.002401218516752124
0.002403382444754243
0.0023786909878253937
0.0023796141613274813
0.002375389449298382
0.0023747063241899014
0.002370360540226102
0.002371042501181364
0.0023802779614925385
0.0023783294018357992
0.0023580824490636587
0.0023571813944727182
0.0023517527151852846
0.002350082853808999
0.002363617531955242
0.002359632635489106
0.002337599638849497
0.0023392762523144484
0.002330933464691043
0.0023313849233090878
0.0023248412180691957
0.0023255017586052418
0.002327571390196681
0.0023240367881953716
0.002306709298864007
0.0023079251404851675
0.00229345983825624
0.00228814035654068
0.002276263665407896
0.002271173754706979
0.002254582941532135
0.002253367565572262
0.0022178308572620153
0.0022203680127859116
0.002187411766499281
0.002185039920732379
0.002134105423465371
0.0021336607169359922
0.002068581758067012
0.0020718900486826897
0.0020013973116874695
0.0019964466337114573
0.0019453982822597027
0.0019401053432375193
0.0018822376150637865
0.0018855325179174542
0.001816989853978157
0.0018178675090894103
0.0017355786403641105
0.0017417918425053358
0.0016542563680559397
0.0016650655306875706
0.0015615335432812572
0.0015768123557791114
0.0014882031828165054
0.001492419745773077
0.0013957114424556494
0.0013907405082136393
0.0013319506542757154
0.0013199741952121258
0.0012643820373341441
0.0012625993695110083
0.001962898997589946
0.001966257346794009
0.002124994294717908
0.002137228846549988
0.0021110938396304846
0.002109578577801585
0.002125468337908387
0.0021530180238187313
0.002157132141292095
0.0021184515208005905
0.002156111178919673
0.002147733001038432
0.002135779242962599
0.0021123357582837343
0.0021159835159778595
0.0021395960357040167
0.002125898376107216
0.002115498064085841
0.002130756387487054
0.0021393790375441313
0.0021290064323693514
0.0021450528874993324
0.002126106061041355
0.0021389152389019728
0.0021350684110075235
0.002144007245078683
0.002139786724001169
0.0020947761368006468
0.0021358018275350332
0.0021164952777326107
0.0021197216119617224
0.0021516389679163694
0.0021057382691651583
0.0021384640131145716
0.0021327335853129625
0.0021182207856327295
0.0021214268635958433
0.002121174009516835
0.0021211381535977125
0.002123280195519328
0.00214128359220922
0.0021209479309618473
0.002118075964972377
0.0021347939036786556
0.0021150202956050634
0.002120109274983406
0.002129544969648123
0.0021305882837623358
0.0021309545263648033
0.002119156764820218
0.0021449984051287174
0.0021384963765740395
0.0021377599332481623
0.0021289780270308256
0.002142755314707756
0.002136441646143794
0.002122297650203109
0.002127676038071513
0.002118669683113694
0.002133289584890008
0.002119598211720586
0.0021367105655372143
0.0021483376622200012
0.002112764399498701
0.002105397405102849
0.002117072930559516
0.0021324283443391323
0.0021378835663199425
0.0021177567541599274
0.002120414050295949
0.002125098602846265
0.002137736650183797
0.0021109585650265217
0.001270405831746757
