1.2658034563064575
1.2658034563064575
1.2658127546310425
1.149207353591919
1.149214267730713
1.0358690023422241
1.035839319229126
0.9115778803825378
0.9116024374961853
0.7732945680618286
0.7733415365219116
0.6293119788169861
0.6293473243713379
0.48630067706108093
0.48622992634773254
0.3546987473964691
0.35468125343322754
0.24784331023693085
0.2478799670934677
0.22395813465118408
0.22389265894889832
0.25178539752960205
0.2517794072628021
0.25716090202331543
0.2571288049221039
0.2530376613140106
0.2530607581138611
0.25401782989501953
0.254035621881485
0.2523452043533325
0.25237151980400085
0.24783478677272797
0.24784035980701447
0.2522544264793396
0.2521866261959076
0.24481461942195892
0.2447805255651474
0.241460382938385
0.24129508435726166
0.22763153910636902
0.2275037169456482
0.2121208906173706
0.21198265254497528
0.2068614959716797
0.20694951713085175
0.2038102149963379
0.20369593799114227
0.2026376575231552
0.2026173621416092
0.20139780640602112
0.20120474696159363
0.20695558190345764
0.20679649710655212
0.209119513630867
0.20917794108390808
0.20912052690982819
0.2089393585920334
0.20648051798343658
0.2063530832529068
0.21020358800888062
0.21004407107830048
0.21103256940841675
0.2110101282596588
0.21113231778144836
0.21121028065681458
0.20657110214233398
0.2066284418106079
0.2115984708070755
0.21153630316257477
0.20774246752262115
0.20791825652122498
0.2076483964920044
0.20770524442195892
0.20962324738502502
0.20952187478542328
0.21070101857185364
0.21058332920074463
0.20432597398757935
0.20457981526851654
0.2073741853237152
0.20760785043239594
0.20922593772411346
0.20928193628787994
0.20874954760074615
0.20877401530742645
0.2092774510383606
0.20947052538394928
0.20627781748771667
0.20632322132587433
0.20909640192985535
0.20928168296813965
0.21042947471141815
0.21033774316310883
0.21347369253635406
0.213426873087883
0.20629972219467163
0.20650997757911682
0.21007631719112396
0.2099439650774002
0.21020080149173737
0.21018663048744202
0.21276181936264038
0.2127297818660736
0.21269740164279938
0.21257352828979492
0.21077685058116913
0.21083028614521027
0.20802734792232513
0.20818255841732025
0.210391566157341
0.2103009968996048
0.2081397920846939
0.20804837346076965
0.21034063398838043
0.2103826403617859
0.20754365622997284
0.20746175944805145
0.20657524466514587
0.20619915425777435
0.21068258583545685
0.21048487722873688
0.20926879346370697
0.20936433970928192
0.20777855813503265
0.20810288190841675
0.21218141913414001
0.21209552884101868
0.2092248499393463
0.20910659432411194
0.2088295817375183
0.2088514268398285
0.20625196397304535
0.2064695954322815
0.20916764438152313
0.20901192724704742
0.2088022232055664
0.20855773985385895
0.20723466575145721
0.20730160176753998
0.20634141564369202
0.20626506209373474
0.2082350254058838
0.20816996693611145
0.20893751084804535
0.20872938632965088
0.20692165195941925
0.20676065981388092
0.2110474854707718
0.21124479174613953
0.2052389681339264
0.2054295688867569
0.2058609575033188
0.2055997997522354
0.20675037801265717
0.2066536545753479
0.20800136029720306
0.2080586552619934
0.20807543396949768
0.20807382464408875
0.20907141268253326
0.2090730369091034
0.2077115774154663
0.20765656232833862
0.20739313960075378
0.20739856362342834
0.2076081931591034
0.20736441016197205
0.20568212866783142
0.2056407332420349
0.20618106424808502
0.20592328906059265
0.20940068364143372
0.20927461981773376
0.20687802135944366
0.2069575935602188
0.20790515840053558
0.20784084498882294
0.2070845663547516
0.20701473951339722
0.21430616080760956
0.21427123248577118
0.21500718593597412
0.21519586443901062
0.21528607606887817
0.2152666300535202
0.2154131382703781
0.21540074050426483
0.21549221873283386
0.21529793739318848
0.21540795266628265
0.21519352495670319
0.21524721384048462
0.21516521275043488
0.21508660912513733
0.21534863114356995
0.2151375263929367
0.21518784761428833
0.21525704860687256
0.21556665003299713
0.2154131531715393
0.21553827822208405
0.21521981060504913
0.21546994149684906
0.21555325388908386
0.21542230248451233
0.21515613794326782
0.21513338387012482
0.2153857797384262
0.21524405479431152
0.21508337557315826
0.21544550359249115
0.21518640220165253
0.21560944616794586
0.2153978943824768
0.21541611850261688
0.21491993963718414
0.21528950333595276
0.21538621187210083
0.21527604758739471
0.21551255881786346
0.21519221365451813
0.21534587442874908
0.2152857929468155
0.21536760032176971
0.21522162854671478
0.2151622176170349
0.21528451144695282
0.21520769596099854
0.21531632542610168
0.2154282033443451
0.21546322107315063
0.21518675982952118
0.21539358794689178
0.21525296568870544
0.21538549661636353
0.21531088650226593
0.21497511863708496
0.21527434885501862
0.2151559442281723
0.21516580879688263
0.21517804265022278
0.21549774706363678
0.21523849666118622
0.21512214839458466
0.21539607644081116
0.21520915627479553
0.21521399915218353
0.21535931527614594
0.21525363624095917
0.21516382694244385
0.2152283489704132
0.2152012139558792
0.20644788444042206
