1.26554274559021
1.26554274559021
1.2655526399612427
1.1490092277526855
1.1490169763565063
1.035704255104065
1.0356738567352295
0.9114405512809753
0.9114623665809631
0.7731847763061523
0.773230254650116
0.6292330026626587
0.6292686462402344
0.4862508177757263
0.48618459701538086
0.3546786308288574
0.3546571433544159
0.24783527851104736
0.24787037074565887
0.2239537537097931
0.22388939559459686
0.25178027153015137
0.2517775297164917
0.2571597099304199
0.2571276128292084
0.25303512811660767
0.25305578112602234
0.2540169060230255
0.2540344297885895
0.25234127044677734
0.2523662745952606
0.2478298544883728
0.24783609807491302
0.25225210189819336
0.252182275056839
0.2448100447654724
0.24477146565914154
0.24144940078258514
0.24128730595111847
0.22761552035808563
0.22749024629592896
0.21209831535816193
0.21197359263896942
0.20683705806732178
0.20691563189029694
0.20378798246383667
0.20366428792476654
0.20261132717132568
0.2026010900735855
0.20136381685733795
0.2011864334344864
0.20693092048168182
0.2067704051733017
0.2090865671634674
0.2091425359249115
0.2090928703546524
0.20892766118049622
0.20644930005073547
0.206329807639122
0.21018165349960327
0.21003146469593048
0.21101392805576324
0.21099348366260529
0.2111101746559143
0.21119974553585052
0.20657269656658173
0.20661742985248566
0.21158626675605774
0.2115308940410614
0.20773793756961823
0.20790906250476837
0.20765738189220428
0.20769880712032318
0.20961883664131165
0.2095154970884323
0.21069248020648956
0.21058018505573273
0.20432397723197937
0.2045845240354538
0.20736320316791534
0.20761027932167053
0.20921993255615234
0.20928359031677246
0.20874843001365662
0.20877724885940552
0.2092791199684143
0.20946979522705078
0.20628085732460022
0.20632198452949524
0.2090921849012375
0.2092837542295456
0.21042852103710175
0.2103339433670044
0.21347559988498688
0.2134294956922531
0.2063034027814865
0.2065114676952362
0.21007846295833588
0.20994658768177032
0.21020352840423584
0.21019108593463898
0.21276237070560455
0.21273255348205566
0.21270275115966797
0.21257296204566956
0.2107846736907959
0.21083417534828186
0.2080300897359848
0.20818699896335602
0.2103918492794037
0.2103012502193451
0.20814162492752075
0.20804809033870697
0.21034133434295654
0.21038582921028137
0.2075481116771698
0.20746544003486633
0.2065792828798294
0.20620661973953247
0.21068868041038513
0.21048550307750702
0.20926780998706818
0.20936596393585205
0.20777809619903564
0.20811022818088531
0.21218599379062653
0.2121013104915619
0.20923098921775818
0.2091054618358612
0.20883484184741974
0.20885618031024933
0.20625579357147217
0.20647168159484863
0.20917262136936188
0.20901669561862946
0.20880991220474243
0.20855924487113953
0.20724165439605713
0.20730999112129211
0.20634965598583221
0.20626838505268097
0.20823678374290466
0.20817647874355316
0.20894484221935272
0.20872898399829865
0.20692703127861023
0.20676560699939728
0.21105274558067322
0.2112513780593872
0.205240860581398
0.20543356239795685
0.20586661994457245
0.2056022435426712
0.20675106346607208
0.20666180551052094
0.2080034464597702
0.2080605924129486
0.20807568728923798
0.208074688911438
0.20907284319400787
0.20906884968280792
0.20772649347782135
0.2076670527458191
0.20739030838012695
0.20740628242492676
0.20761623978614807
0.20736660063266754
0.20568984746932983
0.20564918220043182
0.20618058741092682
0.2059224545955658
0.2094046026468277
0.20927740633487701
0.20688678324222565
0.20696112513542175
0.20790399610996246
0.20784051716327667
0.20708398520946503
0.20701976120471954
0.2143108993768692
0.2142828404903412
0.2150232195854187
0.21520143747329712
0.21528857946395874
0.21527767181396484
0.21543027460575104
0.2154078483581543
0.2155001312494278
0.21529953181743622
0.21542342007160187
0.21520833671092987
0.2152562439441681
0.21517495810985565
0.21508784592151642
0.21536028385162354
0.21514341235160828
0.21518850326538086
0.21525827050209045
0.2155739963054657
0.2154240757226944
0.21554988622665405
0.2152305245399475
0.21547557413578033
0.21556456387043
0.21543088555335999
0.21515260636806488
0.21513573825359344
0.21539656817913055
0.21525447070598602
0.21509350836277008
0.2154529094696045
0.21519595384597778
0.21562378108501434
0.2154015302658081
0.21542932093143463
0.21492840349674225
0.2153010368347168
0.21540261805057526
0.21527831256389618
0.21552763879299164
0.21519850194454193
0.21536140143871307
0.21530093252658844
0.21536356210708618
0.21522627770900726
0.21517010033130646
0.21529361605644226
0.21521496772766113
0.2153196781873703
0.21543239057064056
0.21547594666481018
0.2151910364627838
0.21539990603923798
0.2152523547410965
0.21540237963199615
0.2153172492980957
0.21497757732868195
0.21528322994709015
0.21516053378582
0.21517227590084076
0.2151864618062973
0.21550503373146057
0.21524743735790253
0.21513225138187408
0.21540962159633636
0.21522125601768494
0.21521665155887604
0.21536777913570404
0.21526087820529938
0.21516765654087067
0.2152395248413086
0.2152198702096939
0.2070072740316391
