-0.029384374618530273
-0.029384374618530273
-0.029379844665527344
-0.02335214614868164
-0.0233457088470459
-0.01819157600402832
-0.018178701400756836
-0.013328075408935547
-0.013324499130249023
-0.008882284164428711
-0.008940696716308594
-0.00539088249206543
-0.005365848541259766
-0.002869844436645508
-0.002786397933959961
-0.0012669563293457031
-0.0012786388397216797
-0.0005280971527099609
-0.0005993843078613281
-0.0004208087921142578
-0.0003790855407714844
-0.0005431175231933594
-0.0005295276641845703
-0.0005433559417724609
-0.0005097389221191406
-0.0005178451538085938
-0.0005557537078857422
-0.0005276203155517578
-0.0005204677581787109
-0.0005099773406982422
-0.0005533695220947266
-0.0005328655242919922
-0.0005490779876708984
-0.0005922317504882812
-0.0005645751953125
-0.0005807876586914062
-0.0005776882171630859
-0.0007266998291015625
-0.0005204677581787109
-0.0007860660552978516
-0.0008318424224853516
-0.0008389949798583984
-0.0007927417755126953
-0.0011932849884033203
-0.0011920928955078125
-0.0010993480682373047
-0.0009434223175048828
-0.0011341571807861328
-0.0011136531829833984
-0.001180410385131836
-0.0008654594421386719
-0.0011990070343017578
-0.0011441707611083984
-0.0012238025665283203
-0.0012073516845703125
-0.0010933876037597656
-0.0008485317230224609
-0.0011172294616699219
-0.0008931159973144531
-0.0011839866638183594
-0.0009522438049316406
-0.0011065006256103516
-0.0010328292846679688
-0.0009660720825195312
-0.0010647773742675781
-0.0009646415710449219
-0.0011241436004638672
-0.0009474754333496094
-0.0009531974792480469
-0.0007753372192382812
-0.000873565673828125
-0.0008831024169921875
-0.0008099079132080078
-0.0007731914520263672
-0.0007476806640625
-0.0010142326354980469
-0.0010182857513427734
-0.0006337165832519531
-0.001010894775390625
-0.0007312297821044922
-0.0010428428649902344
-0.0008537769317626953
-0.0009987354278564453
-0.0008816719055175781
-0.0010120868682861328
-0.0008795261383056641
-0.0010657310485839844
-0.0008602142333984375
-0.0008859634399414062
-0.0008366107940673828
-0.0011484622955322266
-0.0010035037994384766
-0.0007848739624023438
-0.0008971691131591797
-0.0009007453918457031
-0.0008025169372558594
-0.000997304916381836
-0.0010564327239990234
-0.0008816719055175781
-0.0008525848388671875
-0.000946044921875
-0.0009794235229492188
-0.0010006427764892578
-0.001020669937133789
-0.0008919239044189453
-0.0009450912475585938
-0.000965118408203125
-0.0007312297821044922
-0.0008711814880371094
-0.0006580352783203125
-0.000675201416015625
-0.0008246898651123047
-0.0007600784301757812
-0.0008714199066162109
-0.0008707046508789062
-0.0007736682891845703
-0.0006690025329589844
-0.0009658336639404297
-0.0006520748138427734
-0.0010802745819091797
-0.0008828639984130859
-0.0007288455963134766
-0.0007185935974121094
-0.0007641315460205078
-0.0010449886322021484
-0.0007967948913574219
-0.0008897781372070312
-0.0007920265197753906
-0.0007379055023193359
-0.0008649826049804688
-0.00080108642578125
-0.0007305145263671875
-0.0008440017700195312
-0.0008401870727539062
-0.0006642341613769531
-0.0010383129119873047
-0.0005517005920410156
-0.0007293224334716797
-0.0008721351623535156
-0.0009047985076904297
-0.0007014274597167969
-0.0007233619689941406
-0.0007028579711914062
-0.0008544921875
-0.0006093978881835938
-0.0008924007415771484
-0.0007293224334716797
-0.0008828639984130859
-0.0010726451873779297
-0.0007288455963134766
-0.0008957386016845703
-0.0009348392486572266
-0.0005147457122802734
-0.0006196498870849609
-0.0005886554718017578
-0.0008022785186767578
-0.0008749961853027344
-0.0007984638214111328
-0.0007503032684326172
-0.0008044242858886719
-0.0008089542388916016
-0.0009891986846923828
-0.0008502006530761719
-0.000762939453125
-0.0009617805480957031
-0.001035451889038086
-0.0008003711700439453
-0.0010538101196289062
-0.0009355545043945312
-0.00092315673828125
-0.0006759166717529297
-0.0010826587677001953
-0.0007507801055908203
-0.0009377002716064453
-0.0009555816650390625
-0.0007588863372802734
-0.000530242919921875
-0.0007636547088623047
-0.0008213520050048828
-0.0010883808135986328
-0.0009794235229492188
-0.0008566379547119141
-0.0007607936859130859
-0.0010352134704589844
-0.0009720325469970703
-0.0012369155883789062
-0.0011970996856689453
-0.0011949539184570312
-0.0011131763458251953
-0.0012319087982177734
-0.0009045600891113281
-0.0009171962738037109
-0.00092315673828125
-0.0008871555328369141
-0.0010421276092529297
-0.0009436607360839844
-0.0007784366607666016
-0.0008566379547119141
-0.0013036727905273438
-0.001220703125
-0.0012149810791015625
-0.00089263916015625
-0.0011072158813476562
-0.0013501644134521484
-0.0011129379272460938
-0.0008041858673095703
-0.0009505748748779297
-0.0010197162628173828
-0.0010526180267333984
-0.000751495361328125
-0.0011637210845947266
-0.0009028911590576172
-0.0012938976287841797
-0.0010919570922851562
-0.0012447834014892578
-0.0005519390106201172
-0.0011219978332519531
-0.0012540817260742188
-0.0010418891906738281
-0.0012125968933105469
-0.0009062290191650391
-0.001138925552368164
-0.00098419189453125
-0.0009725093841552734
-0.0010232925415039062
-0.0008311271667480469
-0.0009219646453857422
-0.0008988380432128906
-0.0010395050048828125
-0.0009772777557373047
-0.0011591911315917969
-0.0006754398345947266
-0.0010945796966552734
-0.0009207725524902344
-0.0011973381042480469
-0.0011208057403564453
-0.0006232261657714844
-0.001056671142578125
-0.0008244514465332031
-0.0008251667022705078
-0.0007731914520263672
-0.00113677978515625
-0.0009393692016601562
-0.0009181499481201172
-0.0011949539184570312
-0.0009596347808837891
-0.0007457733154296875
-0.0010707378387451172
-0.0009737014770507812
-0.00089263916015625
-0.000988006591796875
-0.0009992122650146484
-0.0006935596466064453
