0.6036961078643799
0.6036961078643799
0.6037000417709351
0.5557476878166199
0.5557431578636169
0.5077589154243469
0.507743239402771
0.45355135202407837
0.4535503387451172
0.3912414014339447
0.39127808809280396
0.3237476646900177
0.32373127341270447
0.25418150424957275
0.2541022002696991
0.18791265785694122
0.18790684640407562
0.13261204957962036
0.13266006112098694
0.11965341120958328
0.11961487680673599
0.13427115976810455
0.13428016006946564
0.13768556714057922
0.13766488432884216
0.13590364158153534
0.13592718541622162
0.1369282603263855
0.13694727420806885
0.1366547793149948
0.13668687641620636
0.13509927690029144
0.13508974015712738
0.1387026309967041
0.13865415751934052
0.13641099631786346
0.13640791177749634
0.13714249432086945
0.13693413138389587
0.1317501813173294
0.13170355558395386
0.1247958242893219
0.12470761686563492
0.12330564111471176
0.12336336076259613
0.12220482528209686
0.12217337638139725
0.1218404546380043
0.12182912975549698
0.1210988461971283
0.12085487693548203
0.12457651644945145
0.12439559400081635
0.12586624920368195
0.12584632635116577
0.12579482793807983
0.1255805939435959
0.124106764793396
0.12397050112485886
0.12648846209049225
0.12634959816932678
0.12702222168445587
0.12701410055160522
0.12714125216007233
0.12717463076114655
0.12428107112646103
0.12441840767860413
0.12746551632881165
0.1273966133594513
0.12509341537952423
0.12524858117103577
0.12510047852993011
0.12519487738609314
0.1263861209154129
0.1262962818145752
0.1271301954984665
0.12713192403316498
0.12301965802907944
0.1232895478606224
0.12500768899917603
0.12527434527873993
0.1262056827545166
0.12628398835659027
0.12595272064208984
0.1259877234697342
0.12640701234340668
0.1266324669122696
0.12452812492847443
0.12454162538051605
0.12636199593544006
0.12653112411499023
0.1271776556968689
0.12706111371517181
0.1290459930896759
0.12903207540512085
0.12457716464996338
0.12478221952915192
0.1270747035741806
0.12693698704242706
0.1271289736032486
0.12714502215385437
0.12882517278194427
0.12880276143550873
0.12883098423480988
0.12873388826847076
0.12758907675743103
0.1276172548532486
0.12579888105392456
0.12592409551143646
0.12746454775333405
0.12731914222240448
0.12608660757541656
0.12597694993019104
0.1275031864643097
0.12757335603237152
0.12573941051959991
0.1256828010082245
0.12525708973407745
0.1248927041888237
0.1279813051223755
0.12782269716262817
0.127017542719841
0.1270766705274582
0.12611611187458038
0.12646636366844177
0.12910549342632294
0.12906938791275024
0.12723149359226227
0.12711438536643982
0.12713855504989624
0.12710382044315338
0.1254185289144516
0.1256454437971115
0.1274799108505249
0.12732549011707306
0.12727545201778412
0.12707577645778656
0.12633147835731506
0.12634220719337463
0.12582789361476898
0.12568458914756775
0.12715411186218262
0.12709151208400726
0.1276673525571823
0.12747880816459656
0.1264614462852478
0.12631329894065857
0.1291370987892151
0.12932202219963074
0.12540723383426666
0.12561878561973572
0.12593862414360046
0.12573648989200592
0.12651437520980835
0.12638135254383087
0.12745438516139984
0.12749360501766205
0.12763231992721558
0.12760978937149048
0.12829940021038055
0.12824536859989166
0.12757916748523712
0.12748250365257263
0.12725931406021118
0.12729737162590027
0.1275513768196106
0.12733691930770874
0.12642449140548706
0.12632198631763458
0.12662413716316223
0.12641175091266632
0.1288185864686966
0.12865246832370758
0.12712262570858002
0.12717488408088684
0.12773855030536652
0.12780475616455078
0.1273251473903656
0.12726618349552155
0.13239522278308868
0.13239212334156036
0.13282719254493713
0.1328943371772766
0.13306301832199097
0.13300873339176178
0.13310323655605316
0.1331699937582016
0.13326406478881836
0.13306649029254913
0.13315030932426453
0.13293416798114777
0.13293056190013885
0.13293199241161346
0.13289357721805573
0.133115753531456
0.13288091123104095
0.13286587595939636
0.13292934000492096
0.13329440355300903
0.13321109116077423
0.13321325182914734
0.13293316960334778
0.13318492472171783
0.13329379260540009
0.13317057490348816
0.13285177946090698
0.1329292207956314
0.13311849534511566
0.13295979797840118
0.13283845782279968
0.1331252157688141
0.13292016088962555
0.13327200710773468
0.13315071165561676
0.13322505354881287
0.13265997171401978
0.13301444053649902
0.13311167061328888
0.1329668015241623
0.13328270614147186
0.13299356400966644
0.1331019401550293
0.13312262296676636
0.13302457332611084
0.1329914629459381
0.1329399198293686
0.13301432132720947
0.1329556554555893
0.13305337727069855
0.13314931094646454
0.13324639201164246
0.13286402821540833
0.13314777612686157
0.132991224527359
0.1331666260957718
0.13307437300682068
0.1327066868543625
0.13304632902145386
0.13290376961231232
0.13291950523853302
0.13286496698856354
0.13322864472866058
0.13294528424739838
0.1328887790441513
0.1330960988998413
0.13296741247177124
0.13291925191879272
0.13309183716773987
0.1329689621925354
0.13295471668243408
0.1330176591873169
0.13294878602027893
0.12725989520549774
