14.632247924804688
14.632247924804688
13.974128723144531
12.252872467041016
11.793922424316406
10.250007629394531
9.852165222167969
8.277488708496094
7.902909755706787
6.287250995635986
5.964602470397949
4.398575782775879
4.124041557312012
2.7745232582092285
2.587477684020996
1.5598504543304443
1.4253594875335693
0.7995257377624512
0.7261319756507874
0.5092768669128418
0.4666179418563843
0.5057183504104614
0.46230441331863403
0.46856552362442017
0.4273984432220459
0.43069639801979065
0.3949892222881317
0.4056089520454407
0.37942010164260864
0.38404718041419983
0.3637242317199707
0.36204707622528076
0.34584033489227295
0.37182897329330444
0.3558140993118286
0.38254380226135254
0.3659718334674835
0.4461614191532135
0.4176090657711029
0.520683228969574
0.5027910470962524
0.5511334538459778
0.5463160276412964
0.5994546413421631
0.6443588137626648
0.6045418977737427
0.6487398743629456
0.5743334889411926
0.5994497537612915
0.5790126919746399
0.5540205240249634
0.6221247315406799
0.5702364444732666
0.5552616119384766
0.5926812887191772
0.5963156223297119
0.541690468788147
0.5091956257820129
0.5264478325843811
0.5386760830879211
0.5314340591430664
0.5294941067695618
0.547865629196167
0.5204839110374451
0.5246866941452026
0.4936647415161133
0.5022498965263367
0.5029008388519287
0.49920520186424255
0.48381733894348145
0.48585185408592224
0.4639440178871155
0.4671601355075836
0.46898460388183594
0.4095492959022522
0.4538481533527374
0.4469846785068512
0.39003610610961914
0.3738577961921692
0.374534547328949
0.3746766746044159
0.35521000623703003
0.3738642632961273
0.35515767335891724
0.34511035680770874
0.3539743423461914
0.33960163593292236
0.32275447249412537
0.3290729224681854
0.3458443284034729
0.3218401074409485
0.3202023208141327
0.3076326847076416
0.2854121923446655
0.2845804691314697
0.29595279693603516
0.2630224823951721
0.2769048511981964
0.25472962856292725
0.2520012855529785
0.24853643774986267
0.26348090171813965
0.2500390410423279
0.23128534853458405
0.23884938657283783
0.23164726793766022
0.22714795172214508
0.21640555560588837
0.20648084580898285
0.21939003467559814
0.20725888013839722
0.20616331696510315
0.20041067898273468
0.2021419107913971
0.19414830207824707
0.193450927734375
0.1807200014591217
0.17926430702209473
0.16936349868774414
0.18103031814098358
0.17916308343410492
0.17898023128509521
0.17581644654273987
0.1748443841934204
0.17172272503376007
0.18447837233543396
0.1744747906923294
0.1744230091571808
0.16691945493221283
0.16235551238059998
0.16625553369522095
0.15756498277187347
0.15867231786251068
0.1654079556465149
0.16011518239974976
0.16052962839603424
0.15824145078659058
0.16216632723808289
0.15768790245056152
0.15680117905139923
0.15256473422050476
0.15766866505146027
0.15629467368125916
0.15849077701568604
0.1592867076396942
0.1606655865907669
0.15910911560058594
0.16100747883319855
0.16624531149864197
0.1555204689502716
0.1525680273771286
0.1540532112121582
0.15596641600131989
0.15944531559944153
0.15917006134986877
0.16438065469264984
0.158038929104805
0.17022255063056946
0.16181480884552002
0.17258043587207794
0.1695304811000824
0.16529780626296997
0.17184506356716156
0.1679406464099884
0.1667214184999466
0.17810405790805817
0.17741280794143677
0.1712130308151245
0.1585380733013153
0.16797137260437012
0.17352934181690216
0.17011569440364838
0.16890080273151398
0.1740027666091919
0.1665642261505127
0.17842841148376465
0.1764904409646988
0.17698733508586884
0.18105627596378326
0.20618543028831482
0.20815463364124298
0.21085992455482483
0.18924443423748016
0.2014797329902649
0.208501398563385
0.21734479069709778
0.19889982044696808
0.21292802691459656
0.2061712145805359
0.19733740389347076
0.1867346465587616
0.18988889455795288
0.18804244697093964
0.17959067225456238
0.18773141503334045
0.1906428337097168
0.1869121789932251
0.18100184202194214
0.17971886694431305
0.17672118544578552
0.18314631283283234
0.1847931444644928
0.18410509824752808
0.18172043561935425
0.1663343608379364
0.1793278455734253
0.1683805286884308
0.17012718319892883
0.16883617639541626
0.16529038548469543
0.16977724432945251
0.17384500801563263
0.16661854088306427
0.16374635696411133
0.16658324003219604
0.16304174065589905
0.16053837537765503
0.16800770163536072
0.15915003418922424
0.16292735934257507
0.1643471121788025
0.16094765067100525
0.16008195281028748
0.1601078063249588
0.1573011875152588
0.15398827195167542
0.16052347421646118
0.16265130043029785
0.1583556979894638
0.15764066576957703
0.1577269434928894
0.16056299209594727
0.15678732097148895
0.1662498414516449
0.15310309827327728
0.15492793917655945
0.15625061094760895
0.15485763549804688
0.1581774353981018
0.15779894590377808
0.15625472366809845
0.15376117825508118
0.1476639360189438
0.1579166054725647
0.1578475832939148
0.15775488317012787
0.15261533856391907
0.1581401526927948
0.1522625982761383
0.16047340631484985
0.15500348806381226
0.1539033204317093
0.17942823469638824
