0.5880275964736938
0.5880275964736938
0.5880170464515686
0.5013204216957092
0.5014907121658325
0.424300879240036
0.4245835840702057
0.34696221351623535
0.34674176573753357
0.2672242820262909
0.2673119008541107
0.19139964878559113
0.19079084694385529
0.12340425699949265
0.12423744797706604
0.0706343874335289
0.07019169628620148
0.036507606506347656
0.03650962933897972
0.03147711604833603
0.03119790181517601
0.04018794745206833
0.039891693741083145
0.04237969592213631
0.042041972279548645
0.04180721566081047
0.04170241206884384
0.042650919407606125
0.042748939245939255
0.04329315200448036
0.04328937456011772
0.043352119624614716
0.043280910700559616
0.047729454934597015
0.0473746657371521
0.05037478357553482
0.05031481757760048
0.05972041189670563
0.05821413919329643
0.06520668417215347
0.06669031083583832
0.07066395878791809
0.07119672000408173
0.07766318321228027
0.08001994341611862
0.07530901581048965
0.08665771782398224
0.07665862143039703
0.07821030169725418
0.07446348667144775
0.07441172748804092
0.08180207759141922
0.07841887325048447
0.07833744585514069
0.07965491712093353
0.0835471898317337
0.07211299985647202
0.06988602131605148
0.07505086809396744
0.07432280480861664
0.07774008810520172
0.07714373618364334
0.08292180299758911
0.07849286496639252
0.08127254992723465
0.07298477739095688
0.07634945958852768
0.07735743373632431
0.07706353813409805
0.07456177473068237
0.07505977153778076
0.07391764223575592
0.07577956467866898
0.07682142406702042
0.07333774864673615
0.07728148996829987
0.07584915310144424
0.06804133951663971
0.07006127387285233
0.07089460641145706
0.07498306781053543
0.06939667463302612
0.074940986931324
0.07238417118787766
0.06967774778604507
0.07304272055625916
0.0717996209859848
0.06839942187070847
0.07000437378883362
0.07313057035207748
0.0736052468419075
0.07414156943559647
0.07481192797422409
0.07157937437295914
0.074971504509449
0.07290078699588776
0.0673149824142456
0.07171177864074707
0.07152676582336426
0.06991786509752274
0.07270508259534836
0.07444731146097183
0.07607220113277435
0.06999386101961136
0.07242130488157272
0.07045204192399979
0.07366594672203064
0.07046215236186981
0.06984078884124756
0.07054990530014038
0.07203623652458191
0.07008863240480423
0.06979348510503769
0.07021064311265945
0.0732286348938942
0.07065407186746597
0.0684385672211647
0.06674498319625854
0.0677628219127655
0.0701865628361702
0.07193170487880707
0.07022296637296677
0.06954437494277954
0.07027726620435715
0.0698152557015419
0.0711655393242836
0.0719117671251297
0.0704331323504448
0.07303580641746521
0.06850098073482513
0.06795315444469452
0.06819984316825867
0.06610872596502304
0.06912793219089508
0.07053443044424057
0.06957489997148514
0.07082832604646683
0.06754142045974731
0.07119784504175186
0.0694904550909996
0.06888633221387863
0.06929731369018555
0.0693947896361351
0.0711076557636261
0.07096283882856369
0.06870188564062119
0.06827695667743683
0.06970535963773727
0.07285042107105255
0.0669712945818901
0.06989249587059021
0.06856884062290192
0.06885365396738052
0.0736481100320816
0.07210854440927505
0.06907033920288086
0.07044020295143127
0.07106859236955643
0.07251756638288498
0.07019202411174774
0.07187490910291672
0.07042569667100906
0.06904932111501694
0.06945991516113281
0.07248743623495102
0.07004418969154358
0.07410828024148941
0.06965919584035873
0.07070884108543396
0.06911622732877731
0.07154561579227448
0.07277902215719223
0.06969497352838516
0.07474230974912643
0.06973422318696976
0.07016920298337936
0.07330498099327087
0.06922334432601929
0.0711539015173912
0.0754871666431427
0.07741063088178635
0.0773586705327034
0.07638438045978546
0.07928711920976639
0.07756774127483368
0.07960770279169083
0.07661933451890945
0.07731202989816666
0.07843831926584244
0.07723589986562729
0.07597961276769638
0.07722489535808563
0.07670028507709503
0.07552504539489746
0.07637633383274078
0.07855334132909775
0.07874121516942978
0.08062928169965744
0.07639859616756439
0.08098167181015015
0.08113361895084381
0.0804535448551178
0.07541853934526443
0.08119156956672668
0.07718942314386368
0.08229558169841766
0.07724446803331375
0.07880654186010361
0.07684201747179031
0.0790075808763504
0.07632037997245789
0.07807952165603638
0.07999993860721588
0.081214539706707
0.07839225232601166
0.08092229068279266
0.07883405685424805
0.0801938846707344
0.07990220189094543
0.07753951847553253
0.08077574521303177
0.07570604979991913
0.08115379512310028
0.07937756925821304
0.07419648766517639
0.0778922587633133
0.07881984114646912
0.07781224697828293
0.07795479148626328
0.07704327255487442
0.08033658564090729
0.07736655324697495
0.07990223169326782
0.07865170389413834
0.07985913008451462
0.07847703993320465
0.0788806676864624
0.07652221620082855
0.07984822988510132
0.07695693522691727
0.07841045409440994
0.07882802933454514
0.07896305620670319
0.07964330166578293
0.07700935751199722
0.08064485341310501
0.07749984413385391
0.07713820785284042
0.07581383734941483
0.07502429187297821
0.07876107096672058
0.07765896618366241
0.07270927727222443
