0.6039056777954102
0.6039056777954102
0.6038987040519714
0.5164071321487427
0.5165584087371826
0.4390495717525482
0.43937060236930847
0.3613200783729553
0.3610725402832031
0.2801467478275299
0.28021904826164246
0.2016400545835495
0.20101964473724365
0.13028773665428162
0.1311604082584381
0.0744975134730339
0.07399099320173264
0.0381915457546711
0.03818574547767639
0.03199212998151779
0.03171967715024948
0.040672171860933304
0.04036075994372368
0.042487550526857376
0.042134031653404236
0.04207152500748634
0.04195309802889824
0.04292755201458931
0.043021950870752335
0.04388054087758064
0.04387498274445534
0.043947529047727585
0.043878160417079926
0.04848324507474899
0.0481073372066021
0.05174272134900093
0.051690563559532166
0.061724789440631866
0.06017463281750679
0.06809790432453156
0.06971213221549988
0.0740073174238205
0.07465359568595886
0.08108958601951599
0.08358372747898102
0.07851540297269821
0.09038788080215454
0.0798715204000473
0.08148007839918137
0.07781534641981125
0.07779800891876221
0.08539077639579773
0.08177249133586884
0.08163414150476456
0.08308989554643631
0.08727850764989853
0.07517236471176147
0.07264326512813568
0.07819181680679321
0.07745592296123505
0.08084533363580704
0.08011480420827866
0.08641897141933441
0.08146370202302933
0.0844048485159874
0.07552162557840347
0.07918594777584076
0.07991057634353638
0.07965537905693054
0.07694397121667862
0.07742437720298767
0.07606637477874756
0.07808422297239304
0.07902015000581741
0.07559007406234741
0.07935389131307602
0.0778229758143425
0.06998132914304733
0.07197395712137222
0.07280456274747849
0.07692001014947891
0.07129589468240738
0.0767347514629364
0.0741620883345604
0.07147960364818573
0.07485339790582657
0.07353585958480835
0.07001301646232605
0.07158366590738297
0.07477942109107971
0.0752546414732933
0.07576274871826172
0.0763876810669899
0.07322654873132706
0.07667017728090286
0.07429506629705429
0.0687841847538948
0.07322190701961517
0.07316510379314423
0.07145846635103226
0.07424548268318176
0.07602374255657196
0.07757196575403214
0.07167047262191772
0.07387520372867584
0.07198638468980789
0.0751911997795105
0.07191967964172363
0.07131721824407578
0.07207129895687103
0.07362097501754761
0.07143692672252655
0.071082703769207
0.07168219238519669
0.07474453747272491
0.07204531878232956
0.0698758140206337
0.06817662715911865
0.06921619176864624
0.07160375267267227
0.07331626117229462
0.07167638838291168
0.070975661277771
0.07158984988927841
0.071074478328228
0.07266309857368469
0.07329028099775314
0.07177039235830307
0.07427121698856354
0.06991017609834671
0.06951773911714554
0.06954870373010635
0.06739258766174316
0.0705697163939476
0.07186662405729294
0.07091867923736572
0.07219692319631577
0.06893826276063919
0.07240129262208939
0.0706895962357521
0.07012306898832321
0.07068568468093872
0.07083415985107422
0.07248448580503464
0.07228369265794754
0.07016739994287491
0.06967021524906158
0.07128981500864029
0.07425431907176971
0.06822947412729263
0.07126583904027939
0.06984977424144745
0.07014249265193939
0.07496552914381027
0.07344163209199905
0.07052809745073318
0.07193658500909805
0.07237999141216278
0.07398395240306854
0.07172559201717377
0.0734315812587738
0.0718265026807785
0.07052429765462875
0.07086560130119324
0.07369586825370789
0.07151519507169724
0.07542556524276733
0.0710357055068016
0.07214033603668213
0.07044581323862076
0.07285468280315399
0.07417114824056625
0.07112519443035126
0.07603007555007935
0.07110919058322906
0.07156138867139816
0.07464728504419327
0.07053026556968689
0.0723022073507309
0.07666265964508057
0.07848495990037918
0.07851862162351608
0.07758934050798416
0.08040770143270493
0.07890059798955917
0.08077837526798248
0.07787223905324936
0.07846004515886307
0.07957395166158676
0.07829619944095612
0.07714986056089401
0.07823482900857925
0.07797824591398239
0.07667534053325653
0.07759467512369156
0.07961998879909515
0.07993412017822266
0.08164609968662262
0.07753820717334747
0.08191690593957901
0.08227454870939255
0.08141974359750748
0.07662604004144669
0.08221506327390671
0.07809820026159286
0.08327112346887589
0.07843879610300064
0.07996873557567596
0.07813438028097153
0.07998992502689362
0.07760059088468552
0.0791739895939827
0.08110858500003815
0.0821966752409935
0.07959238439798355
0.08196087926626205
0.08001527935266495
0.08120042085647583
0.08113357424736023
0.07878105342388153
0.08185075968503952
0.0767843946814537
0.08216308802366257
0.08057358115911484
0.07541750371456146
0.07908769696950912
0.07995547354221344
0.07889219373464584
0.07913962751626968
0.07825814187526703
0.08140775561332703
0.07846889644861221
0.08105158060789108
0.07967381924390793
0.08097635954618454
0.07956597954034805
0.08003534376621246
0.07777208834886551
0.08111577481031418
0.07806384563446045
0.07948609441518784
0.0799129530787468
0.08005890250205994
0.0807243064045906
0.07816758006811142
0.08184760063886642
0.07866110652685165
0.07836038619279861
0.07706564664840698
0.07623451203107834
0.07977280020713806
0.07890394330024719
0.00915973074734211
