0.5736943483352661
0.29239755868911743
0.29182565212249756
0.7759219408035278
0.7759219408035278
0.8124066591262817
0.8124066591262817
0.7759219408035278
0.7759219408035278
0.7416163086891174
0.7416163086891174
0.7133646607398987
0.7133646607398987
0.7416163086891174
0.7416163086891174
0.7416163086891174
0.7416163086891174
0.7416163086891174
0.7416163086891174
0.7133646607398987
0.7416163086891174
0.7416163086891174
0.7416163086891174
0.7133646607398987
0.7133646607398987
0.7416163086891174
0.7133646607398987
0.7133646607398987
0.7133646607398987
0.7133646607398987
0.7133646607398987
0.7133646607398987
0.7133646607398987
0.6925417184829712
0.7133646607398987
0.7133646607398987
0.6925417184829712
0.6672981977462769
0.6925417184829712
0.6925417184829712
0.6672981977462769
0.6925417184829712
0.6925417184829712
0.6672981977462769
0.6672981977462769
0.6672981977462769
0.6672981977462769
0.6376999020576477
0.24237000942230225
0.61183762550354
0.24571934342384338
0.61183762550354
0.61183762550354
0.5586302280426025
0.5586302280426025
0.19479258358478546
0.19333244860172272
0.1589767336845398
0.1580180525779724
0.1155042052268982
0.11483636498451233
0.09106889367103577
0.08890941739082336
0.07412225008010864
0.07497778534889221
0.05836445093154907
0.059705913066864014
0.04539725184440613
0.04623183608055115
0.024206936359405518
0.025325685739517212
0.03564250469207764
0.03535127639770508
0.016376078128814697
0.01749129593372345
0.03005889058113098
0.02960178256034851
0.02487701177597046
0.02499854564666748
0.01849302649497986
0.018673211336135864
0.01988936960697174
0.019879281520843506
0.015134766697883606
0.0143747478723526
0.02075299620628357
0.020851194858551025
0.013883590698242188
0.016732484102249146
0.01955142617225647
0.019327640533447266
0.019354403018951416
0.018526077270507812
0.015066832304000854
0.015395432710647583
0.013871639966964722
0.014643043279647827
0.01158052682876587
0.012395933270454407
0.01089911162853241
0.01089891791343689
0.013429105281829834
0.013952523469924927
0.01389455795288086
0.014243900775909424
0.016598403453826904
0.017197757959365845
0.01682904362678528
0.0174599289894104
0.01733824610710144
0.01783740520477295
0.010186366736888885
0.010062791407108307
0.018818795680999756
0.0184384286403656
0.009037613868713379
0.009245738387107849
0.01721876859664917
0.01623755693435669
0.012806475162506104
0.013745725154876709
0.01765275001525879
0.017242372035980225
0.011980533599853516
0.011820793151855469
0.01513761281967163
0.01563313603401184
0.014146298170089722
0.014048188924789429
0.025417953729629517
0.025901854038238525
0.015699118375778198
0.015479356050491333
0.02383720874786377
0.024649888277053833
0.011861354112625122
0.012062758207321167
0.009390443563461304
0.009873181581497192
0.018381357192993164
0.017667263746261597
0.013817697763442993
0.013323783874511719
0.027910619974136353
0.028063565492630005
0.01505783200263977
0.014863729476928711
0.019009500741958618
0.019117653369903564
0.010583877563476562
0.011821389198303223
0.01711905002593994
0.01679694652557373
0.008228421211242676
0.008381783962249756
0.013349801301956177
0.012079030275344849
0.016824424266815186
0.0164145827293396
0.014603346586227417
0.013958215713500977
0.01985102891921997
0.019786477088928223
0.011808961629867554
0.012251198291778564
0.013529300689697266
0.013083070516586304
0.009025096893310547
0.008972972631454468
0.009344086050987244
0.009221844375133514
0.010603934526443481
0.010483205318450928
0.015581846237182617
0.015592396259307861
0.02172154188156128
0.021488964557647705
0.016316920518875122
0.016205042600631714
0.012446552515029907
0.012472957372665405
0.009209670126438141
0.009221203625202179
0.018452882766723633
0.017655134201049805
0.011281728744506836
0.011787652969360352
0.009020566940307617
0.008948683738708496
0.018905222415924072
0.01953059434890747
0.018972128629684448
0.018913447856903076
0.01798802614212036
0.0187455415725708
0.012994438409805298
0.013416945934295654
0.009752899408340454
0.009455233812332153
0.008392244577407837
0.008391052484512329
0.01532706618309021
0.015538930892944336
0.009664513170719147
0.009473562240600586
0.011521905660629272
0.01179453730583191
0.012792922556400299
0.012646481394767761
0.011264294385910034
0.011737704277038574
0.007881700992584229
0.00806957483291626
0.014530330896377563
0.014916390180587769
0.008382558822631836
0.009209632873535156
0.009287774562835693
0.008865892887115479
0.008761942386627197
0.008873209357261658
0.008963316679000854
0.008480757474899292
0.014934346079826355
0.014893986284732819
0.008665606379508972
0.008862197399139404
0.010002166032791138
0.009443014860153198
0.007735699415206909
0.007696188986301422
0.008644849061965942
0.008274614810943604
0.010157167911529541
0.010979980230331421
0.007167704403400421
0.007287442684173584
0.009542912244796753
0.008937865495681763
0.011777222156524658
0.011875241994857788
0.014965236186981201
0.015474170446395874
0.023381084203720093
0.02434593439102173
0.011878818273544312
0.011883750557899475
0.011157214641571045
0.010998666286468506
0.01154935359954834
0.007137216627597809
0.006674826145172119
0.006962597370147705
0.007418334484100342
0.006613612174987793
0.007171064615249634
0.007198631763458252
0.007115095853805542
0.0073365941643714905
0.0077637434005737305
0.007474839687347412
0.006630450487136841
0.007486850023269653
0.0071638524532318115
0.007481470704078674
0.007405132055282593
0.007340259850025177
0.007360570132732391
0.007088333368301392
0.006742618978023529
0.007407516241073608
0.007024854421615601
0.007101535797119141
0.0075781866908073425
0.007220238447189331
