0.24036669731140137
0.04073071852326393
0.04063205420970917
0.04471123591065407
0.029233166947960854
0.03325348347425461
0.02999195083975792
0.025005310773849487
0.027334369719028473
0.022141752764582634
0.02550623007118702
0.020980916917324066
0.025639357045292854
0.029372328892350197
0.029377562925219536
0.02904689311981201
0.029069559648633003
0.028701573610305786
0.028703738003969193
0.024247808381915092
0.028422601521015167
0.028262902051210403
0.02827589213848114
0.023877952247858047
0.023892078548669815
0.027949154376983643
0.023777885362505913
0.023586265742778778
0.023592134937644005
0.023420648649334908
0.02342078648507595
0.023274149745702744
0.02327643148601055
0.019380925223231316
0.023190004751086235
0.02319463901221752
0.019369427114725113
0.015722544863820076
0.01925496757030487
0.01928587257862091
0.01574236899614334
0.01923404447734356
0.019237540662288666
0.015511024743318558
0.015512446872889996
0.015515528619289398
0.015528561547398567
0.012120494619011879
0.001995721133425832
0.009036900475621223
0.0018656885949894786
0.009042195044457912
0.00906537938863039
0.003584480145946145
0.003577902214601636
0.001115776365622878
0.0011059596436098218
0.0007574778283014894
0.0007474485319107771
0.00036145170452073216
0.00035633461084216833
0.0002111306821461767
0.00020271504763513803
0.00013991750893183053
0.00014333492435980588
8.630122465547174e-05
8.82839085534215e-05
5.6539924116805196e-05
5.835566480527632e-05
4.3625448597595096e-05
4.472120417631231e-05
4.0743612771620974e-05
4.08765408792533e-05
3.627107435022481e-05
3.872411252814345e-05
3.0128960133879445e-05
3.0444678486674093e-05
2.2979986169957556e-05
2.3242826500791125e-05
3.669983925647102e-05
3.807164102909155e-05
1.8394937796983868e-05
1.8853308574762195e-05
1.761497333063744e-05
1.6835570932016708e-05
5.6501910876249894e-05
5.732569479732774e-05
1.4237735740607604e-05
1.5041313417896163e-05
1.5615401935065165e-05
1.5522402463830076e-05
3.0155584681779146e-05
2.7668655093293637e-05
1.5074875591380987e-05
1.6193758710869588e-05
1.0547712008701637e-05
1.1428244761191308e-05
1.163332399300998e-05
1.202405292133335e-05
2.718662108236458e-05
2.63863657892216e-05
2.1370968170231208e-05
2.18749773921445e-05
1.4136357094685081e-05
1.4348109289130662e-05
1.2531684660643805e-05
1.2797824638255406e-05
4.23137353209313e-05
4.473964509088546e-05
1.1629586879280396e-05
1.1507554518175311e-05
9.407436664332636e-06
8.974825504992623e-06
3.2432712032459676e-05
3.134969301754609e-05
1.408689877280267e-05
1.4703409760841168e-05
1.231471287610475e-05
1.1900583558599465e-05
8.204686309909448e-06
9.040247277880553e-06
1.57798840518808e-05
1.4951653611205984e-05
1.4698035556648392e-05
1.482706647948362e-05
1.2313297702348791e-05
1.2668519048020244e-05
1.9192984836990945e-05
1.889513077912852e-05
3.0042336220503785e-05
3.116377047263086e-05
1.7504395145806484e-05
1.7106889572460204e-05
3.8250378565862775e-05
4.121669189771637e-05
7.202580036391737e-06
7.280677891685627e-06
6.350559033307945e-06
6.10263850830961e-06
1.267721199837979e-05
1.1796872968261596e-05
1.5881372746662237e-05
1.4560067029378843e-05
4.74013650091365e-05
4.7789697418920696e-05
8.362242624571081e-06
8.178853931894992e-06
2.6660134608391672e-05
2.692010093596764e-05
6.44362808088772e-06
6.34134812571574e-06
2.309720184712205e-05
2.2634327251580544e-05
7.091521183610894e-06
7.264597570610931e-06
8.052369594224729e-06
7.523804015363567e-06
1.1631595953076612e-05
1.120338129112497e-05
1.681307185208425e-05
1.689714190433733e-05
1.6908625184441917e-05
1.6341540685971268e-05
2.4080702132778242e-05
2.581536136858631e-05
1.90735881915316e-05
1.7999596821027808e-05
8.632713615952525e-06
8.708080713404343e-06
1.0763988939288538e-05
1.0672193639038596e-05
1.279596472159028e-05
1.2625536328414455e-05
3.077065048273653e-05
3.163848668918945e-05
6.066895366529934e-05
5.954541120445356e-05
1.5481218724744394e-05
1.548041655041743e-05
6.306753675744403e-06
6.41538281342946e-06
1.0223952813248616e-05
1.0534059583733324e-05
3.893398024956696e-05
3.5305383789818734e-05
5.196608526603086e-06
5.329421128408285e-06
9.49803325056564e-06
9.497521205048542e-06
3.928512887796387e-05
4.1943840187741444e-05
1.9284070731373504e-05
1.936830631166231e-05
1.2431892173481174e-05
1.303662338614231e-05
5.78102435611072e-06
6.077068519516615e-06
6.861421752546448e-06
6.635320914938347e-06
9.263333595299628e-06
9.257001693185885e-06
2.2674819774692878e-05
2.3388201952911913e-05
1.6540267097298056e-05
1.5773315681144595e-05
1.3091688742861152e-05
1.4155351891531609e-05
3.097678199992515e-05
3.0114350010990165e-05
8.242056537710596e-06
8.807862286630552e-06
6.299223969108425e-06
6.4060600379889365e-06
6.662758551101433e-06
7.030988399492344e-06
4.898434781352989e-06
4.869202257395955e-06
8.618594620202202e-06
8.787971637502778e-06
1.3438680980470963e-05
1.368087214359548e-05
4.589950549416244e-06
4.890475338470424e-06
7.55074797780253e-05
7.485083187930286e-05
1.7945141735253856e-05
1.919739406730514e-05
4.495318535191473e-06
4.343044111010386e-06
5.473696091939928e-06
5.420339675765717e-06
6.627330549235921e-06
6.333582405204652e-06
5.536941444006516e-06
5.708885510102846e-06
4.3106861085107084e-06
4.17501632909989e-06
6.960792234167457e-06
6.245676104299491e-06
1.65769688464934e-05
1.6564201359869912e-05
9.90080206975108e-06
1.0289659257978201e-05
5.493896969710477e-05
5.813061579829082e-05
4.589931995724328e-05
4.611858821590431e-05
1.0043378097179811e-05
9.636082722863648e-06
4.848929620493436e-06
4.233525032759644e-06
4.366392204246949e-06
4.110437657800503e-06
4.13574707636144e-06
4.2517594920354895e-06
4.072732735949103e-06
4.173008164798375e-06
4.4364369387039915e-06
4.281751898815855e-06
4.2607557588780764e-06
4.146643277636031e-06
4.3826935325341765e-06
4.205814093438676e-06
4.13325369663653e-06
4.333301149017643e-06
4.180431460554246e-06
4.19197567680385e-06
4.21699451180757e-06
4.164049641985912e-06
4.388058187032584e-06
4.253499810147332e-06
4.186170826869784e-06
4.253156021150062e-06
4.43134740635287e-06
4.18689205616829e-06
