237.05735778808594
236.08412170410156
67.85655975341797
67.5183334350586
0.6565769910812378
0.6560291647911072
1.0030205249786377
0.9987552165985107
0.7799497842788696
0.7795500755310059
0.8633905649185181
0.8627446293830872
0.8106982707977295
0.8094913959503174
0.7665227055549622
0.7695503234863281
0.6772412657737732
0.675915539264679
0.6899119019508362
0.6915526986122131
0.6669482588768005
0.6635499000549316
0.5808252692222595
0.579045832157135
0.6200200319290161
0.6169268488883972
0.551909863948822
0.5523211359977722
0.5595552921295166
0.560092568397522
0.564633309841156
0.5633795261383057
0.4918708801269531
0.4934625029563904
0.4195544719696045
0.4143781065940857
0.3125338554382324
0.31148821115493774
0.30972468852996826
0.30760514736175537
0.2690242528915405
0.27010536193847656
0.2782319486141205
0.2755816876888275
0.36164140701293945
0.36380523443222046
0.2869909405708313
0.28525084257125854
0.38407450914382935
0.3856980800628662
0.39983388781547546
0.39874720573425293
0.2937382459640503
0.29191383719444275
0.4677777588367462
0.46170082688331604
0.4434041380882263
0.4486616551876068
0.3791974186897278
0.39029237627983093
0.5263807773590088
0.5312418937683105
0.5389154553413391
0.5374770164489746
0.5307634472846985
0.540023684501648
0.35918405652046204
0.35717183351516724
0.24181456863880157
0.23923593759536743
0.3089110553264618
0.30848127603530884
0.19272959232330322
0.1919332891702652
0.24423560500144958
0.2515896260738373
0.1761278361082077
0.1793832778930664
0.1796931028366089
0.18099592626094818
0.2288668006658554
0.2274867594242096
0.17010268568992615
0.1703301966190338
0.17173925042152405
0.16797079145908356
0.21824555099010468
0.22331421077251434
0.15680770576000214
0.161285862326622
0.14447495341300964
0.14335617423057556
0.16785107553005219
0.16146723926067352
0.14922863245010376
0.15134932100772858
0.12956736981868744
0.13429409265518188
0.13962285220623016
0.14263635873794556
0.14786726236343384
0.1515849083662033
0.15772581100463867
0.16163353621959686
0.1277717500925064
0.1313471794128418
0.12440325319766998
0.1232529804110527
0.17143455147743225
0.1759931892156601
0.12153131514787674
0.11607016623020172
0.12707936763763428
0.12296641618013382
0.13811765611171722
0.14093194901943207
0.12540818750858307
0.12462777644395828
0.11514744907617569
0.1205597072839737
0.10790552943944931
0.11162427812814713
0.1189153641462326
0.11813411861658096
0.1316884309053421
0.1332598477602005
0.10785247385501862
0.11006645113229752
0.13905049860477448
0.14529237151145935
0.11599838733673096
0.11836966872215271
0.11216895282268524
0.10945580899715424
0.12029432505369186
0.1315014809370041
0.10507418215274811
0.10513031482696533
0.10402514040470123
0.1029440388083458
0.10250920057296753
0.09739740192890167
0.14518055319786072
0.13564035296440125
0.13276493549346924
0.13598302006721497
0.09957604855298996
0.09881564229726791
0.11391767859458923
0.11444204300642014
0.09837113320827484
0.09424729645252228
0.12032786011695862
0.12012320011854172
0.10958921164274216
0.11506158858537674
0.09657053649425507
0.09761261194944382
0.09295914322137833
0.09270869940519333
0.10723399370908737
0.10569246858358383
0.10138309746980667
0.09718332439661026
0.13554660975933075
0.1442653238773346
0.1377909779548645
0.14925314486026764
0.11839945614337921
0.11940520256757736
0.11827106028795242
0.11462042480707169
0.124188132584095
0.12633560597896576
0.15164050459861755
0.15547917783260345
0.14903946220874786
0.15008021891117096
0.1023043617606163
0.10253912955522537
0.09287979453802109
0.09008266776800156
0.11544384062290192
0.11570338159799576
0.19420760869979858
0.1793431043624878
0.09033036231994629
0.09124497324228287
0.09775307029485703
0.09818975627422333
0.1764487624168396
0.17836539447307587
0.10469076037406921
0.10539475083351135
0.09595449268817902
0.09163057804107666
0.08401936292648315
0.08648350089788437
0.09261240810155869
0.09016067534685135
0.1056518703699112
0.10691908746957779
0.1586448848247528
0.16083794832229614
0.1174849420785904
0.1157095730304718
0.12246163189411163
0.13161547482013702
0.13246764242649078
0.12735314667224884
0.0974462479352951
0.09824251383543015
0.1059175357222557
0.10624095797538757
0.08022734522819519
0.08099492639303207
0.091907799243927
0.09098633378744125
0.09014391154050827
0.09288281202316284
0.11154592037200928
0.11318360269069672
0.08848024159669876
0.0882120430469513
0.18911400437355042
0.18653392791748047
0.10469691455364227
0.11080948263406754
0.08178339153528214
0.08611297607421875
0.09405270963907242
0.09353718906641006
0.09901195019483566
0.0954068973660469
0.08689439296722412
0.08572652190923691
0.09007559716701508
0.08766739070415497
0.10109338909387589
0.10080499202013016
0.12137213349342346
0.12519709765911102
0.0804089903831482
0.08247788995504379
0.13340722024440765
0.1338956356048584
0.14646194875240326
0.1482723355293274
0.11085666716098785
0.10502880811691284
0.07959287613630295
0.08750776946544647
0.09078728407621384
0.08933587372303009
0.0879223495721817
0.08932361751794815
0.0897350162267685
0.0862128734588623
0.09099843353033066
0.08591271936893463
0.08874331414699554
0.08505195379257202
0.09319338202476501
0.0880938172340393
0.08930400758981705
0.08685822784900665
0.09007642418146133
0.08551136404275894
0.08680059760808945
0.089229054749012
0.09272235631942749
0.0860525444149971
0.09050490707159042
0.08924737572669983
0.08847326040267944
0.08837989717721939
