0.30495935678482056
0.3038804531097412
0.08954407274723053
0.08914107084274292
0.0053347330540418625
0.005324729718267918
0.005240206606686115
0.005235958844423294
0.005083281081169844
0.005082353483885527
0.004983412101864815
0.0049849217757582664
0.004733680747449398
0.004734423011541367
0.004447871819138527
0.004451345652341843
0.004113671835511923
0.004116336815059185
0.003930781967937946
0.003931452054530382
0.0037057222798466682
0.0037069804966449738
0.0035076667554676533
0.0035084353294223547
0.0034195955377072096
0.0034166392870247364
0.0032812198624014854
0.0032820459455251694
0.0031497396994382143
0.003148025833070278
0.003000730648636818
0.0029985515866428614
0.002724149962887168
0.0027271395083516836
0.002546311356127262
0.0025425751227885485
0.002476256340742111
0.0024719503708183765
0.002366822212934494
0.0023683402687311172
0.0024857136886566877
0.0024842536076903343
0.002398880897089839
0.0024081526789814234
0.0023120157420635223
0.002312886528670788
0.002304189605638385
0.0023055758792907
0.0022940279450267553
0.0022856940049678087
0.0022452594712376595
0.002239235443994403
0.002240539528429508
0.0022421518806368113
0.0022043229546397924
0.002201105235144496
0.0020871262531727552
0.002086957450956106
0.001953865634277463
0.001949505996890366
0.0016780452569946647
0.0016738887643441558
0.0014571156352758408
0.0014403648674488068
0.001291528344154358
0.0013076403411105275
0.00100703036878258
0.001017385395243764
0.0007900023483671248
0.0008043689304031432
0.0008202131721191108
0.0008145800675265491
0.0006709526060149074
0.0006689521833322942
0.0007437632884830236
0.000769277976360172
0.0005768122500739992
0.00057075428776443
0.000489588943310082
0.0004913771990686655
0.0007576759671792388
0.0007636428344994783
0.0004462283104658127
0.00044946480193175375
0.0004746970080304891
0.000465349672595039
0.0009699474321678281
0.0009775110520422459
0.00041062964010052383
0.00041115834028460085
0.0004217203240841627
0.0004209454345982522
0.0006058270810171962
0.0005857388023287058
0.0004164951096754521
0.0004271546204108745
0.0003552307316567749
0.0003628434787970036
0.0003676239284686744
0.00036967857158742845
0.000651492562610656
0.0006394791998900473
0.0005504966829903424
0.0005619404837489128
0.00044171485933475196
0.0004402421473059803
0.00039700267370790243
0.00040301267290487885
0.000833434984087944
0.0008594387909397483
0.00037362321745604277
0.00037592562148347497
0.0003497576108202338
0.00034230921301059425
0.0006661901716142893
0.0006521960021927953
0.00045550812501460314
0.0004706498293671757
0.00039318634662777185
0.00037989503471180797
0.00032173635554499924
0.0003370203485246748
0.00044890277786180377
0.0004357981961220503
0.0004744030593428761
0.000477293913718313
0.0004025375237688422
0.00040610041469335556
0.0005497194943018258
0.000546219409443438
0.0006312398472800851
0.0006405668100342155
0.0005110118072479963
0.0005074146902188659
0.0007253268267959356
0.0007466654642485082
0.00029836915200576186
0.000299783336231485
0.00028480737819336355
0.0002805582480505109
0.0004103033570572734
0.00039972877129912376
0.0004966282867826521
0.000472768530016765
0.0007899580523371696
0.0007911549764685333
0.0003259926743339747
0.0003230418369639665
0.0006083922926336527
0.0006113281706348062
0.0002973590453621
0.000293286720989272
0.0005611872184090316
0.0005554098752327263
0.0003111346159130335
0.00031756405951455235
0.0003342274867463857
0.0003272660542279482
0.0003986776864621788
0.0003912338288500905
0.0005063954740762711
0.0005115769454278052
0.0004727109335362911
0.0004665365850087255
0.0006219676579348743
0.0006451164954341948
0.0005395112675614655
0.0005245411302894354
0.00034800669527612627
0.00034902378683909774
0.0003865718317683786
0.0003857057308778167
0.0004446116799954325
0.0004423607315402478
0.0007093463209457695
0.000719728646799922
0.0009256100747734308
0.0009163980721496046
0.00046191757428459823
0.00046167534310370684
0.00028917580493725836
0.00029084153356961906
0.0003809071786236018
0.00038616295205429196
0.0008073170902207494
0.0007661422714591026
0.00025684828869998455
0.00026283293846063316
0.0003746890288311988
0.00037831830559298396
0.0008114661904983222
0.0008405033149756491
0.0005108041223138571
0.0005123266601003706
0.00040226918645203114
0.000415168353356421
0.0002745366364251822
0.000279824627796188
0.000314355333102867
0.0003123009519185871
0.0003567076928447932
0.00035632133949548006
0.0005984688177704811
0.0006092472467571497
0.000486194621771574
0.0004756445705424994
0.0004526487900875509
0.00047199890832416713
0.0007093637250363827
0.000698148156516254
0.0003317860537208617
0.0003409891505725682
0.00029591211932711303
0.00030088855419307947
0.00029776638257317245
0.00030545052140951157
0.0002526025054976344
0.00025321391876786947
0.0003616278700064868
0.00036584510235115886
0.00043730170000344515
0.0004387217340990901
0.00025361086591146886
0.0002585856709629297
0.0011203180765733123
0.0011169856879860163
0.0005339540657587349
0.0005535866366699338
0.00024473053053952754
0.0002401569945504889
0.0002687051019165665
0.0002664041530806571
0.00030711229192093015
0.0002980725548695773
0.0002688411041162908
0.0002724876976571977
0.00024328618019353598
0.0002385854604654014
0.00031970543204806745
0.0003009834617841989
0.0005013312329538167
0.0005018654046580195
0.00037902468466199934
0.00038464527460746467
0.0008789238636381924
0.0009032224770635366
0.0008680575410835445
0.0008709189714863896
0.00039347895653918386
0.00038461716030724347
0.0002521463029552251
0.00024073813983704895
0.00024609360843896866
0.00023902280372567475
0.00023709367087576538
0.00024424202274531126
0.0002380181394983083
0.00023833637533243746
0.0002466483856551349
0.00024100890732370317
0.00023979089746717364
0.00023608388437423855
0.0002484151627868414
0.00023741625773254782
0.0002397084899712354
0.00024145077622961253
0.00023910391610115767
0.0002387275599176064
0.0002386989799560979
0.0002404229308012873
0.0002462586562614888
0.00023935707577038556
0.00024115059932228178
0.00024250289425253868
0.00024475157260894775
0.00024105861666612327
