1.2668907642364502
1.2668826580047607
0.6133273243904114
0.6133584380149841
0.2746533453464508
0.2745702266693115
0.27908286452293396
0.2790991961956024
0.2802586853504181
0.28032612800598145
0.28642737865448
0.28650525212287903
0.28054454922676086
0.2804679274559021
0.276716947555542
0.2767314910888672
0.2701713740825653
0.2703055739402771
0.2723780572414398
0.2722871005535126
0.26861754059791565
0.26853206753730774
0.26472145318984985
0.26498734951019287
0.2670447528362274
0.26736587285995483
0.2638411223888397
0.26404231786727905
0.26089581847190857
0.26094552874565125
0.2583954930305481
0.2585415542125702
0.24617338180541992
0.24617913365364075
0.23943991959095
0.23945453763008118
0.23460079729557037
0.23464973270893097
0.2237062305212021
0.223733052611351
0.20220239460468292
0.20232218503952026
0.211268350481987
0.21116903424263
0.21322156488895416
0.2129923403263092
0.20356138050556183
0.20363906025886536
0.1972053498029709
0.19741301238536835
0.19736918807029724
0.19748802483081818
0.19879116117954254
0.19875425100326538
0.21008653938770294
0.20998696982860565
0.20391994714736938
0.20406965911388397
0.197744220495224
0.19791164994239807
0.19719740748405457
0.19677157700061798
0.2015969306230545
0.2014416605234146
0.2050980031490326
0.20499497652053833
0.20523487031459808
0.20527999103069305
0.20095300674438477
0.20103661715984344
0.20095033943653107
0.2004474401473999
0.19243124127388
0.19239385426044464
0.20044507086277008
0.200567826628685
0.19719718396663666
0.1971362978219986
0.19928038120269775
0.1993253380060196
0.20283623039722443
0.20277725160121918
0.20128922164440155
0.20120343565940857
0.20132862031459808
0.2013590931892395
0.2072957158088684
0.20708024501800537
0.19912323355674744
0.19887150824069977
0.199494868516922
0.19952726364135742
0.19372515380382538
0.19392240047454834
0.19774149358272552
0.19770090281963348
0.19691959023475647
0.19692721962928772
0.19907046854496002
0.1991170346736908
0.206615149974823
0.20672369003295898
0.19210146367549896
0.1925380378961563
0.20438703894615173
0.20435255765914917
0.20221111178398132
0.20214544236660004
0.20493656396865845
0.2048644721508026
0.1992679089307785
0.19926227629184723
0.1976475864648819
0.19745709002017975
0.18997858464717865
0.18974028527736664
0.20326006412506104
0.2036180943250656
0.1952487975358963
0.19549596309661865
0.1964186429977417
0.1961817741394043
0.19638918340206146
0.19633837044239044
0.20122568309307098
0.20156408846378326
0.19388678669929504
0.19420771300792694
0.1998390257358551
0.19978109002113342
0.2023886889219284
0.20214365422725677
0.20762819051742554
0.20739708840847015
0.19055697321891785
0.19078458845615387
0.19474506378173828
0.19452811777591705
0.19997729361057281
0.19977881014347076
0.20002031326293945
0.20046955347061157
0.19659541547298431
0.19656606018543243
0.19514289498329163
0.19519305229187012
0.19939902424812317
0.19937746226787567
0.19164933264255524
0.1915186196565628
0.20039349794387817
0.20049996674060822
0.19314464926719666
0.19328127801418304
0.19875068962574005
0.19840483367443085
0.1987399011850357
0.19879300892353058
0.20075584948062897
0.20082628726959229
0.2051629275083542
0.20519086718559265
0.19756950438022614
0.19756925106048584
0.20391856133937836
0.20414581894874573
0.19100181758403778
0.19104383885860443
0.1931270956993103
0.19339659810066223
0.19119516015052795
0.19113506376743317
0.19942660629749298
0.19928446412086487
0.1990392655134201
0.1989688128232956
0.18609946966171265
0.18618729710578918
0.1904800683259964
0.19098280370235443
0.20105603337287903
0.20077933371067047
0.19090865552425385
0.19094930589199066
0.19969481229782104
0.199672669172287
0.1955496221780777
0.19573359191417694
0.20100152492523193
0.20125649869441986
0.19946597516536713
0.19947487115859985
0.1942300647497177
0.19387096166610718
0.1967955380678177
0.19668065011501312
0.19777387380599976
0.19775721430778503
0.20070664584636688
0.20038802921772003
0.19133837521076202
0.19117553532123566
0.1903560757637024
0.19026736915111542
0.18723273277282715
0.1874026209115982
0.19816738367080688
0.19823084771633148
0.21415548026561737
0.2138976752758026
0.19327318668365479
0.19300062954425812
0.1934809535741806
0.19339105486869812
0.1971820443868637
0.19723568856716156
0.19510476291179657
0.19513799250125885
0.2019323706626892
0.20216843485832214
0.19044218957424164
0.19061699509620667
0.1988905519247055
0.19892922043800354
0.21867716312408447
0.21859540045261383
0.20463678240776062
0.20480144023895264
0.19583100080490112
0.1956443190574646
0.19462114572525024
0.1947861909866333
0.19449488818645477
0.19443243741989136
0.19496561586856842
0.19483831524848938
0.20085884630680084
0.20079109072685242
0.19728843867778778
0.19703228771686554
0.1887306571006775
0.1887190192937851
0.20253103971481323
0.2026866376399994
0.1886981874704361
0.1887589395046234
0.21052592992782593
0.21063470840454102
0.19652019441127777
0.196669340133667
0.19358135759830475
0.20076456665992737
0.20071475207805634
0.200755774974823
0.2006782591342926
0.20066861808300018
0.20095571875572205
0.20076657831668854
0.2008359581232071
0.20077474415302277
0.20050032436847687
0.2004953920841217
0.20069482922554016
0.2006266713142395
0.20075508952140808
0.20099778473377228
0.20074211061000824
0.20057134330272675
0.20063529908657074
0.20061393082141876
0.2006535679101944
0.20097053050994873
0.20088233053684235
0.20088396966457367
0.20080944895744324
0.20059913396835327
