-0.02953934669494629
-0.029534339904785156
-0.005040407180786133
-0.005015134811401367
-0.0008170604705810547
-0.0007679462432861328
-0.0007729530334472656
-0.0007624626159667969
-0.0006802082061767578
-0.0007231235504150391
-0.0008141994476318359
-0.0007622241973876953
-0.0008945465087890625
-0.0007557868957519531
-0.0007510185241699219
-0.0007472038269042969
-0.0007822513580322266
-0.0010886192321777344
-0.0010118484497070312
-0.0009427070617675781
-0.0012276172637939453
-0.000980377197265625
-0.0007290840148925781
-0.0012769699096679688
-0.0008220672607421875
-0.001272439956665039
-0.0009522438049316406
-0.0010237693786621094
-0.0007538795471191406
-0.00072479248046875
-0.0007748603820800781
-0.0009796619415283203
-0.0008220672607421875
-0.0004801750183105469
-0.0008697509765625
-0.0008389949798583984
-0.0007333755493164062
-0.0008950233459472656
-0.0007798671722412109
-0.0008962154388427734
-0.0005855560302734375
-0.0006594657897949219
-0.0006654262542724609
-0.0007631778717041016
-0.0008065700531005859
-0.0005624294281005859
-0.000789642333984375
-0.0009942054748535156
-0.0006031990051269531
-0.0007486343383789062
-0.0004730224609375
-0.0005178451538085938
-0.001005411148071289
-0.001102447509765625
-0.0009889602661132812
-0.0008006095886230469
-0.0006165504455566406
-0.0009465217590332031
-0.0007617473602294922
-0.0008478164672851562
-0.000904083251953125
-0.0006380081176757812
-0.00093841552734375
-0.0007245540618896484
-0.0006763935089111328
-0.0005154609680175781
-0.0008902549743652344
-0.0007951259613037109
-0.0006475448608398438
-0.0008931159973144531
-0.0008978843688964844
-0.0005979537963867188
-0.0006794929504394531
-0.0004448890686035156
-0.0008871555328369141
-0.0007958412170410156
-0.0007982254028320312
-0.0006537437438964844
-0.0007050037384033203
-0.0006251335144042969
-0.001001119613647461
-0.0008006095886230469
-0.0005667209625244141
-0.00044727325439453125
-0.0007345676422119141
-0.0009217262268066406
-0.0010883808135986328
-0.0006139278411865234
-0.0009479522705078125
-0.0005853176116943359
-0.0006625652313232422
-0.0008845329284667969
-0.0008280277252197266
-0.0007650852203369141
-0.0007550716400146484
-0.0006122589111328125
-0.0008535385131835938
-0.0007383823394775391
-0.00093841552734375
-0.0008826255798339844
-0.0007042884826660156
-0.0007617473602294922
-0.0006699562072753906
-0.0010123252868652344
-0.0006759166717529297
-0.000644683837890625
-0.0010437965393066406
-0.0008594989776611328
-0.0011610984802246094
-0.0010104179382324219
-0.000865936279296875
-0.0008287429809570312
-0.0006985664367675781
-0.0006043910980224609
-0.0009865760803222656
-0.0005424022674560547
-0.00048279762268066406
-0.0009174346923828125
-0.0005731582641601562
-0.0007007122039794922
-0.0007915496826171875
-0.0008046627044677734
-0.0007822513580322266
-0.0006940364837646484
-0.0007040500640869141
-0.0008988380432128906
-0.0006771087646484375
-0.0008985996246337891
-0.0007455348968505859
-0.000728607177734375
-0.0009148120880126953
-0.0009529590606689453
-0.0010836124420166016
-0.0009987354278564453
-0.0006289482116699219
-0.0008974075317382812
-0.0009255409240722656
-0.0005817413330078125
-0.0007302761077880859
-0.0008440017700195312
-0.0006866455078125
-0.0012047290802001953
-0.0008342266082763672
-0.0009245872497558594
-0.0005593299865722656
-0.0007071495056152344
-0.0008392333984375
-0.0006842613220214844
-0.0006997585296630859
-0.0006709098815917969
-0.0005826950073242188
-0.001184225082397461
-0.0009069442749023438
-0.0008318424224853516
-0.0009057521820068359
-0.0006468296051025391
-0.0009586811065673828
-0.0007834434509277344
-0.0009121894836425781
-0.0010845661163330078
-0.0008351802825927734
-0.0007188320159912109
-0.000614166259765625
-0.0006394386291503906
-0.0008614063262939453
-0.0010623931884765625
-0.0006687641143798828
-0.0007402896881103516
-0.0005855560302734375
-0.0010120868682861328
-0.0007193088531494141
-0.0007910728454589844
-0.0008409023284912109
-0.0005905628204345703
-0.0009706020355224609
-0.0010137557983398438
-0.0005366802215576172
-0.0005996227264404297
-0.00025844573974609375
-0.001043081283569336
-0.0010342597961425781
-0.0012145042419433594
-0.000881195068359375
-0.0008847713470458984
-0.00095367431640625
-0.0010192394256591797
-0.0006949901580810547
-0.0006699562072753906
-0.00051116943359375
-0.000904083251953125
-0.0008413791656494141
-0.0007219314575195312
-0.0008833408355712891
-0.0005908012390136719
-0.0008928775787353516
-0.0007781982421875
-0.0006933212280273438
-0.0007026195526123047
-0.0007803440093994141
-0.00046372413635253906
-0.0009028911590576172
-0.0006821155548095703
-0.0006146430969238281
-0.0007371902465820312
-0.0007023811340332031
-0.0007753372192382812
-0.0007469654083251953
-0.0007448196411132812
-0.0010852813720703125
-0.0008935928344726562
-0.0009512901306152344
-0.0006015300750732422
-0.00078582763671875
-0.0007355213165283203
-0.0009696483612060547
-0.0008444786071777344
-0.0005726814270019531
-0.0007109642028808594
-0.00042700767517089844
-0.0007147789001464844
-0.0006978511810302734
-0.0008461475372314453
-0.0009427070617675781
-0.0007948875427246094
-0.001077413558959961
-0.0010919570922851562
-0.0008306503295898438
-0.0010859966278076172
-0.0011107921600341797
-0.0008678436279296875
-0.0007758140563964844
-0.0008642673492431641
-0.0008594989776611328
-0.0008196830749511719
-0.0008533000946044922
-0.000606536865234375
-0.0007987022399902344
-0.0008471012115478516
-0.0010154247283935547
-0.0010075569152832031
-0.0009160041809082031
-0.0008916854858398438
-0.000919342041015625
-0.0009245872497558594
-0.0005764961242675781
-0.0009734630584716797
-0.0008754730224609375
-0.0009434223175048828
-0.0008046627044677734
-0.0009016990661621094
-0.0007011890411376953
-0.0009253025054931641
-0.0006890296936035156
-0.0006785392761230469
-0.0007982254028320312
-0.0005717277526855469
-0.0011925697326660156
-0.0009207725524902344
-0.0007603168487548828
-0.0006992816925048828
-0.0006082057952880859
-0.0007677078247070312
-0.0008261203765869141
-0.0007922649383544922
-0.0011091232299804688
-0.001157999038696289
-0.0010869503021240234
-0.0005774497985839844
-0.0006740093231201172
-0.0007319450378417969
-0.0008363723754882812
-0.0011072158813476562
-0.0010597705841064453
-0.0009379386901855469
-0.0007410049438476562
-0.0004994869232177734
