0.6048255562782288
0.6048231720924377
0.31797200441360474
0.317949116230011
0.14839224517345428
0.1483425796031952
0.15072746574878693
0.15072952210903168
0.15141534805297852
0.15145006775856018
0.15525932610034943
0.15525037050247192
0.1533614844083786
0.15325361490249634
0.15293896198272705
0.1529584378004074
0.15115755796432495
0.15138812363147736
0.15371692180633545
0.15361100435256958
0.15216653048992157
0.15209509432315826
0.14989730715751648
0.150145024061203
0.15102076530456543
0.1512887179851532
0.14869287610054016
0.14882788062095642
0.1467694789171219
0.14677289128303528
0.14572195708751678
0.14586541056632996
0.13970093429088593
0.13971124589443207
0.13674157857894897
0.13663941621780396
0.13498899340629578
0.1350097507238388
0.12959040701389313
0.12964141368865967
0.11799059063196182
0.11810554563999176
0.12447776645421982
0.12443108856678009
0.12698467075824738
0.1267065405845642
0.1229344978928566
0.12296592444181442
0.12039374560117722
0.12054213881492615
0.12146217375993729
0.12161467224359512
0.12294613569974899
0.12297146767377853
0.1305648684501648
0.1304703801870346
0.1271691471338272
0.1273152381181717
0.12391572445631027
0.12412326782941818
0.12405382096767426
0.1236952617764473
0.127299502491951
0.12716683745384216
0.12926766276359558
0.12920962274074554
0.12945546209812164
0.12951458990573883
0.12665104866027832
0.1266772300004959
0.12721511721611023
0.1267920285463333
0.1220913678407669
0.12206093966960907
0.1271771788597107
0.1271214485168457
0.1249408945441246
0.12478934973478317
0.12618909776210785
0.12603573501110077
0.12846533954143524
0.1282482147216797
0.12714357674121857
0.12694281339645386
0.12718652188777924
0.12725208699703217
0.13111059367656708
0.13078154623508453
0.12574224174022675
0.12554800510406494
0.12641926109790802
0.12644658982753754
0.12278879433870316
0.12286882847547531
0.12510523200035095
0.12500561773777008
0.12534655630588531
0.12531469762325287
0.12665626406669617
0.12660707533359528
0.13139605522155762
0.13145577907562256
0.12243842333555222
0.12287476658821106
0.129892960190773
0.12993445992469788
0.12867504358291626
0.12862050533294678
0.13042713701725006
0.13040859997272491
0.12671023607254028
0.12663540244102478
0.12576232850551605
0.1255929321050644
0.1212623119354248
0.12096579372882843
0.12949085235595703
0.12980343401432037
0.12456485629081726
0.1246010959148407
0.12477287650108337
0.12474086135625839
0.1250106692314148
0.12489692121744156
0.12805667519569397
0.1282873898744583
0.12364254891872406
0.12389277666807175
0.1273542046546936
0.1273256540298462
0.1284383088350296
0.12822845578193665
0.13191640377044678
0.13172750174999237
0.12202876061201096
0.12226887792348862
0.12475182861089706
0.12456509470939636
0.12753835320472717
0.12737810611724854
0.12734976410865784
0.12777993083000183
0.12579245865345
0.12579116225242615
0.12471713125705719
0.12470421195030212
0.12740734219551086
0.12735615670681
0.12232130765914917
0.12226056307554245
0.1279672533273697
0.12814393639564514
0.12307099252939224
0.12331406027078629
0.12661102414131165
0.126369446516037
0.12718190252780914
0.12721553444862366
0.12813767790794373
0.12826229631900787
0.13101114332675934
0.13096074759960175
0.12629902362823486
0.12627899646759033
0.13040399551391602
0.13058815896511078
0.12250051647424698
0.12247089296579361
0.1238747388124466
0.12411999702453613
0.1225421205163002
0.12254755944013596
0.1278182715177536
0.1275554895401001
0.12765835225582123
0.12749838829040527
0.119122713804245
0.1190541535615921
0.12206974625587463
0.12266095727682114
0.1281358152627945
0.12804363667964935
0.12274998426437378
0.12287380546331406
0.12863130867481232
0.12859036028385162
0.1257030963897705
0.1258549690246582
0.1287417709827423
0.1288963109254837
0.12793970108032227
0.12798495590686798
0.1243574395775795
0.12400362640619278
0.12601321935653687
0.12594863772392273
0.12641237676143646
0.1264192759990692
0.1284753531217575
0.12827590107917786
0.12301671504974365
0.12286201864480972
0.12226136028766632
0.12218084186315536
0.12044990062713623
0.12049098312854767
0.12713249027729034
0.1271495223045349
0.13571490347385406
0.13560053706169128
0.12457070499658585
0.12431524693965912
0.12466656416654587
0.124547079205513
0.12684138119220734
0.1268634796142578
0.12516523897647858
0.1252179741859436
0.12887519598007202
0.1291511058807373
0.12209492176771164
0.12226354330778122
0.12736651301383972
0.12724266946315765
0.1385338008403778
0.13844898343086243
0.1308853179216385
0.13100150227546692
0.1255078911781311
0.12535344064235687
0.12452539801597595
0.12463550269603729
0.12439139187335968
0.12434367835521698
0.12475008517503738
0.12458271533250809
0.12784448266029358
0.12782399356365204
0.12615559995174408
0.126120463013649
0.12121495604515076
0.12125132977962494
0.12941014766693115
0.12961876392364502
0.12051879614591599
0.120579294860363
0.135025754570961
0.13517341017723083
0.12629203498363495
0.12638941407203674
0.12470751255750656
0.12784148752689362
0.12768834829330444
0.12777327001094818
0.12765520811080933
0.12773576378822327
0.12801162898540497
0.12779472768306732
0.12785221636295319
0.1278284341096878
0.12758944928646088
0.12760938704013824
0.12777163088321686
0.12772445380687714
0.12778425216674805
0.12800529599189758
0.12784239649772644
0.1276901364326477
0.12771151959896088
0.12761472165584564
0.12776967883110046
0.12799473106861115
0.12795685231685638
0.12787173688411713
0.1278029829263687
0.1276414543390274
