14.564979553222656
12.006591796875
4.22048807144165
3.349029064178467
0.5734328031539917
0.3921448886394501
0.4401123523712158
0.36650708317756653
0.36807316541671753
0.33869749307632446
0.3837440311908722
0.3627748489379883
0.3816137909889221
0.3711546063423157
0.41605907678604126
0.38217902183532715
0.43090182542800903
0.398106187582016
0.44426822662353516
0.41338175535202026
0.43766331672668457
0.4098600447177887
0.41544583439826965
0.3901095390319824
0.41353267431259155
0.35114720463752747
0.35387739539146423
0.3076285719871521
0.3149307370185852
0.2733035981655121
0.2861737608909607
0.2603806257247925
0.27223503589630127
0.2397288680076599
0.2390432208776474
0.20472441613674164
0.21320293843746185
0.19579273462295532
0.1810179054737091
0.16562531888484955
0.15105289220809937
0.13950183987617493
0.14283153414726257
0.13191714882850647
0.14648756384849548
0.14156287908554077
0.13739480078220367
0.13237997889518738
0.13591478765010834
0.13142496347427368
0.13735046982765198
0.135369673371315
0.12701958417892456
0.12464836984872818
0.1413085162639618
0.1399870663881302
0.1338401734828949
0.1318255066871643
0.13178735971450806
0.1335504949092865
0.13632839918136597
0.13721895217895508
0.15224644541740417
0.14412494003772736
0.1543787270784378
0.15486863255500793
0.1470661759376526
0.14567935466766357
0.1392771303653717
0.14857491850852966
0.15936121344566345
0.15998056530952454
0.13816390931606293
0.13833041489124298
0.15304255485534668
0.13929493725299835
0.12553998827934265
0.11600781232118607
0.11902451515197754
0.1180427223443985
0.1305943876504898
0.1287536919116974
0.12019067257642746
0.12009557336568832
0.12179569900035858
0.11848034709692001
0.1418965756893158
0.13670706748962402
0.1163688600063324
0.11802710592746735
0.11096280813217163
0.11624658107757568
0.11417917162179947
0.10992465913295746
0.11427383124828339
0.1188870221376419
0.1190163716673851
0.12215065211057663
0.11527903378009796
0.12130635231733322
0.1280754804611206
0.13765111565589905
0.127321258187294
0.12851464748382568
0.1236443743109703
0.12943947315216064
0.12305083125829697
0.12254711240530014
0.14493632316589355
0.13298842310905457
0.12651360034942627
0.12651298940181732
0.12186239659786224
0.11761721223592758
0.11168625205755234
0.1126919686794281
0.134263277053833
0.13819144666194916
0.12661860883235931
0.11569471657276154
0.12952524423599243
0.1292872279882431
0.11592833697795868
0.12478820979595184
0.13800790905952454
0.12399564683437347
0.123141348361969
0.11802477389574051
0.13971170783042908
0.14543066918849945
0.12405087798833847
0.124700628221035
0.1328834891319275
0.1399058848619461
0.11593146622180939
0.11985249817371368
0.1264398694038391
0.1257091760635376
0.12633934617042542
0.1318231225013733
0.12040375173091888
0.1259380280971527
0.14185628294944763
0.13361027836799622
0.11780856549739838
0.12137512862682343
0.13309334218502045
0.12638221681118011
0.1195853054523468
0.11797431111335754
0.139139324426651
0.1306849867105484
0.12874415516853333
0.12691836059093475
0.12761445343494415
0.12458456307649612
0.13288761675357819
0.1356784999370575
0.13187089562416077
0.12959904968738556
0.13913211226463318
0.14440056681632996
0.12452845275402069
0.1257512867450714
0.1358618587255478
0.1399948000907898
0.12944598495960236
0.12813955545425415
0.1311873346567154
0.1316230595111847
0.1290721446275711
0.13528844714164734
0.14103859663009644
0.14541687071323395
0.1404009461402893
0.14364640414714813
0.12076170742511749
0.11134946346282959
0.1247517541050911
0.11928939074277878
0.1342092752456665
0.1294543594121933
0.13940556347370148
0.13030260801315308
0.137148916721344
0.13899555802345276
0.1398591548204422
0.13047832250595093
0.13848964869976044
0.13584677875041962
0.1321028172969818
0.14904755353927612
0.12172114849090576
0.12028257548809052
0.12320924550294876
0.12860441207885742
0.13411682844161987
0.13211816549301147
0.1373944729566574
0.1379052698612213
0.12395201623439789
0.133884996175766
0.13290198147296906
0.14453184604644775
0.1208764985203743
0.12327715009450912
0.13634592294692993
0.14322730898857117
0.14297711849212646
0.1406693458557129
0.12291640043258667
0.12588715553283691
0.1360510289669037
0.1331741213798523
0.12950952351093292
0.12941497564315796
0.12975150346755981
0.13089844584465027
0.13782107830047607
0.1356937736272812
0.13004741072654724
0.12244796752929688
0.13757097721099854
0.14056962728500366
0.14971882104873657
0.1486702263355255
0.14470627903938293
0.1436910629272461
0.14651529490947723
0.12811574339866638
0.1310693919658661
0.12480919063091278
0.1346195787191391
0.1255788654088974
0.127966046333313
0.1291559934616089
0.13170520961284637
0.13165730237960815
0.14382246136665344
0.13627474009990692
0.13176164031028748
0.1395382583141327
0.14330066740512848
0.13249388337135315
0.11555412411689758
0.12485991418361664
0.1442861109972
0.1475669890642166
0.1474096029996872
0.13564814627170563
0.1269954890012741
0.13911329209804535
0.14971350133419037
0.13492639362812042
0.12962767481803894
0.13140255212783813
0.1329224854707718
0.13782279193401337
0.13970282673835754
0.1396523416042328
0.1430312693119049
0.1415570080280304
0.13622508943080902
0.12704584002494812
0.13361147046089172
0.13845320045948029
0.1388522982597351
0.13186946511268616
0.12698820233345032
0.13148632645606995
0.1387978494167328
0.12985703349113464
0.1333756148815155
0.12752999365329742
0.14186647534370422
0.13419486582279205
