0.6076995134353638
0.6076574325561523
0.1965419054031372
0.19673581421375275
0.05192266032099724
0.052105385810136795
0.05330021679401398
0.053186338394880295
0.05443863570690155
0.05457679554820061
0.05885092914104462
0.058319929987192154
0.06024797260761261
0.06115826964378357
0.06574755162000656
0.06407003849744797
0.0698883980512619
0.07082018256187439
0.0768958255648613
0.07613043487071991
0.07779838889837265
0.07805090397596359
0.07674042880535126
0.07527099549770355
0.07928842306137085
0.07590022683143616
0.0751156210899353
0.07342351227998734
0.07347919791936874
0.07104092091321945
0.07314056158065796
0.0733429417014122
0.07014185935258865
0.07034701853990555
0.06751322746276855
0.06763345748186111
0.06904815137386322
0.07194309681653976
0.06530217826366425
0.0663379430770874
0.06026835739612579
0.05847921222448349
0.06333176791667938
0.06109835207462311
0.06919752061367035
0.06871598213911057
0.06906750798225403
0.06655663251876831
0.06754633784294128
0.0655551478266716
0.07020498067140579
0.06825978308916092
0.06964867562055588
0.069187231361866
0.075847327709198
0.07965210825204849
0.07390694320201874
0.07464490085840225
0.07272245734930038
0.07193533331155777
0.07358041405677795
0.07003162801265717
0.07524245977401733
0.07504735141992569
0.07890992611646652
0.07642213255167007
0.07505934685468674
0.07859047502279282
0.07293634116649628
0.07485886663198471
0.07572288066148758
0.07698274403810501
0.07152573764324188
0.07222902774810791
0.0760253518819809
0.0759633257985115
0.07585729658603668
0.07145847380161285
0.07480142265558243
0.07429194450378418
0.07715517282485962
0.07662542164325714
0.07710550725460052
0.07526511698961258
0.07794715464115143
0.07801301032304764
0.07917524874210358
0.07658412307500839
0.07511775940656662
0.07308711856603622
0.07334046065807343
0.07340770214796066
0.07303913682699203
0.07156138867139816
0.07365568727254868
0.07483560591936111
0.07330518215894699
0.07516594231128693
0.07493247836828232
0.07435080409049988
0.08083727210760117
0.08184543997049332
0.07525278627872467
0.07068845629692078
0.07635319232940674
0.07734118402004242
0.07708650827407837
0.07538613677024841
0.07952630519866943
0.08025382459163666
0.07573778927326202
0.07684493064880371
0.07471784204244614
0.07470497488975525
0.06983094662427902
0.07136022299528122
0.08000808954238892
0.076771080493927
0.07440360635519028
0.0716099664568901
0.07453044503927231
0.07356277108192444
0.07380883395671844
0.07393071055412292
0.07645200937986374
0.07966601103544235
0.07398300617933273
0.07166513800621033
0.07976401597261429
0.07746226340532303
0.07582871615886688
0.07657941430807114
0.07893519103527069
0.08150614798069
0.07111641019582748
0.07103908061981201
0.07601358741521835
0.07565651088953018
0.07586800307035446
0.07677946984767914
0.07801943272352219
0.076869435608387
0.0770825669169426
0.07388609647750854
0.07295861840248108
0.07488957792520523
0.07871763408184052
0.07379280030727386
0.07247713208198547
0.07160462439060211
0.07645069807767868
0.07844077050685883
0.06977389752864838
0.07075739651918411
0.07675555348396301
0.07384414970874786
0.07866359502077103
0.07506060600280762
0.07648669928312302
0.07702198624610901
0.08055029064416885
0.08078295737504959
0.07588096708059311
0.07442133128643036
0.07992785423994064
0.07775919139385223
0.07198923081159592
0.07036673277616501
0.07626818865537643
0.07164135575294495
0.07161891460418701
0.0740012601017952
0.0755629613995552
0.07857665419578552
0.07954660058021545
0.07768547534942627
0.06858165562152863
0.0680253729224205
0.07415024191141129
0.06974192708730698
0.07575427740812302
0.07767161726951599
0.07124770432710648
0.07528358697891235
0.07975627481937408
0.07802426815032959
0.07755543291568756
0.07652567327022552
0.07929343730211258
0.0783267468214035
0.0779653862118721
0.08045966923236847
0.07623576372861862
0.072067029774189
0.07532114535570145
0.07307109981775284
0.0731688141822815
0.07834460586309433
0.07756558805704117
0.07725633680820465
0.07301750779151917
0.0716286227107048
0.07153068482875824
0.07411463558673859
0.0671580508351326
0.07230548560619354
0.07573751360177994
0.07639499008655548
0.08200840651988983
0.08399990200996399
0.07568547129631042
0.07325337082147598
0.07304409891366959
0.07451043277978897
0.07311807572841644
0.07592356204986572
0.07622617483139038
0.07381340116262436
0.07936699688434601
0.07891129702329636
0.07225294411182404
0.0719224363565445
0.07638256251811981
0.08012477308511734
0.08469652384519577
0.08468151092529297
0.0821625292301178
0.07975947856903076
0.07506697624921799
0.074263796210289
0.07302378863096237
0.07483528554439545
0.073409803211689
0.0753064751625061
0.07341966778039932
0.07399436086416245
0.07796717435121536
0.07445072382688522
0.07688039541244507
0.07375644147396088
0.07191266864538193
0.07280890643596649
0.07703854143619537
0.07835707068443298
0.0683983713388443
0.06809969991445541
0.08348185569047928
0.08499199897050858
0.07556045800447464
0.07451513409614563
0.07425323873758316
0.018671829253435135
0.009650524705648422
0.00818763766437769
0.008311986923217773
0.008105294778943062
0.00812072865664959
0.0077639613300561905
0.007680248003453016
0.0075479052029550076
0.007488457020372152
0.007339248433709145
0.007642466574907303
0.007418173365294933
0.007436891086399555
0.007569700013846159
0.007619928568601608
0.007487562019377947
0.0073933349922299385
0.007450188975781202
0.007490154821425676
0.007529183756560087
0.007578960154205561
0.00726191233843565
0.007430056110024452
0.007530598435550928
