-0.4648,0.2602
-0.4648,0.2602
-0.4648,0.2602
-0.4649,0.2602
-0.4649,0.2602
-0.4650,0.2602
-0.4651,0.2602
-0.4651,0.2602
-0.4652,0.2602
-0.4652,0.2602
-0.4653,0.2601
-0.4653,0.2601
-0.4653,0.2601
-0.4653,0.2601
-0.4652,0.2601
-0.4652,0.2601
-0.4651,0.2601
-0.4651,0.2601
-0.4650,0.2601
-0.4649,0.2601
-0.4649,0.2600
-0.4648,0.2600
-0.4647,0.2600
-0.4647,0.2600
-0.4647,0.2600
-0.4647,0.2600
-0.4647,0.2600
-0.4647,0.2600
-0.4647,0.2600
-0.4647,0.2600
-0.4647,0.2600
-0.4647,0.2600
-0.4647,0.2600
-0.4647,0.2600
-0.4647,0.2600
-0.4647,0.2600
-0.4647,0.2600
-0.4647,0.2600
-0.4647,0.2600
-0.4647,0.2600
-0.4647,0.2600
-0.4647,0.2600
-0.4647,0.2600
-0.4647,0.2600
-0.4647,0.2600
-0.4647,0.2600
-0.4647,0.2600
-0.4647,0.2600
-0.4647,0.2600
-0.4647,0.2600
-0.4647,0.2600
-0.4647,0.2600
-0.4647,0.2600
-0.4647,0.2600
-0.4647,0.2600
-0.4647,0.2600
-0.4647,0.2600
-0.4647,0.2600
-0.4647,0.2600
-0.4647,0.2600
-0.4647,0.2600
-0.4647,0.2600
-0.4647,0.2600
-0.4647,0.2600
-0.4647,0.2600
-0.4647,0.2600
-0.4647,0.2600
-0.4647,0.2600
-0.4647,0.2600
-0.4646,0.2600
-0.4645,0.2600
-0.4645,0.2600
-0.4644,0.2600
-0.4643,0.2600
-0.4642,0.2600
-0.4641,0.2600
-0.4640,0.2600
-0.4639,0.2600
-0.4638,0.2599
-0.4637,0.2599
-0.4636,0.2599
-0.4635,0.2599
-0.4634,0.2599
-0.4633,0.2599
-0.4632,0.2599
-0.4632,0.2599
-0.4631,0.2599
-0.4630,0.2599
-0.4629,0.2599
-0.4629,0.2599
-0.4629,0.2599
-0.4628,0.2599
-0.4627,0.2599
-0.4626,0.2598
-0.4625,0.2598
-0.4624,0.2598
-0.4623,0.2598
-0.4622,0.2598
-0.4620,0.2598
-0.4619,0.2598
-0.4618,0.2598
-0.4617,0.2598
-0.4616,0.2598
-0.4615,0.2598
-0.4614,0.2598
-0.4613,0.2597
-0.4612,0.2597
-0.4611,0.2597
-0.4610,0.2597
-0.4610,0.2597
-0.4609,0.2597
-0.4609,0.2597
-0.4609,0.2597
-0.4608,0.2597
-0.4607,0.2597
-0.4606,0.2597
-0.4606,0.2597
-0.4605,0.2597
-0.4604,0.2597
-0.4604,0.2597
-0.4603,0.2597
-0.4602,0.2597
-0.4602,0.2597
-0.4601,0.2597
-0.4601,0.2597
-0.4600,0.2597
-0.4600,0.2597
-0.4599,0.2597
-0.4599,0.2597
-0.4599,0.2597
-0.4599,0.2597
-0.4598,0.2597
-0.4598,0.2597
-0.4598,0.2597
-0.4598,0.2597
-0.4598,0.2597
-0.4598,0.2597
-0.4598,0.2597
-0.4598,0.2597
-0.4599,0.2597
-0.4599,0.2597
-0.4599,0.2597
-0.4599,0.2597
-0.4600,0.2598
-0.4600,0.2598
-0.4601,0.2598
-0.4602,0.2598
-0.4603,0.2598
-0.4604,0.2598
-0.4605,0.2598
-0.4606,0.2598
-0.4607,0.2598
-0.4608,0.2598
-0.4609,0.2598
-0.4610,0.2598
-0.4610,0.2598
-0.4610,0.2598
-0.4611,0.2598
-0.4613,0.2598
-0.4614,0.2598
-0.4616,0.2598
-0.4617,0.2598
-0.4618,0.2598
-0.4620,0.2598
-0.4621,0.2598
-0.4623,0.2598
-0.4624,0.2598
-0.4626,0.2598
-0.4627,0.2598
-0.4629,0.2598
-0.4630,0.2598
-0.4632,0.2598
-0.4634,0.2598
-0.4635,0.2598
-0.4637,0.2598
-0.4638,0.2598
-0.4640,0.2598
-0.4640,0.2598
-0.4640,0.2598
-0.4642,0.2598
-0.4643,0.2598
-0.4645,0.2599
-0.4646,0.2599
-0.4648,0.2599
-0.4650,0.2599
-0.4651,0.2599
-0.4653,0.2599
-0.4655,0.2599
-0.4656,0.2599
-0.4658,0.2599
-0.4660,0.2599
-0.4661,0.2599
-0.4663,0.2599
-0.4665,0.2599
-0.4666,0.2599
-0.4668,0.2600
-0.4670,0.2600
-0.4672,0.2600
-0.4673,0.2600
-0.4673,0.2600
-0.4673,0.2600
-0.4675,0.2600
-0.4677,0.2600
-0.4679,0.2600
-0.4680,0.2600
-0.4682,0.2600
-0.4684,0.2600
-0.4686,0.2601
-0.4687,0.2601
-0.4689,0.2601
-0.4691,0.2601
-0.4693,0.2601
-0.4694,0.2601
-0.4696,0.2601
-0.4698,0.2601
-0.4700,0.2602
-0.4702,0.2602
-0.4703,0.2602
-0.4705,0.2602
-0.4707,0.2602
-0.4709,0.2602
-0.4709,0.2602
-0.4709,0.2602
-0.4710,0.2602
-0.4712,0.2602
-0.4714,0.2602
-0.4716,0.2602
-0.4717,0.2602
-0.4719,0.2602
-0.4721,0.2602
-0.4723,0.2602
-0.4724,0.2602
-0.4726,0.2603
-0.4727,0.2603
-0.4729,0.2603
-0.4731,0.2603
-0.4732,0.2603
-0.4734,0.2603
-0.4735,0.2603
-0.4737,0.2603
-0.4738,0.2603
-0.4740,0.2603
-0.4741,0.2603
-0.4741,0.2603
-0.4741,0.2603
-0.4741,0.2603
-0.4741,0.2603
-0.4741,0.2603
-0.4741,0.2603
-0.4741,0.2603
-0.4741,0.2603
-0.4741,0.2603
-0.4741,0.2603
-0.4741,0.2603
-0.4741,0.2603
-0.4741,0.2603
-0.4741,0.2603
-0.4741,0.2603
-0.4741,0.2603
-0.4741,0.2603
-0.4741,0.2603
-0.4741,0.2603
-0.4741,0.2603
-0.4741,0.2603
-0.4741,0.2603
-0.4741,0.2603
-0.4741,0.2603
-0.4741,0.2603
-0.4741,0.2603
-0.4741,0.2603
-0.4741,0.2603
-0.4741,0.2603
-0.4741,0.2603
-0.4741,0.2603
-0.4741,0.2603
-0.4741,0.2603
-0.4741,0.2603
-0.4741,0.2603
-0.4741,0.2603
-0.4741,0.2603
-0.4741,0.2603
-0.4741,0.2603
-0.4741,0.2603
-0.4741,0.2603
-0.4741,0.2603
-0.4741,0.2603
-0.4741,0.2603
-0.4741,0.2603
-0.4741,0.2603
-0.4743,0.2603
-0.4744,0.2603
-0.4746,0.2603
-0.4747,0.2603
-0.4749,0.2603
-0.4750,0.2603
-0.4751,0.2603
-0.4753,0.2603
-0.4754,0.2603
-0.4756,0.2603
-0.4757,0.2603
-0.4758,0.2603
-0.4760,0.2603
-0.4761,0.2603
-0.4762,0.2604
-0.4764,0.2604
-0.4765,0.2604
-0.4766,0.2604
-0.4768,0.2604
-0.4769,0.2604
-0.4769,0.2604
-0.4769,0.2604
-0.4770,0.2604
-0.4771,0.2604
-0.4773,0.2604
-0.4774,0.2604
-0.4775,0.2604
-0.4776,0.2604
-0.4777,0.2604
-0.4779,0.2604
-0.4780,0.2604
-0.4781,0.2604
-0.4782,0.2604
-0.4783,0.2604
-0.4784,0.2604
-0.4786,0.2604
-0.4787,0.2604
-0.4788,0.2604
-0.4789,0.2604
-0.4790,0.2604
-0.4791,0.2604
-0.4792,0.2605
-0.4792,0.2605
-0.4792,0.2605
-0.4794,0.2605
-0.4795,0.2605
-0.4796,0.2605
-0.4797,0.2605
-0.4798,0.2605
-0.4799,0.2605
-0.4800,0.2605
-0.4801,0.2605
-0.4802,0.2605
-0.4803,0.2605
-0.4804,0.2605
-0.4806,0.2605
-0.4807,0.2605
-0.4808,0.2605
-0.4809,0.2605
-0.4810,0.2605
-0.4811,0.2605
-0.4812,0.2605
-0.4813,0.2605
-0.4814,0.2605
-0.4814,0.2605
-0.4814,0.2605
-0.4815,0.2605
-0.4816,0.2605
-0.4817,0.2605
-0.4818,0.2605
-0.4819,0.2605
-0.4820,0.2605
-0.4821,0.2605
-0.4822,0.2605
-0.4823,0.2606
-0.4824,0.2606
-0.4825,0.2606
-0.4826,0.2606
-0.4827,0.2606
-0.4828,0.2606
-0.4829,0.2606
-0.4830,0.2606
-0.4830,0.2606
-0.4831,0.2606
-0.4832,0.2606
-0.4833,0.2606
-0.4833,0.2606
-0.4833,0.2606
-0.4834,0.2606
-0.4835,0.2606
-0.4836,0.2606
-0.4837,0.2606
-0.4838,0.2606
-0.4839,0.2606
-0.4840,0.2606
-0.4841,0.2606
-0.4841,0.2606
-0.4842,0.2606
-0.4843,0.2606
-0.4844,0.2606
-0.4845,0.2606
-0.4846,0.2606
-0.4847,0.2606
-0.4848,0.2606
-0.4849,0.2606
-0.4849,0.2606
-0.4850,0.2607
-0.4851,0.2607
-0.4851,0.2607
-0.4851,0.2607
-0.4852,0.2607
-0.4853,0.2607
-0.4854,0.2607
-0.4855,0.2607
-0.4855,0.2607
-0.4856,0.2607
-0.4857,0.2607
-0.4858,0.2607
-0.4859,0.2607
-0.4860,0.2607
-0.4861,0.2607
-0.4861,0.2607
-0.4862,0.2607
-0.4863,0.2607
-0.4864,0.2607
-0.4865,0.2607
-0.4866,0.2607
-0.4866,0.2607
-0.4867,0.2607
-0.4868,0.2607
-0.4868,0.2607
-0.4868,0.2607
-0.4869,0.2607
-0.4870,0.2607
-0.4870,0.2607
-0.4871,0.2607
-0.4872,0.2607
-0.4873,0.2607
-0.4873,0.2607
-0.4874,0.2607
-0.4875,0.2607
-0.4876,0.2607
-0.4877,0.2607
-0.4877,0.2607
-0.4878,0.2607
-0.4879,0.2607
-0.4880,0.2607
-0.4880,0.2607
-0.4881,0.2607
-0.4882,0.2608
-0.4883,0.2608
-0.4884,0.2608
-0.4884,0.2608
-0.4884,0.2608
-0.4884,0.2608
-0.4885,0.2608
-0.4886,0.2608
-0.4887,0.2608
-0.4887,0.2608
-0.4888,0.2608
-0.4889,0.2608
-0.4890,0.2608
-0.4890,0.2608
-0.4891,0.2608
-0.4892,0.2608
-0.4893,0.2608
-0.4893,0.2608
-0.4894,0.2608
-0.4895,0.2608
-0.4896,0.2608
-0.4896,0.2608
-0.4897,0.2608
-0.4898,0.2608
-0.4898,0.2608
-0.4898,0.2608
-0.4898,0.2608
-0.4898,0.2608
-0.4898,0.2608
-0.4898,0.2608
-0.4898,0.2608
-0.4898,0.2608
-0.4898,0.2608
-0.4898,0.2608
-0.4898,0.2608
-0.4898,0.2608
-0.4898,0.2608
-0.4898,0.2608
-0.4898,0.2608
-0.4898,0.2608
-0.4898,0.2608
-0.4898,0.2608
-0.4898,0.2608
-0.4898,0.2608
-0.4898,0.2608
-0.4898,0.2608
-0.4898,0.2608
-0.4898,0.2608
-0.4898,0.2608
-0.4898,0.2608
-0.4898,0.2608
-0.4898,0.2608
-0.4898,0.2608
-0.4898,0.2608
-0.4898,0.2608
-0.4898,0.2608
-0.4898,0.2608
-0.4898,0.2608
-0.4898,0.2608
-0.4898,0.2608
-0.4898,0.2608
-0.4898,0.2608
-0.4898,0.2608
-0.4898,0.2608
-0.4898,0.2608
-0.4898,0.2608
-0.4898,0.2608
-0.4898,0.2608
-0.4898,0.2608
-0.4898,0.2608
-0.4898,0.2608
-0.4899,0.2608
-0.4900,0.2608
-0.4901,0.2608
-0.4901,0.2608
-0.4902,0.2608
-0.4903,0.2608
-0.4903,0.2608
-0.4904,0.2608
-0.4905,0.2608
-0.4906,0.2608
-0.4906,0.2608
-0.4907,0.2608
-0.4908,0.2608
-0.4908,0.2608
-0.4909,0.2608
-0.4910,0.2608
-0.4910,0.2608
-0.4911,0.2608
-0.4912,0.2608
-0.4913,0.2608
-0.4913,0.2608
-0.4913,0.2608
-0.4913,0.2608
-0.4914,0.2608
-0.4915,0.2608
-0.4915,0.2608
-0.4916,0.2608
-0.4917,0.2608
-0.4917,0.2608
-0.4918,0.2608
-0.4919,0.2608
-0.4919,0.2608
-0.4920,0.2608
-0.4921,0.2608
-0.4921,0.2608
-0.4922,0.2608
-0.4923,0.2608
-0.4924,0.2609
-0.4924,0.2609
-0.4925,0.2609
-0.4926,0.2609
-0.4926,0.2609
-0.4926,0.2609
-0.4926,0.2609
-0.4927,0.2609
-0.4928,0.2609
-0.4928,0.2609
-0.4929,0.2609
-0.4930,0.2609
-0.4930,0.2609
-0.4931,0.2609
-0.4932,0.2609
-0.4932,0.2609
-0.4933,0.2609
-0.4934,0.2609
-0.4934,0.2609
-0.4935,0.2609
-0.4936,0.2609
-0.4937,0.2609
-0.4937,0.2609
-0.4938,0.2609
-0.4939,0.2609
-0.4939,0.2609
-0.4940,0.2609
-0.4940,0.2609
-0.4940,0.2609
-0.4941,0.2609
-0.4941,0.2609
-0.4942,0.2609
-0.4943,0.2609
-0.4943,0.2609
-0.4944,0.2609
-0.4945,0.2609
-0.4945,0.2609
-0.4946,0.2609
-0.4947,0.2609
-0.4948,0.2609
-0.4948,0.2609
-0.4949,0.2609
-0.4950,0.2609
-0.4950,0.2609
-0.4951,0.2609
-0.4952,0.2609
-0.4952,0.2609
-0.4953,0.2609
-0.4954,0.2609
-0.4954,0.2609
-0.4954,0.2609
-0.4954,0.2609
-0.4955,0.2609
-0.4956,0.2609
-0.4956,0.2609
-0.4957,0.2609
-0.4958,0.2609
-0.4959,0.2609
-0.4959,0.2609
-0.4960,0.2609
-0.4961,0.2609
-0.4962,0.2609
-0.4962,0.2609
-0.4963,0.2609
-0.4964,0.2609
-0.4965,0.2609
-0.4965,0.2609
-0.4966,0.2609
-0.4967,0.2609
-0.4968,0.2609
-0.4969,0.2609
-0.4969,0.2609
-0.4969,0.2609
-0.4969,0.2609
-0.4970,0.2609
-0.4971,0.2609
-0.4972,0.2609
-0.4972,0.2609
-0.4973,0.2609
-0.4974,0.2609
-0.4975,0.2609
-0.4976,0.2609
-0.4976,0.2609
-0.4977,0.2609
-0.4978,0.2609
-0.4979,0.2609
-0.4980,0.2609
-0.4981,0.2609
-0.4981,0.2609
-0.4982,0.2609
-0.4983,0.2609
-0.4984,0.2609
-0.4985,0.2609
-0.4985,0.2609
-0.4985,0.2609
-0.4986,0.2609
-0.4987,0.2609
-0.4988,0.2609
-0.4989,0.2609
-0.4990,0.2609
-0.4991,0.2609
-0.4992,0.2609
-0.4993,0.2609
-0.4994,0.2609
-0.4995,0.2609
-0.4996,0.2609
-0.4997,0.2609
-0.4998,0.2609
-0.4999,0.2609
-0.5000,0.2609
-0.5001,0.2609
-0.5002,0.2609
-0.5003,0.2609
-0.5004,0.2609
-0.5005,0.2609
-0.5005,0.2609
-0.5005,0.2609
-0.5006,0.2609
-0.5007,0.2609
-0.5008,0.2609
-0.5009,0.2609
-0.5011,0.2609
-0.5012,0.2609
-0.5013,0.2609
-0.5014,0.2609
-0.5016,0.2609
-0.5017,0.2609
-0.5018,0.2609
-0.5019,0.2609
-0.5020,0.2609
-0.5022,0.2609
-0.5023,0.2609
-0.5024,0.2609
-0.5026,0.2609
-0.5027,0.2609
-0.5028,0.2609
-0.5030,0.2609
-0.5030,0.2609
-0.5030,0.2609
-0.5030,0.2609
-0.5030,0.2609
-0.5030,0.2609
-0.5030,0.2609
-0.5030,0.2609
-0.5030,0.2609
-0.5030,0.2609
-0.5030,0.2609
-0.5030,0.2609
-0.5030,0.2609
-0.5030,0.2609
-0.5030,0.2609
-0.5030,0.2609
-0.5030,0.2609
-0.5030,0.2609
-0.5030,0.2609
-0.5030,0.2609
-0.5030,0.2609
-0.5030,0.2609
-0.5030,0.2609
-0.5030,0.2609
-0.5030,0.2609
-0.5030,0.2609
-0.5030,0.2609
-0.5030,0.2609
-0.5030,0.2609
-0.5030,0.2609
-0.5030,0.2609
-0.5030,0.2609
-0.5030,0.2609
-0.5030,0.2609
-0.5030,0.2609
-0.5030,0.2609
-0.5030,0.2609
-0.5030,0.2609
-0.5030,0.2609
-0.5030,0.2609
-0.5030,0.2609
-0.5030,0.2609
-0.5030,0.2609
-0.5030,0.2609
-0.5030,0.2609
-0.5030,0.2609
-0.5030,0.2609
-0.5031,0.2609
-0.5032,0.2609
-0.5034,0.2609
-0.5035,0.2609
-0.5036,0.2609
-0.5038,0.2609
-0.5039,0.2609
-0.5041,0.2609
-0.5042,0.2609
-0.5043,0.2609
-0.5045,0.2609
-0.5046,0.2609
-0.5048,0.2609
-0.5049,0.2609
-0.5050,0.2609
-0.5052,0.2609
-0.5053,0.2609
-0.5054,0.2609
-0.5056,0.2609
-0.5057,0.2609
-0.5057,0.2609
-0.5057,0.2609
-0.5059,0.2609
-0.5060,0.2609
-0.5061,0.2609
-0.5063,0.2609
-0.5064,0.2609
-0.5065,0.2609
-0.5067,0.2609
-0.5068,0.2609
-0.5070,0.2609
-0.5071,0.2609
-0.5072,0.2609
-0.5074,0.2609
-0.5075,0.2609
-0.5077,0.2609
-0.5079,0.2609
-0.5080,0.2609
-0.5082,0.2609
-0.5084,0.2609
-0.5085,0.2609
-0.5087,0.2609
-0.5087,0.2609
-0.5087,0.2609
-0.5089,0.2609
-0.5090,0.2609
-0.5092,0.2609
-0.5094,0.2610
-0.5096,0.2610
-0.5097,0.2609
-0.5099,0.2609
-0.5101,0.2610
-0.5102,0.2610
-0.5104,0.2610
-0.5106,0.2610
-0.5107,0.2610
-0.5109,0.2610
-0.5111,0.2610
-0.5112,0.2610
-0.5114,0.2610
-0.5116,0.2610
-0.5117,0.2610
-0.5119,0.2610
-0.5121,0.2610
-0.5121,0.2610
-0.5121,0.2610
-0.5122,0.2610
-0.5124,0.2610
-0.5126,0.2610
-0.5128,0.2610
-0.5130,0.2610
-0.5132,0.2610
-0.5134,0.2610
-0.5136,0.2610
-0.5138,0.2610
-0.5139,0.2610
-0.5141,0.2610
-0.5143,0.2610
-0.5145,0.2611
-0.5147,0.2611
-0.5149,0.2611
-0.5151,0.2611
-0.5153,0.2611
-0.5155,0.2611
-0.5157,0.2611
-0.5159,0.2611
-0.5159,0.2611
-0.5159,0.2611
-0.5161,0.2611
-0.5163,0.2611
-0.5165,0.2611
-0.5167,0.2611
-0.5169,0.2611
-0.5171,0.2611
-0.5173,0.2611
-0.5175,0.2611
-0.5176,0.2611
-0.5178,0.2611
-0.5180,0.2611
-0.5182,0.2611
-0.5184,0.2611
-0.5186,0.2612
-0.5188,0.2612
-0.5191,0.2612
-0.5193,0.2612
-0.5195,0.2612
-0.5197,0.2612
-0.5199,0.2612
-0.5199,0.2612
-0.5199,0.2612
-0.5202,0.2612
-0.5204,0.2612
-0.5206,0.2612
-0.5208,0.2612
-0.5210,0.2612
-0.5212,0.2612
-0.5214,0.2612
-0.5216,0.2612
-0.5218,0.2612
-0.5220,0.2612
-0.5222,0.2612
-0.5224,0.2612
-0.5226,0.2612
-0.5228,0.2612
-0.5230,0.2612
-0.5232,0.2613
-0.5234,0.2613
-0.5236,0.2613
-0.5238,0.2613
-0.5240,0.2613
-0.5240,0.2613
-0.5240,0.2613
-0.5242,0.2613
-0.5244,0.2613
-0.5246,0.2613
-0.5248,0.2613
-0.5250,0.2613
-0.5252,0.2613
-0.5254,0.2613
-0.5257,0.2613
-0.5259,0.2613
-0.5261,0.2613
-0.5263,0.2613
-0.5265,0.2613
-0.5267,0.2613
-0.5269,0.2613
-0.5271,0.2614
-0.5273,0.2614
-0.5275,0.2614
-0.5277,0.2614
-0.5279,0.2614
-0.5281,0.2614
-0.5281,0.2614
-0.5281,0.2614
-0.5283,0.2614
-0.5285,0.2614
-0.5287,0.2614
-0.5289,0.2614
-0.5291,0.2614
-0.5293,0.2614
-0.5295,0.2614
-0.5297,0.2614
-0.5299,0.2614
-0.5301,0.2614
-0.5303,0.2614
-0.5304,0.2614
-0.5306,0.2614
-0.5308,0.2615
-0.5310,0.2615
-0.5312,0.2615
-0.5313,0.2615
-0.5315,0.2615
-0.5317,0.2615
-0.5319,0.2615
-0.5319,0.2615
-0.5319,0.2615
-0.5319,0.2615
-0.5319,0.2615
-0.5319,0.2615
-0.5319,0.2615
-0.5319,0.2615
-0.5319,0.2615
-0.5319,0.2615
-0.5319,0.2615
-0.5319,0.2615
-0.5319,0.2615
-0.5319,0.2615
-0.5319,0.2615
-0.5319,0.2615
-0.5319,0.2615
-0.5319,0.2615
-0.5319,0.2615
-0.5319,0.2615
-0.5319,0.2615
-0.5319,0.2615
-0.5319,0.2615
-0.5319,0.2615
-0.5319,0.2615
-0.5319,0.2615
-0.5319,0.2615
-0.5319,0.2615
-0.5319,0.2615
-0.5319,0.2615
-0.5319,0.2615
-0.5319,0.2615
-0.5319,0.2615
-0.5319,0.2615
-0.5319,0.2615
-0.5319,0.2615
-0.5319,0.2615
-0.5319,0.2615
-0.5319,0.2615
-0.5319,0.2615
-0.5319,0.2615
-0.5319,0.2615
-0.5319,0.2615
-0.5319,0.2615
-0.5319,0.2615
-0.5319,0.2615
-0.5319,0.2615
-0.5321,0.2615
-0.5323,0.2615
-0.5324,0.2615
-0.5326,0.2615
-0.5328,0.2615
-0.5330,0.2615
-0.5331,0.2615
-0.5333,0.2615
-0.5335,0.2615
-0.5336,0.2615
-0.5338,0.2615
-0.5340,0.2615
-0.5341,0.2615
-0.5343,0.2615
-0.5345,0.2615
-0.5347,0.2616
-0.5348,0.2616
-0.5350,0.2616
-0.5352,0.2616
-0.5353,0.2616
-0.5353,0.2616
-0.5353,0.2616
-0.5355,0.2616
-0.5357,0.2616
-0.5359,0.2616
-0.5361,0.2616
-0.5362,0.2616
-0.5364,0.2616
-0.5365,0.2616
-0.5367,0.2616
-0.5368,0.2616
-0.5370,0.2616
-0.5372,0.2616
-0.5373,0.2616
-0.5374,0.2616
-0.5376,0.2616
-0.5377,0.2616
-0.5379,0.2616
-0.5380,0.2616
-0.5381,0.2617
-0.5383,0.2617
-0.5384,0.2617
-0.5384,0.2617
-0.5384,0.2617
-0.5385,0.2617
-0.5386,0.2617
-0.5387,0.2617
-0.5389,0.2617
-0.5390,0.2617
-0.5391,0.2617
-0.5392,0.2617
-0.5393,0.2617
-0.5394,0.2617
-0.5395,0.2617
-0.5396,0.2617
-0.5397,0.2617
-0.5398,0.2617
-0.5399,0.2617
-0.5400,0.2617
-0.5402,0.2617
-0.5403,0.2617
-0.5404,0.2617
-0.5405,0.2617
-0.5406,0.2617
-0.5406,0.2617
-0.5406,0.2617
-0.5407,0.2617
-0.5409,0.2617
-0.5410,0.2617
-0.5411,0.2617
-0.5412,0.2617
-0.5414,0.2617
-0.5415,0.2617
-0.5417,0.2617
-0.5418,0.2617
-0.5420,0.2617
-0.5421,0.2618
-0.5422,0.2618
-0.5424,0.2618
-0.5425,0.2618
-0.5427,0.2618
-0.5428,0.2618
-0.5429,0.2618
-0.5431,0.2618
-0.5432,0.2618
-0.5434,0.2618
-0.5434,0.2618
-0.5434,0.2618
-0.5435,0.2618
-0.5437,0.2618
-0.5438,0.2618
-0.5440,0.2618
-0.5441,0.2618
-0.5443,0.2618
-0.5444,0.2618
-0.5445,0.2618
-0.5447,0.2618
-0.5448,0.2618
-0.5449,0.2618
-0.5450,0.2618
-0.5452,0.2618
-0.5453,0.2618
-0.5454,0.2619
-0.5455,0.2619
-0.5457,0.2619
-0.5458,0.2619
-0.5459,0.2619
-0.5460,0.2619
-0.5460,0.2619
-0.5460,0.2619
-0.5462,0.2619
-0.5463,0.2619
-0.5464,0.2619
-0.5466,0.2619
-0.5467,0.2619
-0.5468,0.2619
-0.5469,0.2619
-0.5471,0.2619
-0.5472,0.2619
-0.5473,0.2619
-0.5474,0.2619
-0.5475,0.2619
-0.5477,0.2619
-0.5478,0.2619
-0.5479,0.2619
-0.5481,0.2619
-0.5482,0.2619
-0.5483,0.2619
-0.5484,0.2620
-0.5485,0.2620
-0.5485,0.2620
-0.5485,0.2620
-0.5486,0.2620
-0.5487,0.2620
-0.5488,0.2620
-0.5489,0.2620
-0.5490,0.2620
-0.5491,0.2620
-0.5492,0.2620
-0.5493,0.2620
-0.5494,0.2620
-0.5495,0.2620
-0.5496,0.2620
-0.5497,0.2620
-0.5498,0.2620
-0.5498,0.2620
-0.5499,0.2620
-0.5500,0.2620
-0.5501,0.2620
-0.5503,0.2620
-0.5504,0.2620
-0.5505,0.2620
-0.5505,0.2620
-0.5505,0.2620
-0.5505,0.2620
-0.5506,0.2620
-0.5507,0.2620
-0.5509,0.2620
-0.5510,0.2620
-0.5511,0.2620
-0.5512,0.2620
-0.5513,0.2620
-0.5514,0.2620
-0.5515,0.2621
-0.5516,0.2621
-0.5516,0.2621
-0.5517,0.2621
-0.5518,0.2621
-0.5519,0.2621
-0.5520,0.2621
-0.5521,0.2621
-0.5522,0.2621
-0.5522,0.2621
-0.5523,0.2621
-0.5523,0.2621
-0.5523,0.2621
-0.5523,0.2621
-0.5523,0.2621
-0.5523,0.2621
-0.5523,0.2621
-0.5523,0.2621
-0.5523,0.2621
-0.5523,0.2621
-0.5523,0.2621
-0.5523,0.2621
-0.5523,0.2621
-0.5523,0.2621
-0.5523,0.2621
-0.5523,0.2621
-0.5523,0.2621
-0.5523,0.2621
-0.5523,0.2621
-0.5523,0.2621
-0.5523,0.2621
-0.5523,0.2621
-0.5523,0.2621
-0.5523,0.2621
-0.5523,0.2621
-0.5523,0.2621
-0.5523,0.2621
-0.5523,0.2621
-0.5523,0.2621
-0.5523,0.2621
-0.5523,0.2621
-0.5523,0.2621
-0.5523,0.2621
-0.5523,0.2621
-0.5523,0.2621
-0.5523,0.2621
-0.5523,0.2621
-0.5523,0.2621
-0.5523,0.2621
-0.5523,0.2621
-0.5523,0.2621
-0.5523,0.2621
-0.5523,0.2621
-0.5523,0.2621
-0.5523,0.2621
-0.5523,0.2621
-0.5523,0.2621
-0.5524,0.2621
-0.5525,0.2621
-0.5525,0.2621
-0.5526,0.2621
-0.5527,0.2621
-0.5527,0.2621
-0.5528,0.2621
-0.5529,0.2621
-0.5529,0.2621
-0.5530,0.2621
-0.5531,0.2621
-0.5532,0.2621
-0.5533,0.2621
-0.5533,0.2621
-0.5534,0.2621
-0.5535,0.2621
-0.5536,0.2621
-0.5537,0.2621
-0.5538,0.2621
-0.5539,0.2621
-0.5539,0.2621
-0.5539,0.2621
-0.5540,0.2621
-0.5541,0.2621
-0.5542,0.2621
-0.5542,0.2621
-0.5543,0.2621
-0.5544,0.2621
-0.5545,0.2622
-0.5546,0.2622
-0.5547,0.2622
-0.5548,0.2622
-0.5548,0.2622
-0.5549,0.2622
-0.5550,0.2622
-0.5551,0.2622
-0.5552,0.2622
-0.5553,0.2622
-0.5554,0.2622
-0.5555,0.2622
-0.5556,0.2622
-0.5556,0.2622
-0.5556,0.2622
-0.5556,0.2622
-0.5557,0.2622
-0.5558,0.2622
-0.5559,0.2622
-0.5560,0.2622
-0.5560,0.2622
-0.5561,0.2622
-0.5562,0.2622
-0.5562,0.2622
-0.5563,0.2622
-0.5564,0.2622
-0.5564,0.2622
-0.5565,0.2622
-0.5565,0.2622
-0.5566,0.2622
-0.5566,0.2622
-0.5567,0.2622
-0.5567,0.2622
-0.5568,0.2622
-0.5569,0.2622
-0.5569,0.2622
-0.5569,0.2622
-0.5569,0.2622
-0.5570,0.2622
-0.5570,0.2622
-0.5571,0.2622
-0.5571,0.2622
-0.5572,0.2622
-0.5573,0.2622
-0.5573,0.2622
-0.5574,0.2623
-0.5575,0.2623
-0.5575,0.2623
-0.5576,0.2623
-0.5576,0.2623
-0.5577,0.2623
-0.5577,0.2623
-0.5578,0.2623
-0.5578,0.2623
-0.5579,0.2623
-0.5579,0.2623
-0.5580,0.2623
-0.5580,0.2623
-0.5580,0.2623
-0.5580,0.2623
-0.5580,0.2623
-0.5581,0.2623
-0.5581,0.2623
-0.5582,0.2623
-0.5582,0.2623
-0.5582,0.2623
-0.5583,0.2623
-0.5583,0.2623
-0.5584,0.2623
-0.5584,0.2623
-0.5584,0.2623
-0.5585,0.2623
-0.5585,0.2623
-0.5586,0.2623
-0.5587,0.2623
-0.5587,0.2623
-0.5588,0.2623
-0.5588,0.2623
-0.5589,0.2623
-0.5589,0.2623
-0.5589,0.2623
-0.5589,0.2623
-0.5590,0.2623
-0.5590,0.2623
-0.5591,0.2623
-0.5592,0.2623
-0.5592,0.2623
-0.5593,0.2623
-0.5593,0.2623
-0.5594,0.2623
-0.5595,0.2623
-0.5595,0.2623
-0.5596,0.2623
-0.5597,0.2623
-0.5597,0.2623
-0.5598,0.2623
-0.5598,0.2623
-0.5599,0.2623
-0.5600,0.2623
-0.5600,0.2623
-0.5601,0.2623
-0.5602,0.2623
-0.5602,0.2623
-0.5602,0.2623
-0.5603,0.2623
-0.5603,0.2623
-0.5604,0.2623
-0.5605,0.2624
-0.5606,0.2624
-0.5606,0.2624
-0.5607,0.2624
-0.5608,0.2624
-0.5609,0.2624
-0.5610,0.2624
-0.5610,0.2624
-0.5611,0.2624
-0.5612,0.2624
-0.5613,0.2624
-0.5613,0.2624
-0.5614,0.2624
-0.5615,0.2624
-0.5615,0.2624
-0.5616,0.2624
-0.5616,0.2624
-0.5616,0.2624
-0.5616,0.2624
-0.5617,0.2624
-0.5617,0.2624
-0.5618,0.2624
-0.5618,0.2624
-0.5619,0.2624
-0.5619,0.2624
-0.5620,0.2624
-0.5621,0.2624
-0.5621,0.2624
-0.5622,0.2624
-0.5622,0.2624
-0.5623,0.2624
-0.5623,0.2624
-0.5624,0.2624
-0.5625,0.2624
-0.5625,0.2624
-0.5626,0.2624
-0.5626,0.2624
-0.5627,0.2624
-0.5628,0.2624
-0.5628,0.2624
-0.5628,0.2624
-0.5628,0.2624
-0.5628,0.2624
-0.5628,0.2624
-0.5628,0.2624
-0.5628,0.2624
-0.5628,0.2624
-0.5628,0.2624
-0.5628,0.2624
-0.5628,0.2624
-0.5628,0.2624
-0.5628,0.2624
-0.5628,0.2624
-0.5628,0.2624
-0.5628,0.2624
-0.5628,0.2624
-0.5628,0.2624
-0.5628,0.2624
-0.5628,0.2624
-0.5628,0.2624
-0.5628,0.2624
-0.5628,0.2624
-0.5628,0.2624
-0.5628,0.2624
-0.5628,0.2624
-0.5628,0.2624
-0.5628,0.2624
-0.5628,0.2624
-0.5628,0.2624
-0.5628,0.2624
-0.5628,0.2624
-0.5628,0.2624
-0.5628,0.2624
-0.5628,0.2624
-0.5628,0.2624
-0.5628,0.2624
-0.5628,0.2624
-0.5628,0.2624
-0.5628,0.2624
-0.5628,0.2624
-0.5628,0.2624
-0.5628,0.2624
-0.5628,0.2624
-0.5628,0.2624
-0.5628,0.2624
-0.5628,0.2624
-0.5629,0.2624
-0.5629,0.2624
-0.5630,0.2624
-0.5630,0.2624
-0.5631,0.2624
-0.5631,0.2624
-0.5631,0.2624
-0.5632,0.2624
-0.5632,0.2624
-0.5633,0.2625
-0.5633,0.2625
-0.5634,0.2625
-0.5634,0.2625
-0.5635,0.2625
-0.5635,0.2625
-0.5635,0.2625
-0.5636,0.2625
-0.5636,0.2625
-0.5637,0.2625
-0.5637,0.2625
-0.5637,0.2625
-0.5637,0.2625
-0.5637,0.2625
-0.5638,0.2625
-0.5638,0.2625
-0.5638,0.2625
-0.5639,0.2625
-0.5639,0.2625
-0.5639,0.2625
-0.5640,0.2625
-0.5640,0.2625
-0.5640,0.2625
-0.5641,0.2625
-0.5641,0.2625
-0.5641,0.2625
-0.5642,0.2625
-0.5642,0.2625
-0.5642,0.2625
-0.5642,0.2625
-0.5643,0.2625
-0.5643,0.2625
-0.5643,0.2625
-0.5643,0.2625
-0.5643,0.2625
-0.5643,0.2625
-0.5644,0.2625
-0.5644,0.2625
-0.5644,0.2625
-0.5645,0.2625
-0.5645,0.2625
-0.5645,0.2625
-0.5646,0.2625
-0.5646,0.2625
-0.5646,0.2625
-0.5647,0.2625
-0.5647,0.2625
-0.5647,0.2625
-0.5647,0.2625
-0.5648,0.2625
-0.5648,0.2625
-0.5648,0.2625
-0.5648,0.2625
-0.5649,0.2625
-0.5649,0.2625
-0.5649,0.2625
-0.5649,0.2625
-0.5649,0.2625
-0.5649,0.2625
-0.5649,0.2625
-0.5650,0.2625
-0.5650,0.2625
-0.5650,0.2625
-0.5650,0.2625
-0.5650,0.2625
-0.5651,0.2625
-0.5651,0.2625
-0.5651,0.2625
-0.5651,0.2625
-0.5652,0.2625
-0.5652,0.2625
-0.5652,0.2625
-0.5652,0.2625
-0.5653,0.2625
-0.5653,0.2625
-0.5654,0.2625
-0.5654,0.2625
-0.5654,0.2625
-0.5654,0.2625
-0.5654,0.2625
-0.5655,0.2625
-0.5655,0.2625
-0.5655,0.2625
-0.5655,0.2625
-0.5656,0.2625
-0.5656,0.2625
-0.5656,0.2625
-0.5657,0.2625
-0.5657,0.2625
-0.5657,0.2625
-0.5657,0.2625
-0.5658,0.2625
-0.5658,0.2625
-0.5658,0.2625
-0.5659,0.2625
-0.5659,0.2625
-0.5659,0.2625
-0.5659,0.2625
-0.5659,0.2625
-0.5659,0.2625
-0.5660,0.2625
-0.5660,0.2625
-0.5660,0.2625
-0.5661,0.2625
-0.5661,0.2625
-0.5661,0.2625
-0.5662,0.2625
-0.5662,0.2625
-0.5662,0.2625
-0.5663,0.2625
-0.5663,0.2625
-0.5663,0.2625
-0.5664,0.2625
-0.5664,0.2625
-0.5665,0.2626
-0.5665,0.2626
-0.5665,0.2626
-0.5666,0.2626
-0.5666,0.2626
-0.5666,0.2626
-0.5666,0.2626
-0.5666,0.2626
-0.5667,0.2626
-0.5667,0.2626
-0.5667,0.2626
-0.5668,0.2626
-0.5668,0.2626
-0.5668,0.2626
-0.5669,0.2626
-0.5669,0.2626
-0.5669,0.2626
-0.5670,0.2626
-0.5670,0.2626
-0.5670,0.2626
-0.5671,0.2626
-0.5671,0.2626
-0.5671,0.2626
-0.5672,0.2626
-0.5672,0.2626
-0.5672,0.2626
-0.5673,0.2626
-0.5673,0.2626
-0.5673,0.2626
-0.5673,0.2626
-0.5673,0.2626
-0.5673,0.2626
-0.5674,0.2626
-0.5674,0.2626
-0.5674,0.2626
-0.5674,0.2626
-0.5675,0.2626
-0.5675,0.2626
-0.5675,0.2626
-0.5676,0.2626
-0.5676,0.2626
-0.5676,0.2626
-0.5677,0.2626
-0.5677,0.2626
-0.5678,0.2626
-0.5678,0.2626
-0.5678,0.2626
-0.5679,0.2626
-0.5679,0.2626
-0.5680,0.2626
-0.5680,0.2626
-0.5680,0.2626
-0.5680,0.2626
-0.5680,0.2626
-0.5680,0.2626
-0.5680,0.2626
-0.5680,0.2626
-0.5680,0.2626
-0.5680,0.2626
-0.5680,0.2626
-0.5680,0.2626
-0.5680,0.2626
-0.5680,0.2626
-0.5680,0.2626
-0.5680,0.2626
-0.5680,0.2626
-0.5680,0.2626
-0.5680,0.2626
-0.5680,0.2626
-0.5680,0.2626
-0.5680,0.2626
-0.5680,0.2626
-0.5680,0.2626
-0.5680,0.2626
-0.5680,0.2626
-0.5680,0.2626
-0.5680,0.2626
-0.5680,0.2626
-0.5680,0.2626
-0.5680,0.2626
-0.5680,0.2626
-0.5680,0.2626
-0.5680,0.2626
-0.5680,0.2626
-0.5680,0.2626
-0.5680,0.2626
-0.5680,0.2626
-0.5680,0.2626
-0.5680,0.2626
-0.5680,0.2626
-0.5680,0.2626
-0.5680,0.2626
-0.5680,0.2626
-0.5680,0.2626
-0.5680,0.2626
-0.5680,0.2626
-0.5680,0.2626
-0.5680,0.2626
-0.5681,0.2626
-0.5681,0.2626
-0.5682,0.2626
-0.5682,0.2626
-0.5683,0.2626
-0.5683,0.2626
-0.5683,0.2626
-0.5684,0.2626
-0.5684,0.2626
-0.5684,0.2626
-0.5685,0.2626
-0.5685,0.2626
-0.5685,0.2626
-0.5686,0.2626
-0.5686,0.2626
-0.5686,0.2626
-0.5687,0.2626
-0.5687,0.2626
-0.5687,0.2626
-0.5687,0.2626
-0.5687,0.2626
-0.5688,0.2626
-0.5688,0.2626
-0.5688,0.2626
-0.5688,0.2626
-0.5689,0.2626
-0.5689,0.2626
-0.5689,0.2626
-0.5690,0.2626
-0.5690,0.2626
-0.5690,0.2626
-0.5691,0.2626
-0.5691,0.2626
-0.5691,0.2626
-0.5691,0.2626
-0.5692,0.2626
-0.5692,0.2626
-0.5692,0.2626
-0.5692,0.2626
-0.5693,0.2626
-0.5693,0.2626
-0.5693,0.2626
-0.5693,0.2626
-0.5693,0.2626
-0.5693,0.2626
-0.5694,0.2626
-0.5694,0.2626
-0.5694,0.2626
-0.5694,0.2626
-0.5694,0.2626
-0.5695,0.2626
-0.5695,0.2626
-0.5695,0.2626
-0.5695,0.2626
-0.5696,0.2626
-0.5696,0.2626
-0.5696,0.2626
-0.5696,0.2627
-0.5696,0.2627
-0.5696,0.2627
-0.5697,0.2626
-0.5697,0.2626
-0.5697,0.2626
-0.5697,0.2626
-0.5697,0.2626
-0.5697,0.2626
-0.5697,0.2626
-0.5697,0.2627
-0.5697,0.2627
-0.5697,0.2627
-0.5698,0.2626
-0.5698,0.2626
-0.5698,0.2626
-0.5698,0.2626
-0.5698,0.2627
-0.5698,0.2627
-0.5699,0.2627
-0.5699,0.2627
-0.5699,0.2627
-0.5699,0.2627
-0.5700,0.2627
-0.5700,0.2627
-0.5700,0.2627
-0.5700,0.2627
-0.5700,0.2627
-0.5700,0.2627
-0.5700,0.2627
-0.5700,0.2627
-0.5701,0.2627
-0.5701,0.2627
-0.5701,0.2627
-0.5701,0.2627
-0.5701,0.2627
-0.5702,0.2627
-0.5702,0.2627
-0.5702,0.2627
-0.5702,0.2627
-0.5702,0.2627
-0.5703,0.2627
-0.5703,0.2627
-0.5703,0.2627
-0.5703,0.2627
-0.5703,0.2627
-0.5704,0.2627
-0.5704,0.2627
-0.5704,0.2627
-0.5704,0.2627
-0.5704,0.2627
-0.5704,0.2627
-0.5704,0.2627
-0.5704,0.2627
-0.5705,0.2627
-0.5705,0.2627
-0.5705,0.2627
-0.5705,0.2627
-0.5705,0.2627
-0.5706,0.2627
-0.5706,0.2627
-0.5706,0.2627
-0.5706,0.2627
-0.5706,0.2627
-0.5707,0.2627
-0.5707,0.2627
-0.5707,0.2627
-0.5707,0.2627
-0.5708,0.2627
-0.5708,0.2627
-0.5708,0.2627
-0.5708,0.2627
-0.5708,0.2627
-0.5708,0.2627
-0.5708,0.2627
-0.5709,0.2627
-0.5709,0.2627
-0.5709,0.2627
-0.5709,0.2627
-0.5709,0.2627
-0.5709,0.2627
-0.5710,0.2627
-0.5710,0.2627
-0.5710,0.2627
-0.5710,0.2627
-0.5710,0.2627
-0.5710,0.2627
-0.5711,0.2627
-0.5711,0.2627
-0.5711,0.2627
-0.5711,0.2627
-0.5712,0.2627
-0.5712,0.2627
-0.5712,0.2627
-0.5712,0.2627
-0.5712,0.2627
-0.5712,0.2627
-0.5712,0.2627
-0.5713,0.2627
-0.5713,0.2627
-0.5713,0.2627
-0.5713,0.2627
-0.5714,0.2627
-0.5714,0.2627
-0.5714,0.2627
-0.5714,0.2627
-0.5714,0.2627
-0.5715,0.2627
-0.5715,0.2627
-0.5715,0.2627
-0.5715,0.2627
-0.5716,0.2627
-0.5716,0.2627
-0.5716,0.2627
-0.5716,0.2627
-0.5716,0.2627
-0.5716,0.2627
-0.5716,0.2627
-0.5716,0.2627
-0.5716,0.2627
-0.5716,0.2627
-0.5716,0.2627
-0.5716,0.2627
-0.5716,0.2627
-0.5716,0.2627
-0.5716,0.2627
-0.5716,0.2627
-0.5716,0.2627
-0.5716,0.2627
-0.5716,0.2627
-0.5716,0.2627
-0.5716,0.2627
-0.5716,0.2627
-0.5716,0.2627
-0.5716,0.2627
-0.5716,0.2627
-0.5716,0.2627
-0.5716,0.2627
-0.5716,0.2627
-0.5716,0.2627
-0.5716,0.2627
-0.5716,0.2627
-0.5716,0.2627
-0.5716,0.2627
-0.5716,0.2627
-0.5716,0.2627
-0.5716,0.2627
-0.5716,0.2627
-0.5716,0.2627
-0.5716,0.2627
-0.5716,0.2627
-0.5716,0.2627
-0.5716,0.2627
-0.5716,0.2627
-0.5716,0.2627
-0.5716,0.2627
-0.5716,0.2627
-0.5716,0.2627
-0.5716,0.2627
-0.5716,0.2627
-0.5716,0.2627
-0.5716,0.2627
-0.5717,0.2627
-0.5717,0.2627
-0.5717,0.2627
-0.5717,0.2627
-0.5718,0.2627
-0.5718,0.2627
-0.5718,0.2627
-0.5718,0.2627
-0.5718,0.2627
-0.5718,0.2627
-0.5718,0.2627
-0.5719,0.2627
-0.5719,0.2627
-0.5719,0.2627
-0.5719,0.2627
-0.5719,0.2627
-0.5719,0.2627
-0.5719,0.2627
-0.5720,0.2627
-0.5720,0.2627
-0.5720,0.2627
-0.5720,0.2627
-0.5720,0.2627
-0.5720,0.2627
-0.5720,0.2627
-0.5720,0.2627
-0.5720,0.2627
-0.5721,0.2627
-0.5721,0.2627
-0.5721,0.2627
-0.5721,0.2627
-0.5721,0.2627
-0.5722,0.2627
-0.5722,0.2627
-0.5722,0.2627
-0.5722,0.2627
-0.5722,0.2627
-0.5723,0.2627
-0.5723,0.2627
-0.5723,0.2627
-0.5723,0.2627
-0.5723,0.2627
-0.5723,0.2627
-0.5724,0.2627
-0.5724,0.2627
-0.5724,0.2627
-0.5724,0.2627
-0.5724,0.2627
-0.5725,0.2627
-0.5725,0.2627
-0.5725,0.2627
-0.5725,0.2627
-0.5726,0.2627
-0.5726,0.2627
-0.5726,0.2627
-0.5726,0.2627
-0.5726,0.2627
-0.5727,0.2627
-0.5727,0.2627
-0.5727,0.2627
-0.5727,0.2627
-0.5728,0.2627
-0.5728,0.2627
-0.5728,0.2627
-0.5728,0.2627
-0.5728,0.2627
-0.5728,0.2627
-0.5728,0.2627
-0.5728,0.2627
-0.5729,0.2627
-0.5729,0.2627
-0.5729,0.2627
-0.5729,0.2627
-0.5729,0.2627
-0.5730,0.2627
-0.5730,0.2627
-0.5730,0.2627
-0.5730,0.2627
-0.5730,0.2627
-0.5730,0.2627
-0.5730,0.2627
-0.5731,0.2627
-0.5731,0.2627
-0.5731,0.2627
-0.5731,0.2627
-0.5731,0.2627
-0.5731,0.2627
-0.5731,0.2627
-0.5731,0.2627
-0.5732,0.2627
-0.5732,0.2627
-0.5732,0.2627
-0.5732,0.2627
-0.5732,0.2627
-0.5732,0.2627
-0.5732,0.2627
-0.5733,0.2627
-0.5733,0.2627
-0.5733,0.2627
-0.5733,0.2627
-0.5733,0.2627
-0.5733,0.2627
-0.5733,0.2627
-0.5733,0.2627
-0.5733,0.2627
-0.5733,0.2627
-0.5733,0.2627
-0.5733,0.2627
-0.5733,0.2627
-0.5734,0.2627
-0.5734,0.2627
-0.5734,0.2627
-0.5734,0.2627
-0.5734,0.2627
-0.5734,0.2627
-0.5734,0.2627
-0.5734,0.2627
-0.5735,0.2627
-0.5735,0.2627
-0.5735,0.2627
-0.5735,0.2627
-0.5735,0.2627
-0.5735,0.2627
-0.5735,0.2627
-0.5736,0.2627
-0.5736,0.2627
-0.5736,0.2627
-0.5736,0.2627
-0.5736,0.2627
-0.5736,0.2627
-0.5736,0.2627
-0.5736,0.2627
-0.5737,0.2627
-0.5737,0.2627
-0.5737,0.2627
-0.5737,0.2627
-0.5737,0.2627
-0.5737,0.2627
-0.5737,0.2627
-0.5738,0.2627
-0.5738,0.2627
-0.5738,0.2627
-0.5738,0.2627
-0.5738,0.2627
-0.5739,0.2627
-0.5739,0.2627
-0.5739,0.2627
-0.5739,0.2627
-0.5739,0.2627
-0.5740,0.2627
-0.5740,0.2627
-0.5740,0.2627
-0.5740,0.2627
-0.5740,0.2627
-0.5740,0.2627
-0.5740,0.2627
-0.5741,0.2628
-0.5741,0.2628
-0.5741,0.2628
-0.5741,0.2628
-0.5741,0.2628
-0.5742,0.2628
-0.5742,0.2628
-0.5742,0.2628
-0.5742,0.2628
-0.5742,0.2628
-0.5743,0.2628
-0.5743,0.2628
-0.5743,0.2628
-0.5743,0.2628
-0.5743,0.2628
-0.5743,0.2628
-0.5744,0.2628
-0.5744,0.2628
-0.5744,0.2628
-0.5744,0.2628
-0.5744,0.2628
-0.5744,0.2628
-0.5744,0.2628
-0.5744,0.2628
-0.5744,0.2628
-0.5744,0.2628
-0.5744,0.2628
-0.5744,0.2628
-0.5744,0.2628
-0.5744,0.2628
-0.5744,0.2628
-0.5744,0.2628
-0.5744,0.2628
-0.5744,0.2628
-0.5744,0.2628
-0.5744,0.2628
-0.5744,0.2628
-0.5744,0.2628
-0.5744,0.2628
-0.5744,0.2628
-0.5744,0.2628
-0.5744,0.2628
-0.5744,0.2628
-0.5744,0.2628
-0.5744,0.2628
-0.5744,0.2628
-0.5744,0.2628
-0.5744,0.2628
-0.5744,0.2628
-0.5744,0.2628
-0.5744,0.2628
-0.5744,0.2628
-0.5744,0.2628
-0.5744,0.2628
-0.5744,0.2628
-0.5744,0.2628
-0.5744,0.2628
-0.5744,0.2628
-0.5744,0.2628
-0.5744,0.2628
-0.5744,0.2628
-0.5744,0.2628
-0.5744,0.2628
-0.5744,0.2628
-0.5744,0.2628
-0.5744,0.2628
-0.5744,0.2628
-0.5745,0.2628
-0.5745,0.2628
-0.5745,0.2628
-0.5745,0.2628
-0.5745,0.2628
-0.5746,0.2628
-0.5746,0.2628
-0.5746,0.2628
-0.5746,0.2628
-0.5746,0.2628
-0.5747,0.2628
-0.5747,0.2628
-0.5747,0.2628
-0.5747,0.2628
-0.5748,0.2628
-0.5748,0.2628
-0.5748,0.2628
-0.5748,0.2628
-0.5748,0.2628
-0.5748,0.2628
-0.5749,0.2628
-0.5749,0.2628
-0.5749,0.2628
-0.5749,0.2628
-0.5749,0.2628
-0.5750,0.2628
-0.5750,0.2628
-0.5750,0.2628
-0.5750,0.2628
-0.5751,0.2628
-0.5751,0.2628
-0.5751,0.2628
-0.5751,0.2628
-0.5751,0.2628
-0.5751,0.2628
-0.5752,0.2628
-0.5752,0.2628
-0.5752,0.2628
-0.5752,0.2628
-0.5752,0.2628
-0.5752,0.2628
-0.5752,0.2628
-0.5753,0.2628
-0.5753,0.2628
-0.5753,0.2628
-0.5753,0.2628
-0.5753,0.2628
-0.5753,0.2628
-0.5754,0.2628
-0.5754,0.2628
-0.5754,0.2628
-0.5754,0.2628
-0.5754,0.2628
-0.5754,0.2628
-0.5755,0.2628
-0.5755,0.2628
-0.5755,0.2628
-0.5755,0.2628
-0.5755,0.2628
-0.5755,0.2628
-0.5755,0.2628
-0.5755,0.2628
-0.5755,0.2628
-0.5756,0.2628
-0.5756,0.2628
-0.5756,0.2628
-0.5756,0.2628
-0.5756,0.2628
-0.5756,0.2628
-0.5757,0.2628
-0.5757,0.2628
-0.5757,0.2628
-0.5757,0.2628
-0.5757,0.2628
-0.5757,0.2628
-0.5757,0.2628
-0.5757,0.2628
-0.5758,0.2628
-0.5758,0.2628
-0.5758,0.2628
-0.5758,0.2628
-0.5758,0.2628
-0.5758,0.2628
-0.5758,0.2628
-0.5758,0.2628
-0.5758,0.2628
-0.5759,0.2628
-0.5759,0.2628
-0.5759,0.2628
-0.5759,0.2628
-0.5759,0.2628
-0.5760,0.2628
-0.5760,0.2628
-0.5760,0.2628
-0.5760,0.2628
-0.5760,0.2628
-0.5760,0.2628
-0.5760,0.2628
-0.5761,0.2628
-0.5761,0.2628
-0.5761,0.2628
-0.5761,0.2628
-0.5761,0.2628
-0.5761,0.2628
-0.5761,0.2628
-0.5761,0.2628
-0.5762,0.2628
-0.5762,0.2628
-0.5762,0.2628
-0.5762,0.2628
-0.5762,0.2628
-0.5762,0.2628
-0.5763,0.2628
-0.5763,0.2628
-0.5763,0.2628
-0.5763,0.2628
-0.5763,0.2628
-0.5763,0.2628
-0.5764,0.2628
-0.5764,0.2628
-0.5764,0.2628
-0.5764,0.2628
-0.5764,0.2628
-0.5764,0.2628
-0.5764,0.2628
-0.5765,0.2628
-0.5765,0.2628
-0.5765,0.2628
-0.5765,0.2628
-0.5765,0.2628
-0.5765,0.2628
-0.5765,0.2628
-0.5765,0.2628
-0.5765,0.2628
-0.5765,0.2628
-0.5765,0.2628
-0.5766,0.2628
-0.5766,0.2628
-0.5766,0.2628
-0.5766,0.2628
-0.5766,0.2628
-0.5766,0.2628
-0.5766,0.2628
-0.5766,0.2628
-0.5767,0.2628
-0.5767,0.2628
-0.5767,0.2628
-0.5767,0.2628
-0.5767,0.2628
-0.5767,0.2628
-0.5767,0.2628
-0.5767,0.2628
-0.5767,0.2628
-0.5767,0.2628
-0.5767,0.2628
-0.5768,0.2628
-0.5768,0.2628
-0.5768,0.2628
-0.5768,0.2628
-0.5768,0.2628
-0.5768,0.2628
-0.5769,0.2628
-0.5769,0.2628
-0.5769,0.2628
-0.5769,0.2628
-0.5769,0.2628
-0.5770,0.2628
-0.5770,0.2628
-0.5770,0.2628
-0.5770,0.2628
-0.5770,0.2628
-0.5770,0.2628
-0.5770,0.2628
-0.5770,0.2628
-0.5770,0.2628
-0.5770,0.2628
-0.5770,0.2628
-0.5770,0.2628
-0.5770,0.2628
-0.5770,0.2628
-0.5770,0.2628
-0.5770,0.2628
-0.5770,0.2628
-0.5770,0.2628
-0.5770,0.2628
-0.5770,0.2628
-0.5770,0.2628
-0.5770,0.2628
-0.5770,0.2628
-0.5770,0.2628
-0.5770,0.2628
-0.5770,0.2628
-0.5770,0.2628
-0.5770,0.2628
-0.5770,0.2628
-0.5770,0.2628
-0.5770,0.2628
-0.5770,0.2628
-0.5770,0.2628
-0.5770,0.2628
-0.5770,0.2628
-0.5770,0.2628
-0.5770,0.2628
-0.5770,0.2628
-0.5770,0.2628
-0.5770,0.2628
-0.5770,0.2628
-0.5770,0.2628
-0.5770,0.2628
-0.5770,0.2628
-0.5770,0.2628
-0.5770,0.2628
-0.5770,0.2628
-0.5770,0.2628
-0.5770,0.2628
-0.5770,0.2628
-0.5770,0.2628
-0.5771,0.2628
-0.5771,0.2628
-0.5771,0.2628
-0.5771,0.2628
-0.5771,0.2628
-0.5772,0.2628
-0.5772,0.2628
-0.5772,0.2628
-0.5772,0.2628
-0.5772,0.2628
-0.5772,0.2628
-0.5773,0.2628
-0.5773,0.2628
-0.5773,0.2628
-0.5773,0.2628
-0.5773,0.2628
-0.5773,0.2628
-0.5774,0.2628
-0.5774,0.2628
-0.5774,0.2628
-0.5774,0.2628
-0.5774,0.2628
-0.5774,0.2628
-0.5774,0.2628
-0.5774,0.2628
-0.5775,0.2628
-0.5775,0.2628
-0.5775,0.2628
-0.5775,0.2628
-0.5775,0.2628
-0.5775,0.2628
-0.5776,0.2628
-0.5776,0.2628
-0.5776,0.2628
-0.5776,0.2628
-0.5776,0.2628
-0.5777,0.2628
-0.5777,0.2628
-0.5777,0.2628
-0.5777,0.2628
-0.5777,0.2628
-0.5777,0.2628
-0.5777,0.2628
-0.5777,0.2628
-0.5778,0.2628
-0.5778,0.2628
-0.5778,0.2628
-0.5778,0.2628
-0.5778,0.2628
-0.5778,0.2628
-0.5779,0.2628
-0.5779,0.2628
-0.5779,0.2628
-0.5779,0.2628
-0.5779,0.2628
-0.5779,0.2628
-0.5780,0.2628
-0.5780,0.2628
-0.5780,0.2628
-0.5780,0.2628
-0.5780,0.2628
-0.5780,0.2628
-0.5781,0.2628
-0.5781,0.2628
-0.5781,0.2628
-0.5781,0.2628
-0.5781,0.2628
-0.5781,0.2628
-0.5781,0.2628
-0.5782,0.2628
-0.5782,0.2628
-0.5782,0.2628
-0.5782,0.2628
-0.5782,0.2628
-0.5782,0.2628
-0.5783,0.2628
-0.5783,0.2628
-0.5783,0.2628
-0.5783,0.2628
-0.5783,0.2628
-0.5783,0.2628
-0.5784,0.2628
-0.5784,0.2628
-0.5784,0.2628
-0.5784,0.2628
-0.5784,0.2628
-0.5784,0.2628
-0.5784,0.2628
-0.5785,0.2628
-0.5785,0.2628
-0.5785,0.2628
-0.5785,0.2628
-0.5785,0.2628
-0.5786,0.2628
-0.5786,0.2628
-0.5786,0.2628
-0.5786,0.2628
-0.5786,0.2628
-0.5787,0.2628
-0.5787,0.2628
-0.5787,0.2628
-0.5787,0.2628
-0.5787,0.2628
-0.5788,0.2628
-0.5788,0.2628
-0.5788,0.2628
-0.5788,0.2628
-0.5788,0.2628
-0.5788,0.2628
-0.5788,0.2628
-0.5789,0.2628
-0.5789,0.2628
-0.5789,0.2628
-0.5789,0.2628
-0.5790,0.2628
-0.5790,0.2628
-0.5790,0.2628
-0.5790,0.2628
-0.5790,0.2628
-0.5791,0.2628
-0.5791,0.2628
-0.5791,0.2629
-0.5791,0.2629
-0.5791,0.2629
-0.5791,0.2629
-0.5791,0.2629
-0.5791,0.2628
-0.5792,0.2628
-0.5792,0.2628
-0.5792,0.2628
-0.5792,0.2628
-0.5792,0.2628
-0.5792,0.2628
-0.5792,0.2628
-0.5792,0.2628
-0.5792,0.2628
-0.5792,0.2628
-0.5793,0.2629
-0.5793,0.2629
-0.5793,0.2629
-0.5793,0.2629
-0.5793,0.2629
-0.5793,0.2629
-0.5793,0.2628
-0.5793,0.2628
-0.5794,0.2628
-0.5794,0.2629
-0.5794,0.2629
-0.5794,0.2629
-0.5794,0.2629
-0.5794,0.2629
-0.5794,0.2629
-0.5794,0.2629
-0.5794,0.2629
-0.5794,0.2629
-0.5794,0.2628
-0.5794,0.2628
-0.5795,0.2629
-0.5795,0.2629
-0.5795,0.2629
-0.5795,0.2629
-0.5795,0.2629
-0.5795,0.2629
-0.5795,0.2629
-0.5795,0.2629
-0.5796,0.2629
-0.5796,0.2629
-0.5796,0.2629
-0.5796,0.2629
-0.5796,0.2629
-0.5796,0.2629
-0.5796,0.2629
-0.5796,0.2629
-0.5796,0.2629
-0.5796,0.2629
-0.5796,0.2629
-0.5796,0.2629
-0.5796,0.2629
-0.5796,0.2629
-0.5796,0.2629
-0.5796,0.2629
-0.5796,0.2629
-0.5796,0.2629
-0.5796,0.2629
-0.5796,0.2629
-0.5796,0.2629
-0.5796,0.2629
-0.5796,0.2629
-0.5796,0.2629
-0.5796,0.2629
-0.5796,0.2629
-0.5796,0.2629
-0.5796,0.2629
-0.5796,0.2629
-0.5796,0.2629
-0.5796,0.2629
-0.5796,0.2629
-0.5796,0.2629
-0.5796,0.2629
-0.5796,0.2629
-0.5796,0.2629
-0.5796,0.2629
-0.5796,0.2629
-0.5796,0.2629
-0.5796,0.2629
-0.5796,0.2629
-0.5796,0.2629
-0.5796,0.2629
-0.5796,0.2629
-0.5796,0.2629
-0.5796,0.2629
-0.5796,0.2629
-0.5796,0.2629
-0.5796,0.2629
-0.5796,0.2629
-0.5796,0.2629
-0.5796,0.2629
-0.5796,0.2629
-0.5796,0.2629
-0.5797,0.2629
-0.5797,0.2629
-0.5797,0.2629
-0.5797,0.2629
-0.5797,0.2628
-0.5797,0.2628
-0.5797,0.2628
-0.5797,0.2629
-0.5797,0.2629
-0.5797,0.2629
-0.5797,0.2629
-0.5798,0.2629
-0.5798,0.2629
-0.5798,0.2629
-0.5798,0.2629
-0.5798,0.2629
-0.5798,0.2629
-0.5798,0.2629
-0.5798,0.2629
-0.5798,0.2629
-0.5798,0.2629
-0.5798,0.2629
-0.5798,0.2629
-0.5798,0.2629
-0.5798,0.2629
-0.5798,0.2629
-0.5799,0.2629
-0.5799,0.2629
-0.5799,0.2629
-0.5799,0.2629
-0.5799,0.2629
-0.5799,0.2629
-0.5799,0.2629
-0.5800,0.2629
-0.5800,0.2629
-0.5800,0.2629
-0.5800,0.2629
-0.5800,0.2629
-0.5800,0.2629
-0.5801,0.2629
-0.5801,0.2629
-0.5801,0.2629
-0.5801,0.2629
-0.5801,0.2629
-0.5801,0.2629
-0.5801,0.2629
-0.5801,0.2629
-0.5802,0.2629
-0.5802,0.2629
-0.5802,0.2629
-0.5802,0.2629
-0.5802,0.2629
-0.5802,0.2629
-0.5802,0.2629
-0.5803,0.2629
-0.5803,0.2629
-0.5803,0.2629
-0.5803,0.2629
-0.5803,0.2629
-0.5803,0.2629
-0.5803,0.2629
-0.5803,0.2629
-0.5803,0.2629
-0.5804,0.2629
-0.5804,0.2629
-0.5804,0.2629
-0.5804,0.2629
-0.5804,0.2629
-0.5804,0.2629
-0.5804,0.2629
-0.5804,0.2629
-0.5804,0.2629
-0.5805,0.2629
-0.5805,0.2629
-0.5805,0.2629
-0.5805,0.2629
-0.5805,0.2629
-0.5805,0.2629
-0.5805,0.2629
-0.5805,0.2629
-0.5805,0.2629
-0.5806,0.2629
-0.5806,0.2629
-0.5806,0.2629
-0.5806,0.2629
-0.5806,0.2629
-0.5806,0.2629
-0.5806,0.2629
-0.5806,0.2629
-0.5806,0.2629
-0.5807,0.2629
-0.5807,0.2629
-0.5807,0.2629
-0.5807,0.2629
-0.5807,0.2629
-0.5807,0.2629
-0.5807,0.2629
-0.5807,0.2629
-0.5807,0.2629
-0.5807,0.2629
-0.5808,0.2629
-0.5808,0.2629
-0.5808,0.2629
-0.5808,0.2629
-0.5808,0.2629
-0.5808,0.2629
-0.5808,0.2629
-0.5808,0.2629
-0.5808,0.2629
-0.5808,0.2629
-0.5808,0.2629
-0.5808,0.2629
-0.5808,0.2629
-0.5808,0.2629
-0.5809,0.2629
-0.5809,0.2629
-0.5809,0.2629
-0.5809,0.2629
-0.5809,0.2629
-0.5809,0.2629
-0.5809,0.2629
-0.5809,0.2629
-0.5809,0.2629
-0.5809,0.2629
-0.5809,0.2629
-0.5809,0.2629
-0.5809,0.2629
-0.5810,0.2629
-0.5810,0.2629
-0.5810,0.2629
-0.5810,0.2629
-0.5810,0.2629
-0.5810,0.2629
-0.5810,0.2629
-0.5810,0.2629
-0.5810,0.2629
-0.5810,0.2629
-0.5811,0.2629
-0.5811,0.2629
-0.5811,0.2629
-0.5811,0.2629
-0.5811,0.2629
-0.5811,0.2629
-0.5811,0.2629
-0.5811,0.2629
-0.5811,0.2629
-0.5811,0.2629
-0.5811,0.2629
-0.5812,0.2629
-0.5812,0.2629
-0.5812,0.2629
-0.5812,0.2629
-0.5812,0.2629
-0.5812,0.2629
-0.5812,0.2629
-0.5812,0.2629
-0.5812,0.2629
-0.5813,0.2629
-0.5813,0.2629
-0.5813,0.2629
-0.5813,0.2629
-0.5813,0.2629
-0.5813,0.2629
-0.5814,0.2629
-0.5814,0.2629
-0.5814,0.2629
-0.5814,0.2629
-0.5814,0.2629
-0.5814,0.2629
-0.5814,0.2629
-0.5814,0.2629
-0.5815,0.2629
-0.5815,0.2629
-0.5815,0.2629
-0.5815,0.2629
-0.5815,0.2629
-0.5815,0.2629
-0.5815,0.2629
-0.5815,0.2629
-0.5815,0.2629
-0.5815,0.2629
-0.5815,0.2629
-0.5815,0.2629
-0.5815,0.2629
-0.5815,0.2629
-0.5815,0.2629
-0.5815,0.2629
-0.5815,0.2629
-0.5815,0.2629
-0.5815,0.2629
-0.5815,0.2629
-0.5815,0.2629
-0.5815,0.2629
-0.5815,0.2629
-0.5815,0.2629
-0.5815,0.2629
-0.5815,0.2629
-0.5815,0.2629
-0.5815,0.2629
-0.5815,0.2629
-0.5815,0.2629
-0.5815,0.2629
-0.5815,0.2629
-0.5815,0.2629
-0.5815,0.2629
-0.5815,0.2629
-0.5815,0.2629
-0.5815,0.2629
-0.5815,0.2629
-0.5815,0.2629
-0.5815,0.2629
-0.5815,0.2629
-0.5815,0.2629
-0.5815,0.2629
-0.5815,0.2629
-0.5815,0.2629
-0.5815,0.2629
-0.5815,0.2629
-0.5815,0.2629
-0.5815,0.2629
-0.5815,0.2629
-0.5815,0.2629
-0.5815,0.2629
-0.5815,0.2629
-0.5815,0.2629
-0.5815,0.2629
-0.5815,0.2629
-0.5815,0.2629
-0.5816,0.2629
-0.5816,0.2629
-0.5816,0.2629
-0.5816,0.2629
-0.5816,0.2629
-0.5816,0.2629
-0.5816,0.2629
-0.5816,0.2629
-0.5816,0.2629
-0.5816,0.2629
-0.5817,0.2629
-0.5817,0.2629
-0.5817,0.2629
-0.5817,0.2629
-0.5817,0.2629
-0.5817,0.2629
-0.5817,0.2629
-0.5817,0.2629
-0.5817,0.2629
-0.5817,0.2629
-0.5818,0.2629
-0.5818,0.2629
-0.5818,0.2629
-0.5818,0.2629
-0.5818,0.2629
-0.5818,0.2629
-0.5818,0.2629
-0.5818,0.2629
-0.5819,0.2629
-0.5819,0.2629
-0.5819,0.2629
-0.5819,0.2629
-0.5819,0.2629
-0.5819,0.2629
-0.5819,0.2629
-0.5819,0.2629
-0.5819,0.2629
-0.5819,0.2629
-0.5819,0.2629
-0.5820,0.2629
-0.5820,0.2629
-0.5820,0.2629
-0.5820,0.2629
-0.5820,0.2629
-0.5820,0.2629
-0.5820,0.2629
-0.5820,0.2629
-0.5820,0.2629
-0.5820,0.2629
-0.5821,0.2629
-0.5821,0.2629
-0.5821,0.2629
-0.5821,0.2629
-0.5821,0.2629
-0.5821,0.2629
-0.5821,0.2629
-0.5821,0.2629
-0.5821,0.2629
-0.5821,0.2629
-0.5821,0.2629
-0.5821,0.2629
-0.5822,0.2629
-0.5822,0.2629
-0.5822,0.2629
-0.5822,0.2629
-0.5822,0.2629
-0.5822,0.2629
-0.5822,0.2629
-0.5822,0.2629
-0.5822,0.2629
-0.5822,0.2629
-0.5822,0.2629
-0.5823,0.2629
-0.5823,0.2629
-0.5823,0.2629
-0.5823,0.2629
-0.5823,0.2629
-0.5823,0.2629
-0.5823,0.2629
-0.5823,0.2629
-0.5823,0.2629
-0.5823,0.2629
-0.5823,0.2629
-0.5823,0.2629
-0.5823,0.2629
-0.5823,0.2629
-0.5823,0.2629
-0.5823,0.2629
-0.5823,0.2629
-0.5824,0.2629
-0.5824,0.2629
-0.5824,0.2629
-0.5824,0.2629
-0.5824,0.2629
-0.5824,0.2629
-0.5824,0.2629
-0.5824,0.2629
-0.5824,0.2629
-0.5825,0.2629
-0.5825,0.2629
-0.5825,0.2629
-0.5825,0.2629
-0.5825,0.2629
-0.5825,0.2629
-0.5825,0.2629
-0.5825,0.2629
-0.5825,0.2629
-0.5825,0.2629
-0.5826,0.2629
-0.5826,0.2629
-0.5826,0.2629
-0.5826,0.2629
-0.5826,0.2629
-0.5826,0.2629
-0.5826,0.2629
-0.5826,0.2629
-0.5826,0.2629
-0.5827,0.2629
-0.5827,0.2629
-0.5827,0.2629
-0.5827,0.2629
-0.5827,0.2629
-0.5827,0.2629
-0.5827,0.2629
-0.5827,0.2629
-0.5827,0.2629
-0.5827,0.2629
-0.5827,0.2629
-0.5827,0.2629
-0.5827,0.2629
-0.5827,0.2629
-0.5828,0.2629
-0.5828,0.2629
-0.5828,0.2629
-0.5828,0.2629
-0.5828,0.2629
-0.5828,0.2629
-0.5828,0.2629
-0.5828,0.2629
-0.5828,0.2629
-0.5829,0.2629
-0.5829,0.2629
-0.5829,0.2629
-0.5829,0.2629
-0.5829,0.2629
-0.5829,0.2629
-0.5829,0.2629
-0.5829,0.2629
-0.5829,0.2629
-0.5829,0.2629
-0.5829,0.2629
-0.5829,0.2629
-0.5830,0.2629
-0.5830,0.2629
-0.5830,0.2629
-0.5830,0.2629
-0.5830,0.2629
-0.5830,0.2629
-0.5830,0.2629
-0.5830,0.2629
-0.5830,0.2629
-0.5830,0.2629
-0.5830,0.2629
-0.5830,0.2629
-0.5830,0.2629
-0.5830,0.2629
-0.5830,0.2629
-0.5830,0.2629
-0.5830,0.2629
-0.5830,0.2629
-0.5830,0.2629
-0.5830,0.2629
-0.5830,0.2629
-0.5830,0.2629
-0.5830,0.2629
-0.5830,0.2629
-0.5830,0.2629
-0.5830,0.2629
-0.5830,0.2629
-0.5830,0.2629
-0.5830,0.2629
-0.5830,0.2629
-0.5830,0.2629
-0.5830,0.2629
-0.5830,0.2629
-0.5830,0.2629
-0.5830,0.2629
-0.5830,0.2629
-0.5830,0.2629
-0.5830,0.2629
-0.5830,0.2629
-0.5830,0.2629
-0.5830,0.2629
-0.5830,0.2629
-0.5830,0.2629
-0.5830,0.2629
-0.5830,0.2629
-0.5830,0.2629
-0.5830,0.2629
-0.5830,0.2629
-0.5830,0.2629
-0.5830,0.2629
-0.5830,0.2629
-0.5830,0.2629
-0.5830,0.2629
-0.5830,0.2629
-0.5830,0.2629
-0.5830,0.2629
-0.5830,0.2629
-0.5830,0.2629
-0.5830,0.2629
-0.5830,0.2629
-0.5831,0.2629
-0.5831,0.2629
-0.5831,0.2629
-0.5831,0.2629
-0.5831,0.2629
-0.5831,0.2629
-0.5831,0.2629
-0.5832,0.2629
-0.5832,0.2629
-0.5832,0.2629
-0.5832,0.2629
-0.5832,0.2629
-0.5832,0.2629
-0.5832,0.2629
-0.5832,0.2629
-0.5833,0.2629
-0.5833,0.2629
-0.5833,0.2629
-0.5833,0.2629
-0.5833,0.2629
-0.5833,0.2629
-0.5833,0.2629
-0.5833,0.2629
-0.5833,0.2629
-0.5834,0.2629
-0.5834,0.2629
-0.5834,0.2629
-0.5834,0.2629
-0.5834,0.2629
-0.5834,0.2629
-0.5834,0.2629
-0.5835,0.2629
-0.5835,0.2629
-0.5835,0.2629
-0.5835,0.2629
-0.5835,0.2629
-0.5835,0.2629
-0.5836,0.2629
-0.5836,0.2629
-0.5836,0.2629
-0.5836,0.2629
-0.5836,0.2629
-0.5836,0.2629
-0.5836,0.2629
-0.5836,0.2629
-0.5836,0.2629
-0.5837,0.2629
-0.5837,0.2629
-0.5837,0.2629
-0.5837,0.2629
-0.5837,0.2629
-0.5837,0.2629
-0.5837,0.2629
-0.5838,0.2629
-0.5838,0.2629
-0.5838,0.2629
-0.5838,0.2629
-0.5838,0.2629
-0.5839,0.2629
-0.5839,0.2629
-0.5839,0.2629
-0.5839,0.2629
-0.5839,0.2629
-0.5839,0.2629
-0.5839,0.2629
-0.5839,0.2629
-0.5840,0.2629
-0.5840,0.2629
-0.5840,0.2629
-0.5840,0.2629
-0.5840,0.2629
-0.5841,0.2629
-0.5841,0.2629
-0.5841,0.2629
-0.5841,0.2629
-0.5841,0.2629
-0.5841,0.2629
-0.5841,0.2629
-0.5842,0.2629
-0.5842,0.2629
-0.5842,0.2629
-0.5842,0.2629
-0.5842,0.2629
-0.5842,0.2629
-0.5843,0.2629
-0.5843,0.2629
-0.5843,0.2629
-0.5843,0.2629
-0.5843,0.2629
-0.5843,0.2629
-0.5843,0.2629
-0.5843,0.2629
-0.5844,0.2629
-0.5844,0.2629
-0.5844,0.2629
-0.5844,0.2629
-0.5844,0.2629
-0.5844,0.2629
-0.5844,0.2629
-0.5845,0.2629
-0.5845,0.2629
-0.5845,0.2629
-0.5845,0.2629
-0.5845,0.2629
-0.5845,0.2629
-0.5845,0.2629
-0.5845,0.2629
-0.5845,0.2629
-0.5845,0.2629
-0.5845,0.2629
-0.5846,0.2629
-0.5846,0.2629
-0.5846,0.2629
-0.5846,0.2629
-0.5846,0.2629
-0.5846,0.2629
-0.5846,0.2629
-0.5846,0.2629
-0.5846,0.2629
-0.5846,0.2629
-0.5847,0.2629
-0.5847,0.2629
-0.5847,0.2629
-0.5847,0.2629
-0.5847,0.2629
-0.5847,0.2629
-0.5847,0.2629
-0.5847,0.2629
-0.5847,0.2629
-0.5848,0.2629
-0.5848,0.2629
-0.5848,0.2629
-0.5848,0.2629
-0.5848,0.2629
-0.5848,0.2629
-0.5848,0.2629
-0.5848,0.2629
-0.5848,0.2629
-0.5848,0.2629
-0.5848,0.2629
-0.5849,0.2629
-0.5849,0.2629
-0.5849,0.2629
-0.5849,0.2629
-0.5849,0.2629
-0.5849,0.2629
-0.5849,0.2629
-0.5849,0.2629
-0.5849,0.2629
-0.5850,0.2629
-0.5850,0.2629
-0.5850,0.2629
-0.5850,0.2629
-0.5850,0.2629
-0.5850,0.2629
-0.5850,0.2629
-0.5850,0.2629
-0.5850,0.2629
-0.5850,0.2629
-0.5850,0.2629
-0.5850,0.2629
-0.5851,0.2629
-0.5851,0.2629
-0.5851,0.2629
-0.5851,0.2629
-0.5851,0.2629
-0.5851,0.2629
-0.5851,0.2629
-0.5851,0.2629
-0.5851,0.2629
-0.5851,0.2629
-0.5852,0.2629
-0.5852,0.2629
-0.5852,0.2629
-0.5852,0.2629
-0.5852,0.2629
-0.5852,0.2629
-0.5852,0.2629
-0.5852,0.2629
-0.5852,0.2629
-0.5852,0.2629
-0.5852,0.2629
-0.5852,0.2629
-0.5852,0.2629
-0.5852,0.2629
-0.5852,0.2629
-0.5852,0.2629
-0.5852,0.2629
-0.5852,0.2629
-0.5852,0.2629
-0.5852,0.2629
-0.5852,0.2629
-0.5852,0.2629
-0.5852,0.2629
-0.5852,0.2629
-0.5852,0.2629
-0.5852,0.2629
-0.5852,0.2629
-0.5852,0.2629
-0.5852,0.2629
-0.5852,0.2629
-0.5852,0.2629
-0.5852,0.2629
-0.5852,0.2629
-0.5852,0.2629
-0.5852,0.2629
-0.5852,0.2629
-0.5852,0.2629
-0.5852,0.2629
-0.5852,0.2629
-0.5852,0.2629
-0.5852,0.2629
-0.5852,0.2629
-0.5852,0.2629
-0.5852,0.2629
-0.5852,0.2629
-0.5852,0.2629
-0.5852,0.2629
-0.5852,0.2629
-0.5852,0.2629
-0.5852,0.2629
-0.5852,0.2629
-0.5852,0.2629
-0.5852,0.2629
-0.5852,0.2629
-0.5852,0.2629
-0.5853,0.2629
-0.5853,0.2629
-0.5853,0.2629
-0.5853,0.2629
-0.5853,0.2629
-0.5853,0.2629
-0.5853,0.2629
-0.5853,0.2629
-0.5853,0.2629
-0.5853,0.2629
-0.5854,0.2629
-0.5854,0.2629
-0.5854,0.2629
-0.5854,0.2629
-0.5854,0.2629
-0.5854,0.2629
-0.5854,0.2629
-0.5854,0.2629
-0.5854,0.2629
-0.5855,0.2629
-0.5855,0.2629
-0.5855,0.2629
-0.5855,0.2629
-0.5855,0.2629
-0.5855,0.2629
-0.5855,0.2629
-0.5856,0.2629
-0.5856,0.2629
-0.5856,0.2629
-0.5856,0.2629
-0.5856,0.2629
-0.5856,0.2629
-0.5856,0.2629
-0.5856,0.2629
-0.5856,0.2629
-0.5856,0.2629
-0.5856,0.2629
-0.5856,0.2629
-0.5857,0.2629
-0.5857,0.2629
-0.5857,0.2629
-0.5857,0.2629
-0.5857,0.2629
-0.5857,0.2629
-0.5857,0.2629
-0.5857,0.2629
-0.5857,0.2629
-0.5857,0.2629
-0.5857,0.2629
-0.5857,0.2629
-0.5857,0.2629
-0.5857,0.2629
-0.5857,0.2629
-0.5857,0.2629
-0.5858,0.2629
-0.5858,0.2629
-0.5858,0.2629
-0.5858,0.2629
-0.5858,0.2629
-0.5858,0.2629
-0.5858,0.2629
-0.5858,0.2629
-0.5858,0.2629
-0.5858,0.2629
-0.5858,0.2629
-0.5859,0.2629
-0.5859,0.2629
-0.5859,0.2629
-0.5859,0.2629
-0.5859,0.2629
-0.5859,0.2629
-0.5859,0.2629
-0.5859,0.2629
-0.5859,0.2629
-0.5859,0.2629
-0.5860,0.2629
-0.5860,0.2629
-0.5860,0.2629
-0.5860,0.2629
-0.5860,0.2629
-0.5860,0.2629
-0.5860,0.2629
-0.5860,0.2629
-0.5860,0.2629
-0.5860,0.2629
-0.5860,0.2629
-0.5860,0.2629
-0.5860,0.2629
-0.5861,0.2629
-0.5861,0.2629
-0.5861,0.2629
-0.5861,0.2629
-0.5861,0.2629
-0.5861,0.2629
-0.5861,0.2629
-0.5861,0.2629
-0.5861,0.2629
-0.5861,0.2629
-0.5862,0.2629
-0.5862,0.2629
-0.5862,0.2629
-0.5862,0.2629
-0.5862,0.2629
-0.5862,0.2629
-0.5862,0.2629
-0.5862,0.2629
-0.5862,0.2629
-0.5862,0.2629
-0.5862,0.2629
-0.5862,0.2629
-0.5862,0.2629
-0.5862,0.2629
-0.5863,0.2629
-0.5863,0.2629
-0.5863,0.2629
-0.5863,0.2629
-0.5863,0.2629
-0.5863,0.2629
-0.5863,0.2629
-0.5863,0.2629
-0.5863,0.2629
-0.5863,0.2629
-0.5863,0.2629
-0.5863,0.2629
-0.5863,0.2629
-0.5863,0.2629
-0.5864,0.2629
-0.5864,0.2629
-0.5864,0.2629
-0.5864,0.2629
-0.5864,0.2629
-0.5864,0.2629
-0.5864,0.2629
-0.5865,0.2629
-0.5865,0.2629
-0.5865,0.2629
-0.5865,0.2629
-0.5865,0.2629
-0.5865,0.2629
-0.5865,0.2629
-0.5866,0.2629
-0.5866,0.2629
-0.5866,0.2629
-0.5866,0.2629
-0.5866,0.2629
-0.5866,0.2629
-0.5866,0.2629
-0.5866,0.2629
-0.5866,0.2629
-0.5867,0.2629
-0.5867,0.2629
-0.5867,0.2629
-0.5867,0.2629
-0.5867,0.2629
-0.5867,0.2629
-0.5867,0.2629
-0.5868,0.2629
-0.5868,0.2629
-0.5868,0.2629
-0.5868,0.2629
-0.5868,0.2629
-0.5868,0.2629
-0.5868,0.2629
-0.5868,0.2629
-0.5868,0.2629
-0.5868,0.2629
-0.5869,0.2629
-0.5869,0.2629
-0.5869,0.2629
-0.5869,0.2629
-0.5869,0.2629
-0.5869,0.2629
-0.5869,0.2629
-0.5869,0.2629
-0.5869,0.2629
-0.5869,0.2629
-0.5869,0.2629
-0.5869,0.2629
-0.5869,0.2629
-0.5869,0.2629
-0.5869,0.2629
-0.5869,0.2629
-0.5869,0.2629
-0.5869,0.2629
-0.5869,0.2629
-0.5869,0.2629
-0.5869,0.2629
-0.5869,0.2629
-0.5869,0.2629
-0.5869,0.2629
-0.5869,0.2629
-0.5869,0.2629
-0.5869,0.2629
-0.5869,0.2629
-0.5869,0.2629
-0.5869,0.2629
-0.5869,0.2629
-0.5869,0.2629
-0.5869,0.2629
-0.5869,0.2629
-0.5869,0.2629
-0.5869,0.2629
-0.5869,0.2629
-0.5869,0.2629
-0.5869,0.2629
-0.5869,0.2629
-0.5869,0.2629
-0.5869,0.2629
-0.5869,0.2629
-0.5869,0.2629
-0.5869,0.2629
-0.5869,0.2629
-0.5869,0.2629
-0.5869,0.2629
-0.5869,0.2629
-0.5869,0.2629
-0.5869,0.2629
-0.5869,0.2629
-0.5869,0.2629
-0.5869,0.2629
-0.5869,0.2629
-0.5869,0.2629
-0.5870,0.2629
-0.5870,0.2629
-0.5870,0.2629
-0.5870,0.2629
-0.5870,0.2629
-0.5871,0.2629
-0.5871,0.2629
-0.5871,0.2629
-0.5871,0.2629
-0.5871,0.2629
-0.5871,0.2629
-0.5872,0.2629
-0.5872,0.2629
-0.5872,0.2629
-0.5872,0.2629
-0.5872,0.2629
-0.5872,0.2629
-0.5872,0.2629
-0.5872,0.2629
-0.5872,0.2629
-0.5872,0.2629
-0.5872,0.2629
-0.5873,0.2629
-0.5873,0.2629
-0.5873,0.2629
-0.5873,0.2629
-0.5873,0.2629
-0.5873,0.2629
-0.5873,0.2629
-0.5873,0.2629
-0.5873,0.2629
-0.5873,0.2629
-0.5874,0.2629
-0.5874,0.2629
-0.5874,0.2629
-0.5874,0.2629
-0.5874,0.2629
-0.5874,0.2629
-0.5874,0.2629
-0.5874,0.2629
-0.5874,0.2629
-0.5874,0.2629
-0.5874,0.2629
-0.5874,0.2629
-0.5874,0.2629
-0.5875,0.2629
-0.5875,0.2629
-0.5875,0.2629
-0.5875,0.2629
-0.5875,0.2629
-0.5875,0.2629
-0.5875,0.2629
-0.5875,0.2629
-0.5875,0.2629
-0.5875,0.2629
-0.5875,0.2629
-0.5875,0.2629
-0.5875,0.2629
-0.5876,0.2629
-0.5876,0.2629
-0.5876,0.2629
-0.5876,0.2629
-0.5876,0.2629
-0.5876,0.2629
-0.5876,0.2629
-0.5876,0.2629
-0.5876,0.2629
-0.5876,0.2629
-0.5876,0.2629
-0.5876,0.2629
-0.5877,0.2629
-0.5877,0.2629
-0.5877,0.2629
-0.5877,0.2629
-0.5877,0.2629
-0.5877,0.2629
-0.5877,0.2629
-0.5877,0.2629
-0.5877,0.2629
-0.5877,0.2629
-0.5877,0.2629
-0.5877,0.2629
-0.5877,0.2629
-0.5877,0.2629
-0.5877,0.2629
-0.5877,0.2629
-0.5877,0.2629
-0.5877,0.2629
-0.5878,0.2629
-0.5878,0.2629
-0.5878,0.2629
-0.5878,0.2629
-0.5878,0.2629
-0.5878,0.2629
-0.5878,0.2629
-0.5878,0.2629
-0.5878,0.2629
-0.5878,0.2629
-0.5878,0.2629
-0.5879,0.2629
-0.5879,0.2629
-0.5879,0.2629
-0.5879,0.2629
-0.5879,0.2629
-0.5879,0.2629
-0.5879,0.2629
-0.5879,0.2629
-0.5879,0.2629
-0.5879,0.2629
-0.5879,0.2629
-0.5879,0.2629
-0.5879,0.2629
-0.5879,0.2629
-0.5880,0.2629
-0.5880,0.2629
-0.5880,0.2629
-0.5880,0.2629
-0.5880,0.2629
-0.5880,0.2629
-0.5880,0.2629
-0.5880,0.2629
-0.5880,0.2629
-0.5880,0.2629
-0.5880,0.2629
-0.5880,0.2629
-0.5880,0.2629
-0.5880,0.2629
-0.5880,0.2629
-0.5880,0.2629
-0.5880,0.2629
-0.5881,0.2629
-0.5881,0.2629
-0.5881,0.2629
-0.5881,0.2629
-0.5881,0.2629
-0.5881,0.2629
-0.5881,0.2629
-0.5881,0.2629
-0.5881,0.2629
-0.5881,0.2629
-0.5881,0.2629
-0.5881,0.2629
-0.5882,0.2629
-0.5882,0.2629
-0.5882,0.2629
-0.5882,0.2629
-0.5882,0.2629
-0.5882,0.2629
-0.5882,0.2629
-0.5882,0.2629
-0.5882,0.2629
-0.5882,0.2629
-0.5882,0.2629
-0.5882,0.2629
-0.5882,0.2629
-0.5882,0.2629
-0.5882,0.2629
-0.5882,0.2629
-0.5882,0.2629
-0.5882,0.2629
-0.5882,0.2629
-0.5882,0.2629
-0.5882,0.2629
-0.5882,0.2629
-0.5883,0.2629
-0.5883,0.2629
-0.5883,0.2629
-0.5883,0.2629
-0.5883,0.2629
-0.5883,0.2629
-0.5883,0.2629
-0.5883,0.2629
-0.5883,0.2629
-0.5883,0.2629
-0.5883,0.2629
-0.5883,0.2629
-0.5883,0.2629
-0.5883,0.2629
-0.5883,0.2629
-0.5883,0.2629
-0.5883,0.2629
-0.5883,0.2629
-0.5883,0.2629
-0.5883,0.2629
-0.5883,0.2629
-0.5883,0.2629
-0.5883,0.2629
-0.5883,0.2629
-0.5883,0.2629
-0.5883,0.2629
-0.5883,0.2629
-0.5883,0.2629
-0.5883,0.2629
-0.5883,0.2629
-0.5883,0.2629
-0.5883,0.2629
-0.5883,0.2629
-0.5883,0.2629
-0.5883,0.2629
-0.5883,0.2629
-0.5883,0.2629
-0.5883,0.2629
-0.5883,0.2629
-0.5883,0.2629
-0.5883,0.2629
-0.5883,0.2629
-0.5883,0.2629
-0.5883,0.2629
-0.5883,0.2629
-0.5883,0.2629
-0.5883,0.2629
-0.5883,0.2629
-0.5883,0.2629
-0.5883,0.2629
-0.5883,0.2629
-0.5883,0.2629
-0.5883,0.2629
-0.5883,0.2629
-0.5883,0.2629
-0.5883,0.2629
-0.5883,0.2629
-0.5883,0.2629
-0.5884,0.2629
-0.5884,0.2629
-0.5884,0.2629
-0.5884,0.2629
-0.5884,0.2629
-0.5884,0.2629
-0.5884,0.2629
-0.5884,0.2629
-0.5885,0.2629
-0.5885,0.2629
-0.5885,0.2629
-0.5885,0.2629
-0.5885,0.2629
-0.5885,0.2629
-0.5885,0.2629
-0.5886,0.2629
-0.5886,0.2629
-0.5886,0.2629
-0.5886,0.2629
-0.5886,0.2629
-0.5886,0.2629
-0.5887,0.2629
-0.5887,0.2629
-0.5887,0.2629
-0.5887,0.2629
-0.5887,0.2629
-0.5887,0.2629
-0.5887,0.2629
-0.5887,0.2629
-0.5887,0.2629
-0.5888,0.2629
-0.5888,0.2629
-0.5888,0.2629
-0.5888,0.2629
-0.5888,0.2629
-0.5888,0.2629
-0.5888,0.2629
-0.5888,0.2629
-0.5888,0.2629
-0.5888,0.2629
-0.5888,0.2629
-0.5888,0.2629
-0.5889,0.2629
-0.5889,0.2629
-0.5889,0.2629
-0.5889,0.2629
-0.5889,0.2629
-0.5889,0.2629
-0.5889,0.2629
-0.5889,0.2629
-0.5889,0.2629
-0.5890,0.2629
-0.5890,0.2629
-0.5890,0.2629
-0.5890,0.2629
-0.5890,0.2629
-0.5890,0.2629
-0.5890,0.2629
-0.5890,0.2629
-0.5890,0.2629
-0.5890,0.2629
-0.5890,0.2629
-0.5890,0.2629
-0.5890,0.2629
-0.5891,0.2629
-0.5891,0.2629
-0.5891,0.2629
-0.5891,0.2629
-0.5891,0.2629
-0.5891,0.2629
-0.5891,0.2629
-0.5891,0.2629
-0.5891,0.2629
-0.5892,0.2629
-0.5892,0.2629
-0.5892,0.2629
-0.5892,0.2629
-0.5892,0.2629
-0.5892,0.2629
-0.5892,0.2629
-0.5892,0.2629
-0.5892,0.2629
-0.5892,0.2629
-0.5892,0.2629
-0.5892,0.2629
-0.5892,0.2629
-0.5893,0.2629
-0.5893,0.2629
-0.5893,0.2629
-0.5893,0.2630
-0.5893,0.2630
-0.5893,0.2630
-0.5893,0.2629
-0.5893,0.2629
-0.5893,0.2629
-0.5893,0.2629
-0.5893,0.2629
-0.5893,0.2629
-0.5893,0.2629
-0.5893,0.2629
-0.5893,0.2629
-0.5893,0.2629
-0.5893,0.2629
-0.5893,0.2629
-0.5894,0.2629
-0.5894,0.2629
-0.5894,0.2629
-0.5894,0.2629
-0.5894,0.2629
-0.5894,0.2629
-0.5894,0.2629
-0.5894,0.2629
-0.5894,0.2629
-0.5894,0.2629
-0.5894,0.2629
-0.5894,0.2629
-0.5894,0.2629
-0.5894,0.2629
-0.5894,0.2629
-0.5894,0.2629
-0.5894,0.2629
-0.5894,0.2629
-0.5894,0.2629
-0.5894,0.2629
-0.5894,0.2629
-0.5894,0.2629
-0.5894,0.2629
-0.5894,0.2629
-0.5894,0.2629
-0.5894,0.2629
-0.5895,0.2629
-0.5895,0.2629
-0.5895,0.2629
-0.5895,0.2629
-0.5895,0.2629
-0.5895,0.2629
-0.5895,0.2629
-0.5895,0.2629
-0.5895,0.2629
-0.5895,0.2629
-0.5895,0.2629
-0.5895,0.2629
-0.5895,0.2629
-0.5895,0.2629
-0.5895,0.2629
-0.5896,0.2629
-0.5896,0.2629
-0.5896,0.2629
-0.5896,0.2629
-0.5896,0.2629
-0.5896,0.2629
-0.5896,0.2629
-0.5896,0.2629
-0.5896,0.2629
-0.5896,0.2629
-0.5896,0.2629
-0.5897,0.2629
-0.5897,0.2629
-0.5897,0.2629
-0.5897,0.2629
-0.5897,0.2629
-0.5897,0.2629
-0.5897,0.2629
-0.5897,0.2629
-0.5897,0.2629
-0.5897,0.2629
-0.5897,0.2629
-0.5897,0.2629
-0.5897,0.2629
-0.5897,0.2629
-0.5897,0.2629
-0.5897,0.2629
-0.5897,0.2629
-0.5897,0.2629
-0.5897,0.2629
-0.5897,0.2629
-0.5897,0.2629
-0.5897,0.2629
-0.5897,0.2629
-0.5897,0.2629
-0.5897,0.2629
-0.5897,0.2629
-0.5897,0.2629
-0.5897,0.2629
-0.5897,0.2629
-0.5897,0.2629
-0.5897,0.2629
-0.5897,0.2629
-0.5897,0.2629
-0.5897,0.2629
-0.5897,0.2629
-0.5897,0.2629
-0.5897,0.2629
-0.5897,0.2629
-0.5897,0.2629
-0.5897,0.2629
-0.5897,0.2629
-0.5897,0.2629
-0.5897,0.2629
-0.5897,0.2629
-0.5897,0.2629
-0.5897,0.2629
-0.5897,0.2629
-0.5897,0.2629
-0.5897,0.2629
-0.5897,0.2629
-0.5897,0.2629
-0.5897,0.2629
-0.5897,0.2629
-0.5897,0.2629
-0.5897,0.2629
-0.5897,0.2629
-0.5897,0.2629
-0.5897,0.2629
-0.5897,0.2629
-0.5897,0.2629
-0.5897,0.2629
-0.5897,0.2629
-0.5897,0.2629
-0.5897,0.2629
-0.5897,0.2629
-0.5897,0.2629
-0.5898,0.2629
-0.5898,0.2629
-0.5898,0.2629
-0.5898,0.2629
-0.5898,0.2629
-0.5898,0.2629
-0.5898,0.2629
-0.5898,0.2629
-0.5898,0.2629
-0.5898,0.2629
-0.5898,0.2629
-0.5898,0.2629
-0.5898,0.2629
-0.5898,0.2629
-0.5898,0.2629
-0.5899,0.2629
-0.5899,0.2629
-0.5899,0.2629
-0.5899,0.2629
-0.5899,0.2629
-0.5899,0.2629
-0.5899,0.2629
-0.5899,0.2629
-0.5899,0.2629
-0.5899,0.2629
-0.5899,0.2629
-0.5899,0.2629
-0.5900,0.2629
-0.5900,0.2629
-0.5900,0.2629
-0.5900,0.2629
-0.5900,0.2629
-0.5900,0.2629
-0.5900,0.2629
-0.5900,0.2629
-0.5900,0.2629
-0.5900,0.2629
-0.5900,0.2629
-0.5900,0.2629
-0.5901,0.2629
-0.5901,0.2629
-0.5901,0.2630
-0.5901,0.2630
-0.5901,0.2630
-0.5901,0.2629
-0.5901,0.2629
-0.5901,0.2629
-0.5901,0.2629
-0.5901,0.2629
-0.5901,0.2629
-0.5901,0.2629
-0.5902,0.2629
-0.5902,0.2629
-0.5902,0.2629
-0.5902,0.2629
-0.5902,0.2629
-0.5902,0.2629
-0.5902,0.2629
-0.5902,0.2629
-0.5902,0.2629
-0.5902,0.2629
-0.5902,0.2629
-0.5902,0.2629
-0.5903,0.2629
-0.5903,0.2629
-0.5903,0.2629
-0.5903,0.2629
-0.5903,0.2629
-0.5903,0.2629
-0.5903,0.2629
-0.5903,0.2629
-0.5903,0.2629
-0.5904,0.2629
-0.5904,0.2629
-0.5904,0.2629
-0.5904,0.2629
-0.5904,0.2629
-0.5904,0.2629
-0.5904,0.2629
-0.5904,0.2629
-0.5904,0.2629
-0.5904,0.2629
-0.5905,0.2629
-0.5905,0.2629
-0.5905,0.2629
-0.5905,0.2630
-0.5905,0.2630
-0.5905,0.2629
-0.5905,0.2629
-0.5905,0.2629
-0.5906,0.2629
-0.5906,0.2629
-0.5906,0.2629
-0.5906,0.2629
-0.5906,0.2629
-0.5906,0.2629
-0.5906,0.2629
-0.5906,0.2629
-0.5906,0.2629
-0.5906,0.2629
-0.5906,0.2629
-0.5906,0.2629
-0.5906,0.2629
-0.5907,0.2629
-0.5907,0.2629
-0.5907,0.2629
-0.5907,0.2629
-0.5907,0.2629
-0.5907,0.2629
-0.5907,0.2630
-0.5907,0.2630
-0.5907,0.2629
-0.5907,0.2629
-0.5908,0.2629
-0.5908,0.2629
-0.5908,0.2629
-0.5908,0.2630
-0.5908,0.2630
-0.5908,0.2630
-0.5908,0.2630
-0.5908,0.2630
-0.5908,0.2630
-0.5908,0.2629
-0.5908,0.2629
-0.5908,0.2629
-0.5909,0.2629
-0.5909,0.2629
-0.5909,0.2629
-0.5909,0.2630
-0.5909,0.2630
-0.5909,0.2629
-0.5909,0.2629
-0.5909,0.2630
-0.5909,0.2630
-0.5909,0.2630
-0.5909,0.2630
-0.5909,0.2630
-0.5910,0.2629
-0.5910,0.2629
-0.5910,0.2630
-0.5910,0.2630
-0.5910,0.2630
-0.5910,0.2630
-0.5910,0.2630
-0.5910,0.2630
-0.5910,0.2630
-0.5911,0.2630
-0.5911,0.2630
-0.5911,0.2630
-0.5911,0.2630
-0.5911,0.2630
-0.5911,0.2630
-0.5911,0.2630
-0.5912,0.2630
-0.5912,0.2630
-0.5912,0.2630
-0.5912,0.2630
-0.5912,0.2630
-0.5912,0.2630
-0.5912,0.2630
-0.5912,0.2629
-0.5912,0.2629
-0.5912,0.2629
-0.5912,0.2629
-0.5912,0.2629
-0.5912,0.2629
-0.5912,0.2629
-0.5912,0.2629
-0.5912,0.2629
-0.5912,0.2629
-0.5912,0.2629
-0.5912,0.2629
-0.5912,0.2629
-0.5912,0.2629
-0.5912,0.2629
-0.5912,0.2629
-0.5912,0.2629
-0.5912,0.2629
-0.5912,0.2629
-0.5912,0.2629
-0.5912,0.2629
-0.5912,0.2629
-0.5912,0.2629
-0.5912,0.2629
-0.5912,0.2629
-0.5912,0.2629
-0.5912,0.2629
-0.5912,0.2629
-0.5912,0.2629
-0.5912,0.2629
-0.5912,0.2629
-0.5912,0.2629
-0.5912,0.2629
-0.5912,0.2629
-0.5912,0.2629
-0.5912,0.2629
-0.5912,0.2629
-0.5912,0.2629
-0.5912,0.2629
-0.5912,0.2629
-0.5912,0.2629
-0.5912,0.2629
-0.5912,0.2629
-0.5912,0.2629
-0.5912,0.2629
-0.5912,0.2629
-0.5912,0.2629
-0.5912,0.2629
-0.5912,0.2629
-0.5913,0.2630
-0.5913,0.2630
-0.5913,0.2630
-0.5913,0.2630
-0.5913,0.2630
-0.5913,0.2630
-0.5913,0.2630
-0.5913,0.2630
-0.5913,0.2630
-0.5913,0.2630
-0.5913,0.2630
-0.5913,0.2630
-0.5913,0.2630
-0.5914,0.2630
-0.5914,0.2630
-0.5914,0.2630
-0.5914,0.2630
-0.5914,0.2630
-0.5914,0.2630
-0.5914,0.2630
-0.5914,0.2630
-0.5914,0.2630
-0.5914,0.2630
-0.5914,0.2630
-0.5914,0.2629
-0.5914,0.2629
-0.5914,0.2629
-0.5914,0.2629
-0.5914,0.2629
-0.5915,0.2630
-0.5915,0.2630
-0.5915,0.2630
-0.5915,0.2630
-0.5915,0.2630
-0.5915,0.2629
-0.5915,0.2630
-0.5915,0.2630
-0.5915,0.2630
-0.5915,0.2630
-0.5915,0.2630
-0.5915,0.2630
-0.5915,0.2630
-0.5915,0.2630
-0.5915,0.2630
-0.5915,0.2629
-0.5915,0.2630
-0.5916,0.2630
-0.5916,0.2630
-0.5916,0.2630
-0.5916,0.2630
-0.5916,0.2630
-0.5916,0.2630
-0.5916,0.2630
-0.5916,0.2630
-0.5916,0.2630
-0.5916,0.2630
-0.5916,0.2630
-0.5916,0.2630
-0.5917,0.2630
-0.5917,0.2630
-0.5917,0.2630
-0.5917,0.2630
-0.5917,0.2630
-0.5917,0.2630
-0.5917,0.2630
-0.5917,0.2630
-0.5917,0.2630
-0.5917,0.2630
-0.5917,0.2630
-0.5917,0.2630
-0.5917,0.2630
-0.5917,0.2630
-0.5918,0.2630
-0.5918,0.2630
-0.5918,0.2630
-0.5918,0.2630
-0.5918,0.2630
-0.5918,0.2630
-0.5918,0.2630
-0.5919,0.2630
-0.5919,0.2630
-0.5919,0.2630
-0.5919,0.2630
-0.5919,0.2630
-0.5919,0.2630
-0.5919,0.2630
-0.5919,0.2630
-0.5919,0.2630
-0.5919,0.2630
-0.5920,0.2630
-0.5920,0.2630
-0.5920,0.2629
-0.5920,0.2630
-0.5920,0.2630
-0.5920,0.2630
-0.5920,0.2630
-0.5920,0.2630
-0.5920,0.2630
-0.5921,0.2630
-0.5921,0.2630
-0.5921,0.2630
-0.5921,0.2630
-0.5921,0.2630
-0.5921,0.2630
-0.5921,0.2630
-0.5921,0.2630
-0.5921,0.2630
-0.5921,0.2630
-0.5921,0.2630
-0.5921,0.2630
-0.5921,0.2630
-0.5921,0.2630
-0.5921,0.2630
-0.5922,0.2630
-0.5922,0.2630
-0.5922,0.2630
-0.5922,0.2630
-0.5922,0.2630
-0.5922,0.2630
-0.5922,0.2630
-0.5922,0.2630
-0.5922,0.2630
-0.5922,0.2630
-0.5922,0.2630
-0.5922,0.2630
-0.5922,0.2630
-0.5923,0.2630
-0.5923,0.2630
-0.5923,0.2630
-0.5923,0.2630
-0.5923,0.2630
-0.5923,0.2630
-0.5923,0.2630
-0.5923,0.2630
-0.5923,0.2630
-0.5923,0.2630
-0.5923,0.2630
-0.5923,0.2630
-0.5923,0.2630
-0.5923,0.2630
-0.5923,0.2630
-0.5923,0.2630
-0.5923,0.2630
-0.5923,0.2630
-0.5924,0.2630
-0.5924,0.2630
-0.5924,0.2630
-0.5924,0.2630
-0.5924,0.2630
-0.5924,0.2630
-0.5924,0.2630
-0.5924,0.2630
-0.5924,0.2630
-0.5924,0.2630
-0.5924,0.2630
-0.5924,0.2630
-0.5924,0.2630
-0.5924,0.2630
-0.5924,0.2630
-0.5925,0.2630
-0.5925,0.2630
-0.5925,0.2630
-0.5925,0.2630
-0.5925,0.2630
-0.5925,0.2630
-0.5925,0.2630
-0.5925,0.2630
-0.5925,0.2630
-0.5925,0.2630
-0.5925,0.2630
-0.5925,0.2630
-0.5926,0.2630
-0.5926,0.2630
-0.5926,0.2630
-0.5926,0.2630
-0.5926,0.2630
-0.5926,0.2630
-0.5926,0.2630
-0.5926,0.2630
-0.5926,0.2630
-0.5926,0.2630
-0.5926,0.2630
-0.5926,0.2630
-0.5926,0.2630
-0.5926,0.2630
-0.5926,0.2630
-0.5926,0.2630
-0.5926,0.2630
-0.5926,0.2630
-0.5926,0.2630
-0.5926,0.2630
-0.5926,0.2630
-0.5926,0.2630
-0.5926,0.2630
-0.5926,0.2630
-0.5926,0.2630
-0.5926,0.2630
-0.5926,0.2630
-0.5926,0.2630
-0.5926,0.2630
-0.5926,0.2630
-0.5926,0.2630
-0.5926,0.2630
-0.5926,0.2630
-0.5926,0.2630
-0.5926,0.2630
-0.5926,0.2630
-0.5926,0.2630
-0.5926,0.2630
-0.5926,0.2630
-0.5926,0.2630
-0.5926,0.2630
-0.5926,0.2630
-0.5926,0.2630
-0.5926,0.2630
-0.5926,0.2630
-0.5926,0.2630
-0.5926,0.2630
-0.5926,0.2630
-0.5926,0.2630
-0.5926,0.2630
-0.5926,0.2630
-0.5926,0.2630
-0.5926,0.2630
-0.5926,0.2630
-0.5926,0.2630
-0.5926,0.2630
-0.5926,0.2630
-0.5926,0.2630
-0.5926,0.2630
-0.5926,0.2630
-0.5926,0.2630
-0.5927,0.2630
-0.5927,0.2630
-0.5927,0.2630
-0.5927,0.2630
-0.5927,0.2630
-0.5927,0.2630
-0.5927,0.2630
-0.5927,0.2630
-0.5927,0.2630
-0.5927,0.2630
-0.5927,0.2630
-0.5928,0.2630
-0.5928,0.2630
-0.5928,0.2630
-0.5928,0.2630
-0.5928,0.2630
-0.5928,0.2630
-0.5928,0.2630
-0.5928,0.2630
-0.5929,0.2630
-0.5929,0.2630
-0.5929,0.2630
-0.5929,0.2630
-0.5929,0.2630
-0.5929,0.2630
-0.5929,0.2630
-0.5930,0.2630
-0.5930,0.2630
-0.5930,0.2630
-0.5930,0.2630
-0.5930,0.2630
-0.5930,0.2630
-0.5930,0.2630
-0.5930,0.2630
-0.5930,0.2630
-0.5930,0.2630
-0.5930,0.2630
-0.5930,0.2630
-0.5930,0.2630
-0.5931,0.2630
-0.5931,0.2630
-0.5931,0.2630
-0.5931,0.2630
-0.5931,0.2630
-0.5931,0.2630
-0.5931,0.2630
-0.5931,0.2630
-0.5931,0.2630
-0.5931,0.2630
-0.5931,0.2630
-0.5931,0.2630
-0.5931,0.2630
-0.5931,0.2630
-0.5931,0.2630
-0.5931,0.2630
-0.5931,0.2630
-0.5931,0.2630
-0.5931,0.2630
-0.5932,0.2630
-0.5932,0.2630
-0.5932,0.2630
-0.5932,0.2630
-0.5932,0.2630
-0.5932,0.2630
-0.5932,0.2630
-0.5932,0.2630
-0.5932,0.2630
-0.5932,0.2630
-0.5932,0.2630
-0.5932,0.2630
-0.5932,0.2630
-0.5932,0.2630
-0.5932,0.2630
-0.5932,0.2630
-0.5932,0.2630
-0.5932,0.2630
-0.5932,0.2630
-0.5932,0.2630
-0.5932,0.2630
-0.5932,0.2630
-0.5932,0.2630
-0.5932,0.2630
-0.5933,0.2630
-0.5933,0.2630
-0.5933,0.2630
-0.5933,0.2630
-0.5933,0.2630
-0.5933,0.2630
-0.5933,0.2630
-0.5933,0.2630
-0.5933,0.2630
-0.5933,0.2630
-0.5933,0.2630
-0.5933,0.2630
-0.5933,0.2630
-0.5933,0.2630
-0.5933,0.2630
-0.5934,0.2630
-0.5934,0.2630
-0.5934,0.2630
-0.5934,0.2630
-0.5934,0.2630
-0.5934,0.2630
-0.5934,0.2630
-0.5934,0.2630
-0.5934,0.2630
-0.5935,0.2630
-0.5935,0.2630
-0.5935,0.2630
-0.5935,0.2630
-0.5935,0.2630
-0.5935,0.2630
-0.5935,0.2630
-0.5935,0.2630
-0.5935,0.2630
-0.5935,0.2630
-0.5935,0.2630
-0.5935,0.2630
-0.5935,0.2630
-0.5936,0.2630
-0.5936,0.2630
-0.5936,0.2630
-0.5936,0.2630
-0.5936,0.2630
-0.5936,0.2630
-0.5936,0.2630
-0.5936,0.2630
-0.5936,0.2630
-0.5936,0.2630
-0.5936,0.2630
-0.5936,0.2630
-0.5936,0.2630
-0.5937,0.2630
-0.5937,0.2630
-0.5937,0.2630
-0.5937,0.2630
-0.5937,0.2630
-0.5937,0.2630
-0.5937,0.2630
-0.5937,0.2630
-0.5915,0.2630
-0.5915,0.2630
