0.3011,0.2567
0.3011,0.2567
0.3011,0.2567
0.3010,0.2567
0.3009,0.2567
0.3008,0.2567
0.3007,0.2567
0.3006,0.2567
0.3005,0.2567
0.3004,0.2566
0.3004,0.2566
0.3003,0.2566
0.3002,0.2566
0.3001,0.2566
0.3000,0.2566
0.3000,0.2566
0.2999,0.2566
0.2998,0.2566
0.2998,0.2566
0.2997,0.2565
0.2997,0.2565
0.2997,0.2565
0.2997,0.2565
0.2997,0.2565
0.2997,0.2565
0.2997,0.2565
0.2997,0.2565
0.2997,0.2565
0.2997,0.2565
0.2997,0.2565
0.2997,0.2565
0.2997,0.2565
0.2997,0.2565
0.2997,0.2565
0.2997,0.2565
0.2997,0.2565
0.2997,0.2565
0.2997,0.2565
0.2997,0.2565
0.2997,0.2565
0.2997,0.2565
0.2997,0.2565
0.2997,0.2565
0.2997,0.2565
0.2997,0.2565
0.2997,0.2565
0.2997,0.2565
0.2997,0.2565
0.2997,0.2565
0.2997,0.2565
0.2997,0.2565
0.2997,0.2565
0.2997,0.2565
0.2997,0.2565
0.2997,0.2565
0.2997,0.2565
0.2997,0.2565
0.2997,0.2565
0.2997,0.2565
0.2997,0.2565
0.2997,0.2565
0.2997,0.2565
0.2997,0.2565
0.2997,0.2565
0.2997,0.2565
0.2997,0.2565
0.2997,0.2565
0.2997,0.2565
0.2997,0.2565
0.2997,0.2565
0.2997,0.2565
0.2997,0.2565
0.2997,0.2566
0.2998,0.2566
0.2998,0.2566
0.2999,0.2566
0.3000,0.2566
0.3000,0.2566
0.3001,0.2566
0.3002,0.2566
0.3003,0.2566
0.3004,0.2567
0.3005,0.2567
0.3006,0.2567
0.3007,0.2567
0.3009,0.2567
0.3010,0.2567
0.3011,0.2567
0.3012,0.2568
0.3012,0.2568
0.3012,0.2568
0.3013,0.2568
0.3015,0.2568
0.3016,0.2568
0.3017,0.2568
0.3018,0.2568
0.3020,0.2569
0.3021,0.2569
0.3022,0.2569
0.3024,0.2569
0.3025,0.2569
0.3026,0.2570
0.3028,0.2570
0.3029,0.2570
0.3031,0.2570
0.3032,0.2570
0.3033,0.2571
0.3035,0.2571
0.3036,0.2571
0.3038,0.2571
0.3039,0.2571
0.3039,0.2571
0.3039,0.2571
0.3040,0.2571
0.3042,0.2572
0.3043,0.2572
0.3045,0.2572
0.3046,0.2572
0.3048,0.2572
0.3049,0.2573
0.3050,0.2573
0.3052,0.2573
0.3053,0.2573
0.3055,0.2573
0.3056,0.2573
0.3058,0.2574
0.3059,0.2574
0.3060,0.2574
0.3062,0.2574
0.3063,0.2574
0.3065,0.2574
0.3066,0.2575
0.3067,0.2575
0.3067,0.2575
0.3067,0.2575
0.3069,0.2575
0.3070,0.2575
0.3072,0.2575
0.3073,0.2575
0.3075,0.2575
0.3076,0.2576
0.3077,0.2576
0.3079,0.2576
0.3080,0.2576
0.3082,0.2576
0.3083,0.2576
0.3085,0.2577
0.3086,0.2577
0.3088,0.2577
0.3089,0.2577
0.3090,0.2577
0.3092,0.2577
0.3093,0.2577
0.3095,0.2578
0.3096,0.2578
0.3096,0.2578
0.3096,0.2578
0.3098,0.2578
0.3099,0.2578
0.3101,0.2578
0.3102,0.2578
0.3104,0.2578
0.3105,0.2578
0.3107,0.2579
0.3108,0.2579
0.3110,0.2579
0.3111,0.2579
0.3113,0.2579
0.3114,0.2579
0.3116,0.2579
0.3117,0.2579
0.3119,0.2579
0.3121,0.2579
0.3122,0.2579
0.3124,0.2579
0.3126,0.2579
0.3127,0.2579
0.3127,0.2579
0.3127,0.2579
0.3129,0.2579
0.3131,0.2579
0.3133,0.2579
0.3135,0.2579
0.3136,0.2579
0.3138,0.2579
0.3140,0.2579
0.3142,0.2579
0.3144,0.2579
0.3146,0.2579
0.3148,0.2579
0.3150,0.2579
0.3152,0.2579
0.3154,0.2579
0.3156,0.2579
0.3158,0.2579
0.3160,0.2579
0.3162,0.2579
0.3164,0.2579
0.3166,0.2579
0.3166,0.2579
0.3166,0.2579
0.3168,0.2579
0.3170,0.2579
0.3172,0.2579
0.3174,0.2579
0.3176,0.2580
0.3178,0.2580
0.3180,0.2580
0.3182,0.2580
0.3184,0.2580
0.3186,0.2580
0.3188,0.2580
0.3190,0.2580
0.3192,0.2580
0.3194,0.2580
0.3196,0.2580
0.3198,0.2580
0.3200,0.2580
0.3202,0.2580
0.3204,0.2580
0.3206,0.2580
0.3206,0.2580
0.3206,0.2580
0.3208,0.2580
0.3210,0.2580
0.3212,0.2580
0.3214,0.2580
0.3216,0.2580
0.3218,0.2580
0.3220,0.2580
0.3222,0.2580
0.3224,0.2580
0.3226,0.2580
0.3228,0.2580
0.3230,0.2581
0.3231,0.2581
0.3233,0.2581
0.3235,0.2581
0.3237,0.2581
0.3239,0.2581
0.3241,0.2581
0.3242,0.2581
0.3244,0.2581
0.3244,0.2581
0.3244,0.2581
0.3244,0.2581
0.3244,0.2581
0.3244,0.2581
0.3244,0.2581
0.3244,0.2581
0.3244,0.2581
0.3244,0.2581
0.3244,0.2581
0.3244,0.2581
0.3244,0.2581
0.3244,0.2581
0.3244,0.2581
0.3244,0.2581
0.3244,0.2581
0.3244,0.2581
0.3244,0.2581
0.3244,0.2581
0.3244,0.2581
0.3244,0.2581
0.3244,0.2581
0.3244,0.2581
0.3244,0.2581
0.3244,0.2581
0.3244,0.2581
0.3244,0.2581
0.3244,0.2581
0.3244,0.2581
0.3244,0.2581
0.3244,0.2581
0.3244,0.2581
0.3244,0.2581
0.3244,0.2581
0.3244,0.2581
0.3244,0.2581
0.3244,0.2581
0.3244,0.2581
0.3244,0.2581
0.3244,0.2581
0.3244,0.2581
0.3244,0.2581
0.3244,0.2581
0.3244,0.2581
0.3244,0.2581
0.3244,0.2581
0.3246,0.2581
0.3248,0.2581
0.3250,0.2581
0.3251,0.2581
0.3253,0.2581
0.3255,0.2581
0.3257,0.2581
0.3259,0.2581
0.3260,0.2581
0.3262,0.2581
0.3264,0.2581
0.3265,0.2582
0.3267,0.2582
0.3269,0.2582
0.3271,0.2582
0.3272,0.2582
0.3274,0.2582
0.3276,0.2582
0.3277,0.2582
0.3279,0.2582
0.3279,0.2582
0.3279,0.2582
0.3281,0.2582
0.3282,0.2582
0.3284,0.2582
0.3286,0.2582
0.3287,0.2582
0.3289,0.2582
0.3291,0.2582
0.3292,0.2582
0.3294,0.2583
0.3295,0.2583
0.3297,0.2583
0.3298,0.2583
0.3300,0.2583
0.3302,0.2583
0.3303,0.2583
0.3305,0.2583
0.3306,0.2583
0.3308,0.2583
0.3309,0.2583
0.3311,0.2583
0.3311,0.2583
0.3311,0.2583
0.3312,0.2583
0.3314,0.2583
0.3315,0.2583
0.3317,0.2583
0.3318,0.2583
0.3319,0.2583
0.3321,0.2583
0.3322,0.2583
0.3324,0.2583
0.3325,0.2584
0.3327,0.2584
0.3328,0.2584
0.3330,0.2584
0.3331,0.2584
0.3333,0.2584
0.3334,0.2584
0.3335,0.2584
0.3337,0.2584
0.3338,0.2584
0.3339,0.2584
0.3339,0.2584
0.3339,0.2584
0.3341,0.2584
0.3342,0.2584
0.3343,0.2584
0.3345,0.2584
0.3346,0.2584
0.3347,0.2584
0.3349,0.2584
0.3350,0.2584
0.3351,0.2584
0.3353,0.2584
0.3354,0.2584
0.3355,0.2584
0.3357,0.2584
0.3358,0.2585
0.3359,0.2585
0.3361,0.2585
0.3362,0.2585
0.3363,0.2585
0.3364,0.2585
0.3366,0.2585
0.3366,0.2585
0.3366,0.2585
0.3367,0.2585
0.3368,0.2585
0.3370,0.2585
0.3371,0.2585
0.3372,0.2585
0.3373,0.2585
0.3375,0.2585
0.3376,0.2585
0.3377,0.2585
0.3378,0.2585
0.3379,0.2585
0.3381,0.2585
0.3382,0.2585
0.3383,0.2585
0.3384,0.2585
0.3386,0.2585
0.3387,0.2585
0.3388,0.2585
0.3389,0.2585
0.3390,0.2585
0.3390,0.2585
0.3390,0.2585
0.3391,0.2585
0.3393,0.2585
0.3394,0.2585
0.3395,0.2585
0.3396,0.2585
0.3397,0.2585
0.3398,0.2585
0.3400,0.2586
0.3401,0.2586
0.3402,0.2586
0.3403,0.2586
0.3404,0.2586
0.3405,0.2586
0.3406,0.2586
0.3407,0.2586
0.3409,0.2586
0.3410,0.2586
0.3411,0.2586
0.3412,0.2586
0.3413,0.2586
0.3413,0.2586
0.3413,0.2586
0.3414,0.2586
0.3415,0.2586
0.3416,0.2586
0.3417,0.2586
0.3418,0.2586
0.3420,0.2586
0.3421,0.2586
0.3422,0.2586
0.3423,0.2586
0.3424,0.2586
0.3425,0.2586
0.3426,0.2586
0.3427,0.2586
0.3428,0.2586
0.3429,0.2586
0.3430,0.2586
0.3431,0.2586
0.3433,0.2586
0.3434,0.2586
0.3435,0.2586
0.3435,0.2586
0.3435,0.2586
0.3436,0.2586
0.3437,0.2586
0.3438,0.2586
0.3439,0.2586
0.3440,0.2586
0.3441,0.2586
0.3442,0.2586
0.3443,0.2586
0.3444,0.2586
0.3445,0.2586
0.3446,0.2586
0.3447,0.2586
0.3448,0.2586
0.3449,0.2586
0.3450,0.2586
0.3451,0.2586
0.3452,0.2586
0.3453,0.2586
0.3454,0.2586
0.3455,0.2586
0.3455,0.2586
0.3455,0.2586
0.3455,0.2586
0.3455,0.2586
0.3455,0.2586
0.3455,0.2586
0.3455,0.2586
0.3455,0.2586
0.3455,0.2586
0.3455,0.2586
0.3455,0.2586
0.3455,0.2586
0.3455,0.2586
0.3455,0.2586
0.3455,0.2586
0.3455,0.2586
0.3455,0.2586
0.3455,0.2586
0.3455,0.2586
0.3455,0.2586
0.3455,0.2586
0.3455,0.2586
0.3455,0.2586
0.3455,0.2586
0.3455,0.2586
0.3455,0.2586
0.3455,0.2586
0.3455,0.2586
0.3455,0.2586
0.3455,0.2586
0.3455,0.2586
0.3455,0.2586
0.3455,0.2586
0.3455,0.2586
0.3455,0.2586
0.3455,0.2586
0.3455,0.2586
0.3455,0.2586
0.3455,0.2586
0.3455,0.2586
0.3455,0.2586
0.3455,0.2586
0.3455,0.2586
0.3455,0.2586
0.3455,0.2586
0.3455,0.2586
0.3456,0.2586
0.3457,0.2586
0.3458,0.2586
0.3459,0.2586
0.3459,0.2586
0.3460,0.2586
0.3461,0.2586
0.3462,0.2586
0.3463,0.2586
0.3464,0.2586
0.3465,0.2586
0.3466,0.2586
0.3467,0.2586
0.3468,0.2586
0.3469,0.2586
0.3470,0.2586
0.3471,0.2586
0.3472,0.2586
0.3473,0.2586
0.3474,0.2586
0.3474,0.2586
0.3474,0.2586
0.3475,0.2586
0.3476,0.2586
0.3477,0.2586
0.3478,0.2586
0.3478,0.2586
0.3479,0.2586
0.3480,0.2586
0.3481,0.2586
0.3482,0.2586
0.3483,0.2586
0.3484,0.2586
0.3485,0.2586
0.3486,0.2586
0.3487,0.2586
0.3488,0.2586
0.3489,0.2586
0.3490,0.2586
0.3491,0.2586
0.3492,0.2586
0.3492,0.2586
0.3492,0.2586
0.3492,0.2586
0.3493,0.2586
0.3494,0.2586
0.3495,0.2586
0.3496,0.2586
0.3497,0.2586
0.3498,0.2586
0.3499,0.2586
0.3500,0.2586
0.3501,0.2586
0.3502,0.2586
0.3503,0.2586
0.3503,0.2586
0.3504,0.2586
0.3505,0.2586
0.3506,0.2586
0.3507,0.2586
0.3508,0.2586
0.3509,0.2586
0.3510,0.2586
0.3511,0.2586
0.3511,0.2586
0.3511,0.2586
0.3512,0.2586
0.3513,0.2586
0.3514,0.2586
0.3515,0.2586
0.3516,0.2586
0.3516,0.2586
0.3517,0.2586
0.3518,0.2586
0.3519,0.2586
0.3520,0.2586
0.3521,0.2586
0.3522,0.2586
0.3523,0.2586
0.3524,0.2586
0.3525,0.2586
0.3526,0.2586
0.3527,0.2586
0.3528,0.2586
0.3528,0.2586
0.3529,0.2586
0.3529,0.2586
0.3529,0.2586
0.3530,0.2586
0.3531,0.2586
0.3532,0.2586
0.3533,0.2586
0.3534,0.2586
0.3535,0.2586
0.3536,0.2586
0.3537,0.2586
0.3538,0.2586
0.3539,0.2586
0.3540,0.2586
0.3541,0.2586
0.3542,0.2586
0.3543,0.2586
0.3544,0.2586
0.3545,0.2586
0.3546,0.2586
0.3547,0.2586
0.3548,0.2586
0.3549,0.2586
0.3549,0.2586
0.3549,0.2586
0.3550,0.2586
0.3551,0.2586
0.3551,0.2586
0.3552,0.2586
0.3553,0.2586
0.3554,0.2586
0.3555,0.2586
0.3556,0.2586
0.3557,0.2586
0.3558,0.2586
0.3559,0.2585
0.3560,0.2585
0.3561,0.2585
0.3562,0.2585
0.3563,0.2585
0.3564,0.2585
0.3565,0.2585
0.3566,0.2585
0.3567,0.2585
0.3568,0.2585
0.3568,0.2585
0.3568,0.2585
0.3569,0.2585
0.3570,0.2585
0.3571,0.2585
0.3572,0.2585
0.3573,0.2585
0.3574,0.2585
0.3575,0.2585
0.3577,0.2585
0.3578,0.2585
0.3579,0.2585
0.3580,0.2585
0.3581,0.2585
0.3582,0.2585
0.3583,0.2585
0.3584,0.2585
0.3585,0.2585
0.3586,0.2585
0.3587,0.2585
0.3588,0.2584
0.3589,0.2584
0.3589,0.2584
0.3589,0.2584
0.3590,0.2584
0.3591,0.2584
0.3592,0.2584
0.3593,0.2584
0.3594,0.2584
0.3596,0.2584
0.3597,0.2584
0.3598,0.2584
0.3599,0.2584
0.3600,0.2584
0.3601,0.2584
0.3603,0.2584
0.3604,0.2584
0.3605,0.2584
0.3606,0.2584
0.3607,0.2584
0.3608,0.2584
0.3610,0.2584
0.3611,0.2584
0.3612,0.2584
0.3612,0.2584
0.3612,0.2584
0.3612,0.2584
0.3612,0.2584
0.3612,0.2584
0.3612,0.2584
0.3612,0.2584
0.3612,0.2584
0.3612,0.2584
0.3612,0.2584
0.3612,0.2584
0.3612,0.2584
0.3612,0.2584
0.3612,0.2584
0.3612,0.2584
0.3612,0.2584
0.3612,0.2584
0.3612,0.2584
0.3612,0.2584
0.3612,0.2584
0.3612,0.2584
0.3612,0.2584
0.3612,0.2584
0.3612,0.2584
0.3612,0.2584
0.3612,0.2584
0.3612,0.2584
0.3612,0.2584
0.3612,0.2584
0.3612,0.2584
0.3612,0.2584
0.3612,0.2584
0.3612,0.2584
0.3612,0.2584
0.3612,0.2584
0.3612,0.2584
0.3612,0.2584
0.3612,0.2584
0.3612,0.2584
0.3612,0.2584
0.3612,0.2584
0.3612,0.2584
0.3612,0.2584
0.3612,0.2584
0.3612,0.2584
0.3612,0.2584
0.3613,0.2584
0.3614,0.2583
0.3615,0.2583
0.3617,0.2583
0.3618,0.2583
0.3619,0.2583
0.3620,0.2583
0.3621,0.2583
0.3622,0.2583
0.3623,0.2583
0.3624,0.2583
0.3626,0.2583
0.3627,0.2583
0.3628,0.2583
0.3629,0.2583
0.3630,0.2583
0.3631,0.2583
0.3632,0.2583
0.3633,0.2583
0.3634,0.2583
0.3634,0.2583
0.3634,0.2583
0.3635,0.2583
0.3636,0.2583
0.3638,0.2583
0.3639,0.2583
0.3640,0.2583
0.3641,0.2583
0.3642,0.2583
0.3643,0.2583
0.3644,0.2583
0.3645,0.2583
0.3646,0.2583
0.3647,0.2583
0.3648,0.2582
0.3649,0.2582
0.3650,0.2582
0.3652,0.2582
0.3653,0.2582
0.3654,0.2582
0.3655,0.2582
0.3657,0.2582
0.3657,0.2582
0.3657,0.2582
0.3658,0.2582
0.3659,0.2582
0.3661,0.2582
0.3662,0.2582
0.3663,0.2582
0.3665,0.2582
0.3666,0.2582
0.3667,0.2582
0.3669,0.2582
0.3670,0.2582
0.3672,0.2582
0.3673,0.2582
0.3675,0.2582
0.3676,0.2582
0.3677,0.2582
0.3679,0.2582
0.3680,0.2581
0.3681,0.2581
0.3683,0.2581
0.3684,0.2581
0.3684,0.2581
0.3684,0.2581
0.3685,0.2581
0.3687,0.2581
0.3688,0.2581
0.3689,0.2581
0.3691,0.2581
0.3692,0.2581
0.3694,0.2581
0.3695,0.2581
0.3697,0.2581
0.3698,0.2581
0.3699,0.2581
0.3701,0.2581
0.3702,0.2581
0.3704,0.2581
0.3705,0.2581
0.3707,0.2581
0.3708,0.2580
0.3710,0.2581
0.3711,0.2580
0.3713,0.2580
0.3713,0.2580
0.3713,0.2580
0.3714,0.2580
0.3716,0.2580
0.3717,0.2580
0.3719,0.2580
0.3720,0.2580
0.3722,0.2580
0.3724,0.2580
0.3725,0.2580
0.3727,0.2580
0.3728,0.2580
0.3730,0.2580
0.3732,0.2580
0.3733,0.2580
0.3735,0.2580
0.3737,0.2580
0.3739,0.2580
0.3741,0.2580
0.3742,0.2580
0.3744,0.2580
0.3746,0.2580
0.3746,0.2580
0.3746,0.2580
0.3747,0.2580
0.3749,0.2580
0.3751,0.2580
0.3752,0.2580
0.3754,0.2580
0.3755,0.2579
0.3757,0.2579
0.3758,0.2579
0.3760,0.2579
0.3761,0.2579
0.3763,0.2579
0.3764,0.2579
0.3766,0.2579
0.3767,0.2579
0.3769,0.2579
0.3770,0.2579
0.3772,0.2579
0.3773,0.2579
0.3775,0.2579
0.3776,0.2579
0.3776,0.2579
0.3776,0.2579
0.3778,0.2579
0.3779,0.2579
0.3781,0.2579
0.3782,0.2579
0.3784,0.2579
0.3785,0.2579
0.3787,0.2579
0.3789,0.2579
0.3790,0.2579
0.3791,0.2579
0.3793,0.2579
0.3794,0.2579
0.3795,0.2579
0.3797,0.2579
0.3798,0.2579
0.3800,0.2579
0.3801,0.2579
0.3803,0.2579
0.3804,0.2579
0.3806,0.2579
0.3806,0.2579
0.3806,0.2579
0.3807,0.2579
0.3808,0.2579
0.3810,0.2579
0.3811,0.2579
0.3812,0.2579
0.3814,0.2579
0.3815,0.2579
0.3816,0.2579
0.3818,0.2579
0.3819,0.2579
0.3820,0.2579
0.3822,0.2579
0.3823,0.2579
0.3824,0.2579
0.3826,0.2579
0.3827,0.2579
0.3829,0.2579
0.3830,0.2579
0.3831,0.2579
0.3832,0.2579
0.3832,0.2579
0.3832,0.2579
0.3832,0.2579
0.3832,0.2579
0.3832,0.2579
0.3832,0.2579
0.3832,0.2579
0.3832,0.2579
0.3832,0.2579
0.3832,0.2579
0.3832,0.2579
0.3832,0.2579
0.3832,0.2579
0.3832,0.2579
0.3832,0.2579
0.3832,0.2579
0.3832,0.2579
0.3832,0.2579
0.3832,0.2579
0.3832,0.2579
0.3832,0.2579
0.3832,0.2579
0.3832,0.2579
0.3832,0.2579
0.3832,0.2579
0.3832,0.2579
0.3832,0.2579
0.3832,0.2579
0.3832,0.2579
0.3832,0.2579
0.3832,0.2579
0.3832,0.2579
0.3832,0.2579
0.3832,0.2579
0.3832,0.2579
0.3832,0.2579
0.3832,0.2579
0.3832,0.2579
0.3832,0.2579
0.3832,0.2579
0.3832,0.2579
0.3832,0.2579
0.3832,0.2579
0.3832,0.2579
0.3832,0.2579
0.3832,0.2579
0.3833,0.2579
0.3834,0.2579
0.3835,0.2579
0.3837,0.2579
0.3838,0.2579
0.3838,0.2579
0.3839,0.2579
0.3840,0.2579
0.3841,0.2579
0.3843,0.2579
0.3844,0.2579
0.3845,0.2579
0.3846,0.2579
0.3847,0.2579
0.3848,0.2579
0.3849,0.2579
0.3850,0.2579
0.3851,0.2579
0.3853,0.2579
0.3854,0.2579
0.3854,0.2579
0.3854,0.2579
0.3855,0.2579
0.3856,0.2579
0.3858,0.2579
0.3859,0.2579
0.3861,0.2579
0.3862,0.2579
0.3864,0.2579
0.3865,0.2579
0.3867,0.2579
0.3868,0.2579
0.3870,0.2579
0.3871,0.2579
0.3873,0.2579
0.3875,0.2579
0.3876,0.2579
0.3878,0.2579
0.3879,0.2579
0.3881,0.2579
0.3882,0.2579
0.3884,0.2579
0.3884,0.2579
0.3884,0.2579
0.3885,0.2579
0.3886,0.2579
0.3888,0.2579
0.3889,0.2579
0.3890,0.2579
0.3891,0.2579
0.3893,0.2579
0.3894,0.2579
0.3896,0.2579
0.3897,0.2579
0.3898,0.2579
0.3899,0.2579
0.3900,0.2579
0.3902,0.2579
0.3903,0.2579
0.3904,0.2579
0.3906,0.2579
0.3907,0.2579
0.3908,0.2579
0.3910,0.2579
0.3910,0.2579
0.3910,0.2579
0.3911,0.2579
0.3912,0.2579
0.3913,0.2579
0.3914,0.2579
0.3915,0.2579
0.3917,0.2579
0.3918,0.2579
0.3920,0.2579
0.3921,0.2579
0.3922,0.2579
0.3923,0.2579
0.3925,0.2579
0.3926,0.2579
0.3927,0.2579
0.3927,0.2580
0.3928,0.2580
0.3929,0.2580
0.3930,0.2579
0.3931,0.2579
0.3932,0.2579
0.3932,0.2579
0.3932,0.2579
0.3933,0.2579
0.3934,0.2579
0.3934,0.2579
0.3935,0.2580
0.3936,0.2580
0.3936,0.2580
0.3937,0.2580
0.3938,0.2580
0.3939,0.2580
0.3940,0.2580
0.3940,0.2580
0.3941,0.2580
0.3942,0.2580
0.3943,0.2580
0.3944,0.2580
0.3945,0.2580
0.3946,0.2580
0.3947,0.2580
0.3948,0.2580
0.3949,0.2580
0.3949,0.2580
0.3949,0.2580
0.3949,0.2580
0.3950,0.2580
0.3951,0.2580
0.3952,0.2580
0.3953,0.2580
0.3954,0.2580
0.3955,0.2580
0.3956,0.2580
0.3957,0.2580
0.3958,0.2580
0.3959,0.2580
0.3959,0.2580
0.3960,0.2580
0.3961,0.2580
0.3962,0.2580
0.3962,0.2580
0.3963,0.2580
0.3964,0.2580
0.3965,0.2580
0.3966,0.2580
0.3966,0.2580
0.3966,0.2580
0.3967,0.2580
0.3968,0.2580
0.3968,0.2580
0.3969,0.2581
0.3970,0.2581
0.3971,0.2581
0.3972,0.2581
0.3973,0.2581
0.3973,0.2581
0.3974,0.2581
0.3974,0.2581
0.3975,0.2581
0.3976,0.2581
0.3976,0.2581
0.3977,0.2581
0.3978,0.2581
0.3978,0.2581
0.3979,0.2581
0.3980,0.2581
0.3980,0.2581
0.3980,0.2581
0.3980,0.2581
0.3981,0.2581
0.3982,0.2581
0.3983,0.2581
0.3984,0.2581
0.3984,0.2581
0.3985,0.2581
0.3986,0.2581
0.3986,0.2581
0.3987,0.2581
0.3988,0.2581
0.3989,0.2581
0.3990,0.2581
0.3990,0.2581
0.3991,0.2581
0.3992,0.2582
0.3993,0.2582
0.3993,0.2582
0.3994,0.2582
0.3995,0.2582
0.3996,0.2582
0.3996,0.2582
0.3996,0.2582
0.3996,0.2582
0.3996,0.2582
0.3996,0.2582
0.3996,0.2582
0.3996,0.2582
0.3996,0.2582
0.3996,0.2582
0.3996,0.2582
0.3996,0.2582
0.3996,0.2582
0.3996,0.2582
0.3996,0.2582
0.3996,0.2582
0.3996,0.2582
0.3996,0.2582
0.3996,0.2582
0.3996,0.2582
0.3996,0.2582
0.3996,0.2582
0.3996,0.2582
0.3996,0.2582
0.3996,0.2582
0.3996,0.2582
0.3996,0.2582
0.3996,0.2582
0.3996,0.2582
0.3996,0.2582
0.3996,0.2582
0.3996,0.2582
0.3996,0.2582
0.3996,0.2582
0.3996,0.2582
0.3996,0.2582
0.3996,0.2582
0.3996,0.2582
0.3996,0.2582
0.3996,0.2582
0.3996,0.2582
0.3996,0.2582
0.3996,0.2582
0.3996,0.2582
0.3996,0.2582
0.3996,0.2582
0.3996,0.2582
0.3996,0.2582
0.3997,0.2582
0.3998,0.2582
0.3999,0.2582
0.3999,0.2582
0.4000,0.2582
0.4001,0.2582
0.4002,0.2582
0.4002,0.2582
0.4003,0.2582
0.4004,0.2582
0.4005,0.2582
0.4006,0.2582
0.4007,0.2582
0.4008,0.2582
0.4009,0.2582
0.4010,0.2582
0.4011,0.2582
0.4012,0.2582
0.4013,0.2582
0.4013,0.2582
0.4013,0.2582
0.4014,0.2582
0.4016,0.2582
0.4017,0.2582
0.4018,0.2582
0.4019,0.2582
0.4020,0.2582
0.4022,0.2582
0.4023,0.2583
0.4024,0.2583
0.4025,0.2583
0.4026,0.2583
0.4027,0.2583
0.4029,0.2583
0.4030,0.2583
0.4031,0.2583
0.4032,0.2583
0.4034,0.2583
0.4035,0.2583
0.4036,0.2583
0.4038,0.2583
0.4038,0.2583
0.4038,0.2583
0.4039,0.2583
0.4040,0.2584
0.4042,0.2584
0.4043,0.2584
0.4045,0.2584
0.4046,0.2584
0.4047,0.2584
0.4049,0.2584
0.4050,0.2584
0.4051,0.2584
0.4053,0.2584
0.4054,0.2584
0.4055,0.2584
0.4056,0.2584
0.4058,0.2584
0.4059,0.2584
0.4060,0.2585
0.4061,0.2585
0.4062,0.2585
0.4063,0.2585
0.4063,0.2585
0.4063,0.2585
0.4064,0.2585
0.4065,0.2585
0.4066,0.2585
0.4067,0.2585
0.4068,0.2585
0.4068,0.2585
0.4069,0.2585
0.4071,0.2585
0.4072,0.2585
0.4073,0.2585
0.4074,0.2586
0.4075,0.2586
0.4077,0.2586
0.4079,0.2586
0.4080,0.2586
0.4082,0.2586
0.4084,0.2586
0.4085,0.2586
0.4087,0.2586
0.4088,0.2586
0.4088,0.2586
0.4088,0.2586
0.4089,0.2586
0.4090,0.2586
0.4092,0.2586
0.4093,0.2586
0.4094,0.2586
0.4095,0.2586
0.4096,0.2587
0.4097,0.2587
0.4098,0.2587
0.4099,0.2587
0.4100,0.2587
0.4101,0.2587
0.4102,0.2587
0.4103,0.2587
0.4104,0.2587
0.4105,0.2587
0.4106,0.2587
0.4106,0.2587
0.4107,0.2587
0.4108,0.2587
0.4108,0.2587
0.4108,0.2587
0.4109,0.2587
0.4110,0.2588
0.4111,0.2588
0.4112,0.2588
0.4113,0.2588
0.4114,0.2588
0.4115,0.2588
0.4116,0.2588
0.4117,0.2588
0.4118,0.2588
0.4119,0.2588
0.4120,0.2588
0.4121,0.2588
0.4122,0.2588
0.4123,0.2588
0.4124,0.2589
0.4125,0.2589
0.4126,0.2589
0.4127,0.2589
0.4128,0.2589
0.4128,0.2589
0.4128,0.2589
0.4128,0.2589
0.4129,0.2589
0.4130,0.2589
0.4131,0.2589
0.4132,0.2589
0.4133,0.2589
0.4135,0.2589
0.4136,0.2589
0.4138,0.2589
0.4139,0.2589
0.4140,0.2589
0.4141,0.2590
0.4143,0.2590
0.4144,0.2590
0.4145,0.2590
0.4146,0.2590
0.4147,0.2590
0.4148,0.2590
0.4149,0.2590
0.4151,0.2590
0.4151,0.2590
0.4151,0.2590
0.4152,0.2590
0.4153,0.2590
0.4154,0.2591
0.4155,0.2591
0.4156,0.2591
0.4157,0.2591
0.4158,0.2591
0.4159,0.2591
0.4160,0.2591
0.4161,0.2591
0.4162,0.2591
0.4163,0.2591
0.4164,0.2591
0.4165,0.2591
0.4166,0.2592
0.4167,0.2592
0.4168,0.2592
0.4169,0.2592
0.4170,0.2592
0.4171,0.2592
0.4171,0.2592
0.4171,0.2592
0.4171,0.2592
0.4171,0.2592
0.4171,0.2592
0.4171,0.2592
0.4171,0.2592
0.4171,0.2592
0.4171,0.2592
0.4171,0.2592
0.4171,0.2592
0.4171,0.2592
0.4171,0.2592
0.4171,0.2592
0.4171,0.2592
0.4171,0.2592
0.4171,0.2592
0.4171,0.2592
0.4171,0.2592
0.4171,0.2592
0.4171,0.2592
0.4171,0.2592
0.4171,0.2592
0.4171,0.2592
0.4171,0.2592
0.4171,0.2592
0.4171,0.2592
0.4171,0.2592
0.4171,0.2592
0.4171,0.2592
0.4171,0.2592
0.4171,0.2592
0.4171,0.2592
0.4171,0.2592
0.4171,0.2592
0.4171,0.2592
0.4171,0.2592
0.4171,0.2592
0.4171,0.2592
0.4171,0.2592
0.4171,0.2592
0.4171,0.2592
0.4171,0.2592
0.4171,0.2592
0.4171,0.2592
0.4171,0.2592
0.4172,0.2592
0.4173,0.2592
0.4174,0.2592
0.4175,0.2592
0.4177,0.2592
0.4178,0.2593
0.4179,0.2593
0.4181,0.2593
0.4182,0.2593
0.4183,0.2593
0.4185,0.2593
0.4186,0.2593
0.4187,0.2593
0.4189,0.2593
0.4190,0.2594
0.4191,0.2594
0.4192,0.2594
0.4193,0.2594
0.4195,0.2594
0.4196,0.2594
0.4196,0.2594
0.4196,0.2594
0.4197,0.2594
0.4199,0.2594
0.4200,0.2594
0.4202,0.2594
0.4203,0.2594
0.4205,0.2595
0.4206,0.2595
0.4208,0.2595
0.4209,0.2595
0.4211,0.2595
0.4212,0.2595
0.4213,0.2596
0.4215,0.2596
0.4216,0.2596
0.4218,0.2596
0.4219,0.2596
0.4220,0.2596
0.4222,0.2596
0.4223,0.2596
0.4225,0.2597
0.4225,0.2597
0.4225,0.2597
0.4226,0.2597
0.4228,0.2597
0.4229,0.2597
0.4231,0.2597
0.4233,0.2597
0.4234,0.2597
0.4236,0.2598
0.4238,0.2598
0.4239,0.2598
0.4241,0.2598
0.4242,0.2598
0.4244,0.2598
0.4245,0.2598
0.4246,0.2598
0.4247,0.2598
0.4248,0.2598
0.4249,0.2598
0.4250,0.2599
0.4252,0.2599
0.4253,0.2599
0.4253,0.2599
0.4253,0.2599
0.4254,0.2599
0.4255,0.2599
0.4256,0.2599
0.4258,0.2599
0.4259,0.2599
0.4260,0.2599
0.4261,0.2600
0.4262,0.2600
0.4263,0.2600
0.4264,0.2600
0.4266,0.2600
0.4267,0.2600
0.4268,0.2600
0.4269,0.2600
0.4270,0.2600
0.4272,0.2600
0.4273,0.2600
0.4274,0.2601
0.4276,0.2601
0.4277,0.2601
0.4277,0.2601
0.4277,0.2601
0.4278,0.2601
0.4279,0.2601
0.4280,0.2601
0.4281,0.2601
0.4282,0.2601
0.4283,0.2601
0.4284,0.2601
0.4286,0.2602
0.4287,0.2602
0.4288,0.2602
0.4289,0.2602
0.4290,0.2602
0.4291,0.2602
0.4292,0.2602
0.4292,0.2602
0.4293,0.2602
0.4294,0.2602
0.4295,0.2602
0.4296,0.2602
0.4297,0.2602
0.4297,0.2602
0.4297,0.2602
0.4298,0.2603
0.4299,0.2603
0.4300,0.2603
0.4301,0.2603
0.4303,0.2603
0.4304,0.2603
0.4305,0.2603
0.4306,0.2603
0.4307,0.2603
0.4308,0.2603
0.4310,0.2603
0.4311,0.2604
0.4312,0.2604
0.4313,0.2604
0.4314,0.2604
0.4315,0.2604
0.4316,0.2604
0.4317,0.2604
0.4318,0.2604
0.4318,0.2604
0.4318,0.2604
0.4318,0.2604
0.4319,0.2604
0.4320,0.2604
0.4321,0.2604
0.4322,0.2604
0.4323,0.2604
0.4324,0.2604
0.4325,0.2604
0.4326,0.2604
0.4327,0.2604
0.4329,0.2604
0.4330,0.2604
0.4331,0.2605
0.4332,0.2605
0.4333,0.2605
0.4335,0.2605
0.4336,0.2605
0.4338,0.2605
0.4339,0.2605
0.4340,0.2605
0.4342,0.2605
0.4342,0.2605
0.4342,0.2605
0.4343,0.2605
0.4344,0.2605
0.4345,0.2605
0.4347,0.2605
0.4348,0.2605
0.4349,0.2605
0.4350,0.2606
0.4351,0.2606
0.4352,0.2606
0.4353,0.2606
0.4354,0.2606
0.4356,0.2606
0.4356,0.2606
0.4357,0.2606
0.4358,0.2606
0.4359,0.2606
0.4361,0.2606
0.4362,0.2606
0.4363,0.2606
0.4364,0.2606
0.4364,0.2606
0.4364,0.2606
0.4364,0.2606
0.4364,0.2606
0.4364,0.2606
0.4364,0.2606
0.4364,0.2606
0.4364,0.2606
0.4364,0.2606
0.4364,0.2606
0.4364,0.2606
0.4364,0.2606
0.4364,0.2606
0.4364,0.2606
0.4364,0.2606
0.4364,0.2606
0.4364,0.2606
0.4364,0.2606
0.4364,0.2606
0.4364,0.2606
0.4364,0.2606
0.4364,0.2606
0.4364,0.2606
0.4364,0.2606
0.4364,0.2606
0.4364,0.2606
0.4364,0.2606
0.4364,0.2606
0.4364,0.2606
0.4364,0.2606
0.4364,0.2606
0.4364,0.2606
0.4364,0.2606
0.4364,0.2606
0.4364,0.2606
0.4364,0.2606
0.4364,0.2606
0.4364,0.2606
0.4364,0.2606
0.4364,0.2606
0.4364,0.2606
0.4364,0.2606
0.4364,0.2606
0.4364,0.2606
0.4364,0.2606
0.4364,0.2606
0.4365,0.2606
0.4366,0.2606
0.4367,0.2606
0.4369,0.2606
0.4370,0.2607
0.4371,0.2607
0.4373,0.2607
0.4374,0.2607
0.4375,0.2607
0.4376,0.2607
0.4377,0.2607
0.4379,0.2607
0.4380,0.2607
0.4381,0.2607
0.4383,0.2607
0.4384,0.2607
0.4385,0.2607
0.4387,0.2607
0.4388,0.2607
0.4389,0.2607
0.4389,0.2607
0.4389,0.2607
0.4391,0.2607
0.4392,0.2607
0.4393,0.2607
0.4395,0.2607
0.4396,0.2607
0.4398,0.2608
0.4399,0.2608
0.4400,0.2608
0.4401,0.2608
0.4402,0.2608
0.4403,0.2608
0.4404,0.2608
0.4405,0.2608
0.4406,0.2608
0.4408,0.2608
0.4409,0.2608
0.4410,0.2608
0.4411,0.2608
0.4413,0.2608
0.4414,0.2608
0.4414,0.2608
0.4414,0.2608
0.4415,0.2608
0.4417,0.2608
0.4418,0.2608
0.4419,0.2608
0.4421,0.2608
0.4422,0.2608
0.4423,0.2608
0.4424,0.2608
0.4425,0.2608
0.4427,0.2608
0.4428,0.2608
0.4429,0.2608
0.4430,0.2608
0.4431,0.2608
0.4432,0.2608
0.4434,0.2609
0.4435,0.2609
0.4436,0.2609
0.4437,0.2609
0.4438,0.2609
0.4438,0.2609
0.4438,0.2609
0.4439,0.2609
0.4440,0.2609
0.4441,0.2609
0.4442,0.2609
0.4443,0.2609
0.4444,0.2609
0.4444,0.2609
0.4446,0.2609
0.4447,0.2609
0.4448,0.2609
0.4448,0.2609
0.4449,0.2609
0.4450,0.2609
0.4451,0.2609
0.4452,0.2609
0.4453,0.2609
0.4454,0.2609
0.4455,0.2609
0.4456,0.2609
0.4457,0.2609
0.4457,0.2609
0.4457,0.2609
0.4458,0.2609
0.4459,0.2609
0.4460,0.2609
0.4460,0.2609
0.4461,0.2609
0.4462,0.2609
0.4463,0.2609
0.4464,0.2609
0.4465,0.2609
0.4466,0.2609
0.4467,0.2609
0.4468,0.2609
0.4469,0.2609
0.4470,0.2609
0.4471,0.2609
0.4473,0.2609
0.4474,0.2609
0.4475,0.2609
0.4476,0.2609
0.4477,0.2609
0.4477,0.2609
0.4477,0.2609
0.4478,0.2609
0.4480,0.2609
0.4480,0.2609
0.4481,0.2609
0.4482,0.2609
0.4483,0.2609
0.4484,0.2609
0.4485,0.2609
0.4486,0.2609
0.4487,0.2609
0.4488,0.2609
0.4489,0.2609
0.4490,0.2609
0.4491,0.2609
0.4492,0.2609
0.4493,0.2609
0.4494,0.2609
0.4495,0.2609
0.4497,0.2609
0.4498,0.2609
0.4498,0.2609
0.4498,0.2609
0.4499,0.2609
0.4500,0.2609
0.4501,0.2609
0.4502,0.2609
0.4503,0.2609
0.4504,0.2609
0.4505,0.2609
0.4506,0.2609
0.4507,0.2609
0.4508,0.2609
0.4509,0.2609
0.4510,0.2609
0.4510,0.2609
0.4511,0.2609
0.4512,0.2609
0.4513,0.2609
0.4514,0.2608
0.4515,0.2608
0.4516,0.2608
0.4517,0.2608
0.4517,0.2608
0.4517,0.2608
0.4517,0.2608
0.4518,0.2608
0.4519,0.2608
0.4520,0.2608
0.4521,0.2608
0.4521,0.2609
0.4522,0.2609
0.4523,0.2609
0.4524,0.2608
0.4524,0.2608
0.4525,0.2608
0.4526,0.2608
0.4526,0.2608
0.4527,0.2608
0.4528,0.2608
0.4528,0.2608
0.4529,0.2608
0.4530,0.2608
0.4530,0.2608
0.4531,0.2608
0.4531,0.2608
0.4531,0.2608
0.4531,0.2608
0.4531,0.2608
0.4531,0.2608
0.4531,0.2608
0.4531,0.2608
0.4531,0.2608
0.4531,0.2608
0.4531,0.2608
0.4531,0.2608
0.4531,0.2608
0.4531,0.2608
0.4531,0.2608
0.4531,0.2608
0.4531,0.2608
0.4531,0.2608
0.4531,0.2608
0.4531,0.2608
0.4531,0.2608
0.4531,0.2608
0.4531,0.2608
0.4531,0.2608
0.4531,0.2608
0.4531,0.2608
0.4531,0.2608
0.4531,0.2608
0.4531,0.2608
0.4531,0.2608
0.4531,0.2608
0.4531,0.2608
0.4531,0.2608
0.4531,0.2608
0.4531,0.2608
0.4531,0.2608
0.4531,0.2608
0.4531,0.2608
0.4531,0.2608
0.4531,0.2608
0.4531,0.2608
0.4531,0.2608
0.4531,0.2608
0.4531,0.2608
0.4531,0.2608
0.4531,0.2608
0.4531,0.2608
0.4531,0.2608
0.4532,0.2608
0.4533,0.2608
0.4533,0.2608
0.4534,0.2608
0.4535,0.2608
0.4535,0.2608
0.4536,0.2608
0.4537,0.2608
0.4538,0.2608
0.4539,0.2608
0.4540,0.2608
0.4541,0.2608
0.4542,0.2608
0.4543,0.2608
0.4544,0.2608
0.4545,0.2608
0.4545,0.2608
0.4546,0.2608
0.4547,0.2608
0.4547,0.2608
0.4547,0.2608
0.4548,0.2608
0.4548,0.2608
0.4549,0.2608
0.4550,0.2608
0.4551,0.2608
0.4552,0.2608
0.4552,0.2608
0.4553,0.2608
0.4554,0.2608
0.4555,0.2608
0.4555,0.2608
0.4556,0.2608
0.4557,0.2608
0.4557,0.2608
0.4558,0.2608
0.4558,0.2608
0.4559,0.2608
0.4559,0.2608
0.4560,0.2608
0.4560,0.2608
0.4560,0.2608
0.4560,0.2608
0.4561,0.2608
0.4561,0.2608
0.4562,0.2608
0.4562,0.2608
0.4563,0.2608
0.4564,0.2608
0.4564,0.2608
0.4565,0.2608
0.4565,0.2608
0.4566,0.2608
0.4566,0.2608
0.4567,0.2608
0.4567,0.2608
0.4568,0.2608
0.4569,0.2608
0.4569,0.2608
0.4570,0.2608
0.4571,0.2607
0.4572,0.2607
0.4572,0.2607
0.4572,0.2607
0.4572,0.2607
0.4573,0.2607
0.4574,0.2607
0.4574,0.2607
0.4575,0.2607
0.4576,0.2607
0.4576,0.2607
0.4577,0.2607
0.4577,0.2607
0.4578,0.2607
0.4579,0.2607
0.4579,0.2607
0.4580,0.2607
0.4581,0.2607
0.4582,0.2607
0.4582,0.2607
0.4583,0.2607
0.4583,0.2607
0.4584,0.2607
0.4584,0.2607
0.4585,0.2607
0.4585,0.2607
0.4585,0.2607
0.4585,0.2607
0.4586,0.2607
0.4586,0.2607
0.4587,0.2607
0.4587,0.2607
0.4587,0.2607
0.4588,0.2607
0.4588,0.2607
0.4589,0.2607
0.4589,0.2607
0.4589,0.2607
0.4590,0.2607
0.4590,0.2607
0.4590,0.2607
0.4591,0.2607
0.4591,0.2607
0.4592,0.2607
0.4592,0.2607
0.4593,0.2607
0.4593,0.2607
0.4593,0.2607
0.4593,0.2607
0.4594,0.2607
0.4595,0.2607
0.4595,0.2606
0.4596,0.2606
0.4596,0.2606
0.4597,0.2606
0.4597,0.2606
0.4598,0.2606
0.4598,0.2606
0.4599,0.2606
0.4599,0.2606
0.4600,0.2606
0.4600,0.2606
0.4601,0.2606
0.4601,0.2606
0.4602,0.2606
0.4602,0.2606
0.4603,0.2606
0.4603,0.2606
0.4604,0.2606
0.4604,0.2606
0.4604,0.2606
0.4604,0.2606
0.4605,0.2606
0.4605,0.2606
0.4606,0.2606
0.4606,0.2606
0.4606,0.2606
0.4607,0.2606
0.4607,0.2606
0.4608,0.2606
0.4608,0.2606
0.4608,0.2606
0.4609,0.2606
0.4609,0.2606
0.4610,0.2606
0.4610,0.2606
0.4610,0.2606
0.4611,0.2606
0.4611,0.2606
0.4611,0.2606
0.4612,0.2606
0.4612,0.2606
0.4612,0.2606
0.4612,0.2606
0.4612,0.2606
0.4613,0.2606
0.4613,0.2606
0.4613,0.2606
0.4613,0.2606
0.4614,0.2606
0.4614,0.2606
0.4615,0.2606
0.4615,0.2606
0.4615,0.2606
0.4616,0.2606
0.4616,0.2606
0.4617,0.2606
0.4617,0.2606
0.4617,0.2606
0.4617,0.2606
0.4618,0.2606
0.4618,0.2606
0.4618,0.2606
0.4618,0.2606
0.4618,0.2606
0.4618,0.2606
0.4618,0.2606
0.4618,0.2606
0.4618,0.2606
0.4618,0.2606
0.4618,0.2606
0.4618,0.2606
0.4618,0.2606
0.4618,0.2606
0.4618,0.2606
0.4618,0.2606
0.4618,0.2606
0.4618,0.2606
0.4618,0.2606
0.4618,0.2606
0.4618,0.2606
0.4618,0.2606
0.4618,0.2606
0.4618,0.2606
0.4618,0.2606
0.4618,0.2606
0.4618,0.2606
0.4618,0.2606
0.4618,0.2606
0.4618,0.2606
0.4618,0.2606
0.4618,0.2606
0.4618,0.2606
0.4618,0.2606
0.4618,0.2606
0.4618,0.2606
0.4618,0.2606
0.4618,0.2606
0.4618,0.2606
0.4618,0.2606
0.4618,0.2606
0.4618,0.2606
0.4618,0.2606
0.4618,0.2606
0.4618,0.2606
0.4618,0.2606
0.4618,0.2606
0.4618,0.2606
0.4618,0.2606
0.4619,0.2606
0.4619,0.2606
0.4619,0.2606
0.4619,0.2606
0.4620,0.2606
0.4620,0.2606
0.4620,0.2606
0.4621,0.2606
0.4621,0.2606
0.4621,0.2606
0.4621,0.2606
0.4622,0.2606
0.4622,0.2605
0.4622,0.2605
0.4622,0.2605
0.4623,0.2605
0.4623,0.2606
0.4623,0.2606
0.4623,0.2606
0.4624,0.2606
0.4624,0.2606
0.4624,0.2606
0.4624,0.2606
0.4624,0.2606
0.4625,0.2605
0.4625,0.2605
0.4625,0.2605
0.4626,0.2605
0.4626,0.2605
0.4626,0.2605
0.4626,0.2605
0.4626,0.2605
0.4627,0.2605
0.4627,0.2605
0.4627,0.2605
0.4627,0.2605
0.4628,0.2605
0.4628,0.2605
0.4628,0.2605
0.4628,0.2605
0.4628,0.2605
0.4629,0.2605
0.4629,0.2605
0.4629,0.2605
0.4629,0.2605
0.4629,0.2605
0.4629,0.2605
0.4630,0.2605
0.4630,0.2605
0.4630,0.2605
0.4630,0.2605
0.4631,0.2605
0.4631,0.2605
0.4631,0.2605
0.4632,0.2605
0.4632,0.2605
0.4632,0.2605
0.4633,0.2605
0.4633,0.2605
0.4633,0.2605
0.4633,0.2605
0.4634,0.2605
0.4634,0.2605
0.4634,0.2605
0.4634,0.2605
0.4634,0.2605
0.4635,0.2605
0.4635,0.2605
0.4635,0.2605
0.4635,0.2605
0.4636,0.2605
0.4636,0.2605
0.4636,0.2605
0.4636,0.2605
0.4636,0.2605
0.4637,0.2605
0.4637,0.2605
0.4637,0.2605
0.4637,0.2605
0.4638,0.2605
0.4638,0.2605
0.4638,0.2605
0.4638,0.2605
0.4639,0.2605
0.4639,0.2605
0.4639,0.2605
0.4639,0.2605
0.4639,0.2605
0.4639,0.2605
0.4639,0.2605
0.4640,0.2605
0.4640,0.2605
0.4640,0.2605
0.4640,0.2605
0.4640,0.2605
0.4640,0.2605
0.4641,0.2605
0.4641,0.2605
0.4641,0.2605
0.4641,0.2605
0.4642,0.2605
0.4642,0.2605
0.4642,0.2605
0.4642,0.2605
0.4643,0.2605
0.4643,0.2605
0.4643,0.2605
0.4643,0.2605
0.4643,0.2605
0.4643,0.2605
0.4644,0.2605
0.4644,0.2605
0.4644,0.2605
0.4644,0.2605
0.4645,0.2605
0.4645,0.2605
0.4645,0.2605
0.4645,0.2605
0.4645,0.2605
0.4645,0.2605
0.4646,0.2605
0.4646,0.2605
0.4646,0.2605
0.4646,0.2605
0.4646,0.2605
0.4646,0.2605
0.4647,0.2605
0.4647,0.2605
0.4647,0.2605
0.4647,0.2605
0.4647,0.2605
0.4647,0.2605
0.4647,0.2605
0.4647,0.2605
0.4647,0.2605
0.4648,0.2605
0.4648,0.2605
0.4648,0.2605
0.4648,0.2605
0.4648,0.2605
0.4648,0.2605
0.4648,0.2605
0.4649,0.2605
0.4649,0.2605
0.4649,0.2605
0.4649,0.2605
0.4649,0.2605
0.4649,0.2605
0.4649,0.2605
0.4649,0.2605
0.4650,0.2605
0.4650,0.2605
0.4650,0.2605
0.4650,0.2605
0.4650,0.2605
0.4650,0.2605
0.4650,0.2605
0.4651,0.2605
0.4651,0.2605
0.4651,0.2605
0.4651,0.2605
0.4652,0.2605
0.4652,0.2605
0.4652,0.2605
0.4652,0.2605
0.4652,0.2605
0.4653,0.2605
0.4653,0.2605
0.4653,0.2605
0.4653,0.2605
0.4653,0.2605
0.4654,0.2605
0.4654,0.2605
0.4654,0.2605
0.4654,0.2605
0.4654,0.2605
0.4654,0.2605
0.4654,0.2605
0.4654,0.2605
0.4654,0.2605
0.4654,0.2605
0.4654,0.2605
0.4654,0.2605
0.4654,0.2605
0.4654,0.2605
0.4654,0.2605
0.4654,0.2605
0.4654,0.2605
0.4654,0.2605
0.4654,0.2605
0.4654,0.2605
0.4654,0.2605
0.4654,0.2605
0.4654,0.2605
0.4654,0.2605
0.4654,0.2605
0.4654,0.2605
0.4654,0.2605
0.4654,0.2605
0.4654,0.2605
0.4654,0.2605
0.4654,0.2605
0.4654,0.2605
0.4654,0.2605
0.4654,0.2605
0.4654,0.2605
0.4654,0.2605
0.4654,0.2605
0.4654,0.2605
0.4654,0.2605
0.4654,0.2605
0.4654,0.2605
0.4654,0.2605
0.4654,0.2605
0.4654,0.2605
0.4654,0.2605
0.4654,0.2605
0.4654,0.2605
0.4654,0.2605
0.4654,0.2605
0.4654,0.2605
0.4655,0.2605
0.4655,0.2604
0.4655,0.2604
0.4655,0.2604
0.4655,0.2604
0.4655,0.2604
0.4656,0.2604
0.4656,0.2604
0.4656,0.2604
0.4657,0.2604
0.4657,0.2604
0.4657,0.2604
0.4657,0.2604
0.4658,0.2604
0.4658,0.2604
0.4658,0.2604
0.4658,0.2604
0.4659,0.2604
0.4659,0.2604
0.4659,0.2604
0.4659,0.2604
0.4659,0.2604
0.4659,0.2604
0.4660,0.2604
0.4660,0.2604
0.4661,0.2604
0.4661,0.2604
0.4661,0.2604
0.4662,0.2604
0.4662,0.2604
0.4663,0.2604
0.4663,0.2604
0.4664,0.2604
0.4664,0.2604
0.4664,0.2604
0.4665,0.2604
0.4665,0.2604
0.4666,0.2604
0.4666,0.2604
0.4666,0.2604
0.4667,0.2604
0.4667,0.2604
0.4667,0.2604
0.4667,0.2604
0.4667,0.2604
0.4667,0.2604
0.4668,0.2604
0.4668,0.2604
0.4668,0.2604
0.4668,0.2604
0.4669,0.2604
0.4669,0.2604
0.4669,0.2604
0.4669,0.2604
0.4670,0.2604
0.4670,0.2604
0.4670,0.2604
0.4671,0.2604
0.4671,0.2604
0.4671,0.2604
0.4671,0.2604
0.4672,0.2604
0.4672,0.2604
0.4672,0.2604
0.4672,0.2604
0.4672,0.2604
0.4673,0.2604
0.4673,0.2604
0.4673,0.2604
0.4673,0.2604
0.4674,0.2604
0.4674,0.2604
0.4674,0.2604
0.4675,0.2604
0.4675,0.2604
0.4675,0.2604
0.4676,0.2604
0.4676,0.2604
0.4676,0.2604
0.4677,0.2604
0.4677,0.2604
0.4677,0.2604
0.4678,0.2604
0.4678,0.2604
0.4679,0.2604
0.4679,0.2604
0.4679,0.2604
0.4679,0.2604
0.4679,0.2604
0.4680,0.2604
0.4680,0.2604
0.4681,0.2604
0.4681,0.2604
0.4681,0.2604
0.4681,0.2604
0.4682,0.2604
0.4682,0.2604
0.4682,0.2604
0.4683,0.2604
0.4683,0.2604
0.4683,0.2604
0.4683,0.2604
0.4683,0.2604
0.4684,0.2604
0.4684,0.2604
0.4684,0.2604
0.4684,0.2604
0.4684,0.2604
0.4684,0.2604
0.4685,0.2604
0.4685,0.2603
0.4685,0.2603
0.4685,0.2603
0.4686,0.2603
0.4686,0.2603
0.4686,0.2603
0.4686,0.2603
0.4687,0.2603
0.4687,0.2603
0.4687,0.2603
0.4688,0.2603
0.4688,0.2603
0.4688,0.2603
0.4688,0.2603
0.4688,0.2603
0.4689,0.2603
0.4689,0.2603
0.4689,0.2603
0.4689,0.2603
0.4689,0.2603
0.4689,0.2603
0.4689,0.2603
0.4690,0.2603
0.4690,0.2603
0.4690,0.2603
0.4690,0.2603
0.4690,0.2603
0.4690,0.2603
0.4691,0.2603
0.4691,0.2603
0.4691,0.2603
0.4691,0.2603
0.4691,0.2603
0.4692,0.2603
0.4692,0.2603
0.4692,0.2603
0.4692,0.2603
0.4692,0.2603
0.4693,0.2603
0.4693,0.2603
0.4693,0.2603
0.4693,0.2603
0.4693,0.2603
0.4693,0.2603
0.4693,0.2603
0.4694,0.2603
0.4694,0.2603
0.4694,0.2603
0.4694,0.2603
0.4694,0.2603
0.4694,0.2603
0.4695,0.2603
0.4695,0.2603
0.4695,0.2603
0.4695,0.2603
0.4696,0.2603
0.4696,0.2603
0.4696,0.2603
0.4696,0.2603
0.4697,0.2603
0.4697,0.2603
0.4697,0.2603
0.4697,0.2603
0.4697,0.2603
0.4697,0.2603
0.4697,0.2603
0.4697,0.2603
0.4697,0.2603
0.4697,0.2603
0.4697,0.2603
0.4697,0.2603
0.4697,0.2603
0.4697,0.2603
0.4697,0.2603
0.4697,0.2603
0.4697,0.2603
0.4697,0.2603
0.4697,0.2603
0.4697,0.2603
0.4697,0.2603
0.4697,0.2603
0.4697,0.2603
0.4697,0.2603
0.4697,0.2603
0.4697,0.2603
0.4697,0.2603
0.4697,0.2603
0.4697,0.2603
0.4697,0.2603
0.4697,0.2603
0.4697,0.2603
0.4697,0.2603
0.4697,0.2603
0.4697,0.2603
0.4697,0.2603
0.4697,0.2603
0.4697,0.2603
0.4697,0.2603
0.4697,0.2603
0.4697,0.2603
0.4697,0.2603
0.4697,0.2603
0.4697,0.2603
0.4697,0.2603
0.4697,0.2603
0.4697,0.2603
0.4697,0.2603
0.4697,0.2603
0.4697,0.2603
0.4697,0.2603
0.4698,0.2603
0.4698,0.2603
0.4698,0.2603
0.4698,0.2603
0.4699,0.2603
0.4699,0.2603
0.4699,0.2603
0.4699,0.2603
0.4699,0.2603
0.4700,0.2603
0.4700,0.2603
0.4700,0.2603
0.4700,0.2603
0.4701,0.2603
0.4701,0.2603
0.4701,0.2603
0.4701,0.2603
0.4702,0.2603
0.4702,0.2603
0.4702,0.2603
0.4702,0.2603
0.4702,0.2603
0.4702,0.2603
0.4702,0.2603
0.4703,0.2603
0.4703,0.2603
0.4703,0.2603
0.4703,0.2603
0.4703,0.2603
0.4703,0.2603
0.4704,0.2603
0.4704,0.2603
0.4704,0.2603
0.4704,0.2603
0.4704,0.2603
0.4704,0.2603
0.4704,0.2603
0.4705,0.2603
0.4705,0.2603
0.4705,0.2603
0.4705,0.2603
0.4705,0.2603
0.4705,0.2603
0.4705,0.2603
0.4705,0.2603
0.4705,0.2603
0.4705,0.2603
0.4706,0.2603
0.4706,0.2603
0.4706,0.2603
0.4706,0.2603
0.4706,0.2603
0.4706,0.2603
0.4706,0.2603
0.4706,0.2603
0.4707,0.2603
0.4707,0.2603
0.4707,0.2603
0.4707,0.2603
0.4707,0.2603
0.4707,0.2603
0.4707,0.2603
0.4708,0.2603
0.4708,0.2603
0.4708,0.2603
0.4708,0.2603
0.4708,0.2603
0.4708,0.2603
0.4708,0.2603
0.4709,0.2603
0.4709,0.2603
0.4709,0.2603
0.4709,0.2603
0.4709,0.2603
0.4709,0.2603
0.4709,0.2603
0.4710,0.2603
0.4710,0.2603
0.4710,0.2603
0.4710,0.2603
0.4710,0.2603
0.4710,0.2603
0.4710,0.2603
0.4710,0.2603
0.4710,0.2603
0.4710,0.2603
0.4710,0.2603
0.4711,0.2603
0.4711,0.2603
0.4711,0.2603
0.4711,0.2603
0.4711,0.2603
0.4711,0.2603
0.4711,0.2603
0.4711,0.2603
0.4711,0.2603
0.4711,0.2603
0.4712,0.2603
0.4712,0.2603
0.4712,0.2603
0.4712,0.2603
0.4712,0.2603
0.4712,0.2603
0.4712,0.2603
0.4712,0.2603
0.4712,0.2603
0.4713,0.2603
0.4713,0.2603
0.4713,0.2603
0.4713,0.2603
0.4713,0.2603
0.4713,0.2603
0.4713,0.2603
0.4713,0.2603
0.4713,0.2603
0.4713,0.2603
0.4714,0.2603
0.4714,0.2603
0.4714,0.2603
0.4714,0.2603
0.4714,0.2603
0.4714,0.2603
0.4714,0.2603
0.4715,0.2603
0.4715,0.2603
0.4715,0.2603
0.4715,0.2603
0.4715,0.2603
0.4715,0.2603
0.4715,0.2603
0.4715,0.2603
0.4715,0.2603
0.4716,0.2603
0.4716,0.2603
0.4716,0.2603
0.4716,0.2603
0.4716,0.2603
0.4716,0.2603
0.4716,0.2603
0.4716,0.2603
0.4717,0.2603
0.4717,0.2603
0.4717,0.2603
0.4717,0.2603
0.4717,0.2603
0.4717,0.2603
0.4717,0.2603
0.4717,0.2603
0.4717,0.2603
0.4718,0.2603
0.4718,0.2603
0.4718,0.2603
0.4718,0.2603
0.4718,0.2603
0.4718,0.2603
0.4718,0.2603
0.4718,0.2603
0.4718,0.2603
0.4718,0.2603
0.4718,0.2603
0.4718,0.2603
0.4719,0.2603
0.4719,0.2603
0.4719,0.2603
0.4719,0.2603
0.4719,0.2603
0.4719,0.2603
0.4720,0.2603
0.4720,0.2603
0.4720,0.2603
0.4720,0.2603
0.4720,0.2603
0.4720,0.2603
0.4720,0.2603
0.4720,0.2603
0.4720,0.2603
0.4720,0.2603
0.4720,0.2603
0.4720,0.2603
0.4720,0.2603
0.4720,0.2603
0.4720,0.2603
0.4720,0.2603
0.4720,0.2603
0.4720,0.2603
0.4720,0.2603
0.4720,0.2603
0.4720,0.2603
0.4720,0.2603
0.4720,0.2603
0.4720,0.2603
0.4720,0.2603
0.4720,0.2603
0.4720,0.2603
0.4720,0.2603
0.4720,0.2603
0.4720,0.2603
0.4720,0.2603
0.4720,0.2603
0.4720,0.2603
0.4720,0.2603
0.4720,0.2603
0.4720,0.2603
0.4720,0.2603
0.4720,0.2603
0.4720,0.2603
0.4720,0.2603
0.4720,0.2603
0.4720,0.2603
0.4720,0.2603
0.4720,0.2603
0.4720,0.2603
0.4720,0.2603
0.4720,0.2603
0.4720,0.2603
0.4720,0.2603
0.4720,0.2603
0.4720,0.2603
0.4720,0.2603
0.4720,0.2603
0.4721,0.2603
0.4721,0.2603
0.4721,0.2603
0.4721,0.2603
0.4721,0.2603
0.4721,0.2603
0.4721,0.2603
0.4721,0.2603
0.4722,0.2603
0.4722,0.2603
0.4722,0.2603
0.4722,0.2603
0.4722,0.2603
0.4722,0.2603
0.4722,0.2603
0.4722,0.2603
0.4722,0.2603
0.4722,0.2603
0.4723,0.2603
0.4723,0.2603
0.4723,0.2603
0.4723,0.2603
0.4723,0.2603
0.4723,0.2603
0.4723,0.2603
0.4723,0.2603
0.4723,0.2603
0.4723,0.2603
0.4724,0.2603
0.4724,0.2603
0.4724,0.2603
0.4724,0.2603
0.4724,0.2603
0.4724,0.2603
0.4724,0.2603
0.4725,0.2603
0.4725,0.2603
0.4725,0.2603
0.4725,0.2603
0.4725,0.2603
0.4725,0.2603
0.4725,0.2603
0.4725,0.2603
0.4725,0.2603
0.4725,0.2603
0.4725,0.2603
0.4726,0.2603
0.4726,0.2603
0.4726,0.2603
0.4726,0.2603
0.4726,0.2603
0.4726,0.2603
0.4726,0.2603
0.4726,0.2603
0.4727,0.2603
0.4727,0.2603
0.4727,0.2603
0.4727,0.2603
0.4727,0.2603
0.4727,0.2603
0.4727,0.2603
0.4728,0.2603
0.4728,0.2603
0.4728,0.2603
0.4728,0.2603
0.4728,0.2603
0.4728,0.2603
0.4728,0.2603
0.4728,0.2603
0.4729,0.2603
0.4729,0.2603
0.4729,0.2603
0.4729,0.2603
0.4729,0.2603
0.4730,0.2603
0.4730,0.2603
0.4730,0.2603
0.4730,0.2603
0.4731,0.2603
0.4731,0.2603
0.4731,0.2603
0.4731,0.2603
0.4732,0.2603
0.4732,0.2603
0.4732,0.2603
0.4732,0.2603
0.4732,0.2603
0.4732,0.2603
0.4732,0.2603
0.4733,0.2603
0.4733,0.2603
0.4733,0.2603
0.4733,0.2603
0.4733,0.2603
0.4733,0.2603
0.4734,0.2603
0.4734,0.2603
0.4734,0.2603
0.4734,0.2603
0.4734,0.2602
0.4734,0.2602
0.4735,0.2603
0.4735,0.2603
0.4735,0.2603
0.4735,0.2603
0.4735,0.2603
0.4735,0.2602
0.4735,0.2602
0.4735,0.2602
0.4735,0.2602
0.4735,0.2602
0.4735,0.2602
0.4736,0.2603
0.4736,0.2603
0.4736,0.2603
0.4736,0.2603
0.4736,0.2603
0.4736,0.2602
0.4736,0.2602
0.4736,0.2602
0.4737,0.2602
0.4737,0.2602
0.4737,0.2602
0.4737,0.2603
0.4737,0.2603
0.4737,0.2603
0.4737,0.2603
0.4737,0.2602
0.4737,0.2602
0.4737,0.2602
0.4737,0.2602
0.4737,0.2602
0.4737,0.2602
0.4737,0.2602
0.4738,0.2602
0.4738,0.2602
0.4738,0.2602
0.4738,0.2602
0.4738,0.2602
0.4738,0.2602
0.4739,0.2602
0.4739,0.2602
0.4739,0.2602
0.4739,0.2602
0.4739,0.2602
0.4739,0.2602
0.4739,0.2602
0.4740,0.2602
0.4740,0.2602
0.4740,0.2602
0.4740,0.2602
0.4740,0.2602
0.4740,0.2602
0.4740,0.2602
0.4740,0.2602
0.4741,0.2602
0.4741,0.2602
0.4741,0.2602
0.4741,0.2602
0.4741,0.2602
0.4741,0.2602
0.4742,0.2602
0.4742,0.2602
0.4742,0.2602
0.4742,0.2602
0.4742,0.2602
0.4743,0.2602
0.4743,0.2602
0.4743,0.2602
0.4743,0.2602
0.4743,0.2602
0.4743,0.2602
0.4743,0.2602
0.4743,0.2602
0.4743,0.2602
0.4743,0.2602
0.4743,0.2602
0.4743,0.2602
0.4743,0.2602
0.4743,0.2602
0.4743,0.2602
0.4743,0.2602
0.4743,0.2602
0.4743,0.2602
0.4743,0.2602
0.4743,0.2602
0.4743,0.2602
0.4743,0.2602
0.4743,0.2602
0.4743,0.2602
0.4743,0.2602
0.4743,0.2602
0.4743,0.2602
0.4743,0.2602
0.4743,0.2602
0.4743,0.2602
0.4743,0.2602
0.4743,0.2602
0.4743,0.2602
0.4743,0.2602
0.4743,0.2602
0.4743,0.2602
0.4743,0.2602
0.4743,0.2602
0.4743,0.2602
0.4743,0.2602
0.4743,0.2602
0.4743,0.2602
0.4743,0.2602
0.4743,0.2602
0.4743,0.2602
0.4743,0.2602
0.4743,0.2602
0.4743,0.2602
0.4743,0.2602
0.4743,0.2602
0.4743,0.2602
0.4743,0.2602
0.4743,0.2602
0.4744,0.2602
0.4744,0.2602
0.4744,0.2602
0.4744,0.2602
0.4744,0.2602
0.4744,0.2602
0.4745,0.2602
0.4745,0.2602
0.4745,0.2602
0.4745,0.2602
0.4745,0.2602
0.4745,0.2602
0.4746,0.2602
0.4746,0.2602
0.4746,0.2602
0.4746,0.2602
0.4746,0.2602
0.4746,0.2602
0.4746,0.2602
0.4747,0.2602
0.4747,0.2602
0.4747,0.2602
0.4747,0.2602
0.4747,0.2602
0.4747,0.2602
0.4747,0.2602
0.4747,0.2602
0.4747,0.2602
0.4747,0.2602
0.4747,0.2602
0.4747,0.2602
0.4748,0.2602
0.4748,0.2602
0.4748,0.2602
0.4748,0.2602
0.4748,0.2602
0.4748,0.2602
0.4748,0.2602
0.4748,0.2602
0.4748,0.2602
0.4748,0.2602
0.4748,0.2602
0.4748,0.2602
0.4748,0.2602
0.4748,0.2602
0.4749,0.2602
0.4749,0.2602
0.4749,0.2602
0.4749,0.2602
0.4749,0.2602
0.4749,0.2602
0.4749,0.2602
0.4749,0.2602
0.4749,0.2602
0.4750,0.2602
0.4750,0.2602
0.4750,0.2602
0.4750,0.2602
0.4750,0.2602
0.4750,0.2602
0.4750,0.2602
0.4751,0.2602
0.4751,0.2602
0.4751,0.2602
0.4751,0.2602
0.4751,0.2602
0.4751,0.2602
0.4751,0.2602
0.4751,0.2602
0.4751,0.2602
0.4751,0.2602
0.4751,0.2602
0.4751,0.2602
0.4752,0.2602
0.4752,0.2602
0.4752,0.2602
0.4752,0.2602
0.4752,0.2602
0.4752,0.2602
0.4752,0.2602
0.4752,0.2602
0.4753,0.2602
0.4753,0.2602
0.4753,0.2602
0.4753,0.2602
0.4753,0.2602
0.4753,0.2602
0.4753,0.2602
0.4753,0.2602
0.4753,0.2602
0.4753,0.2602
0.4753,0.2602
0.4754,0.2602
0.4754,0.2602
0.4754,0.2602
0.4754,0.2602
0.4754,0.2602
0.4754,0.2602
0.4754,0.2602
0.4754,0.2602
0.4754,0.2602
0.4754,0.2602
0.4755,0.2602
0.4755,0.2602
0.4755,0.2602
0.4755,0.2602
0.4755,0.2602
0.4755,0.2602
0.4755,0.2602
0.4755,0.2602
0.4755,0.2602
0.4755,0.2602
0.4756,0.2602
0.4756,0.2602
0.4756,0.2602
0.4756,0.2602
0.4756,0.2602
0.4756,0.2602
0.4757,0.2602
0.4757,0.2602
0.4757,0.2602
0.4757,0.2602
0.4757,0.2602
0.4757,0.2602
0.4757,0.2602
0.4757,0.2602
0.4757,0.2602
0.4757,0.2602
0.4758,0.2602
0.4758,0.2602
0.4758,0.2602
0.4758,0.2602
0.4758,0.2602
0.4758,0.2602
0.4758,0.2602
0.4758,0.2602
0.4758,0.2602
0.4758,0.2602
0.4758,0.2602
0.4758,0.2602
0.4758,0.2602
0.4759,0.2602
0.4759,0.2602
0.4759,0.2602
0.4759,0.2602
0.4759,0.2602
0.4759,0.2602
0.4759,0.2602
0.4759,0.2602
0.4760,0.2602
0.4760,0.2602
0.4760,0.2602
0.4760,0.2602
0.4760,0.2602
0.4760,0.2602
0.4760,0.2602
0.4761,0.2602
0.4761,0.2602
0.4761,0.2602
0.4761,0.2602
0.4762,0.2602
0.4762,0.2602
0.4762,0.2602
0.4762,0.2602
0.4763,0.2602
0.4763,0.2602
0.4763,0.2602
0.4763,0.2602
0.4763,0.2602
0.4763,0.2602
0.4763,0.2602
0.4764,0.2602
0.4764,0.2602
0.4764,0.2602
0.4764,0.2602
0.4764,0.2602
0.4764,0.2602
0.4764,0.2602
0.4764,0.2602
0.4764,0.2602
0.4764,0.2602
0.4764,0.2602
0.4764,0.2602
0.4764,0.2602
0.4764,0.2602
0.4764,0.2602
0.4764,0.2602
0.4764,0.2602
0.4764,0.2602
0.4764,0.2602
0.4764,0.2602
0.4764,0.2602
0.4764,0.2602
0.4764,0.2602
0.4764,0.2602
0.4764,0.2602
0.4764,0.2602
0.4764,0.2602
0.4764,0.2602
0.4764,0.2602
0.4764,0.2602
0.4764,0.2602
0.4764,0.2602
0.4764,0.2602
0.4764,0.2602
0.4764,0.2602
0.4764,0.2602
0.4764,0.2602
0.4764,0.2602
0.4764,0.2602
0.4764,0.2602
0.4764,0.2602
0.4764,0.2602
0.4764,0.2602
0.4764,0.2602
0.4764,0.2602
0.4764,0.2602
0.4764,0.2602
0.4764,0.2602
0.4764,0.2602
0.4764,0.2602
0.4764,0.2602
0.4764,0.2602
0.4764,0.2602
0.4764,0.2602
0.4764,0.2602
0.4764,0.2602
0.4765,0.2602
0.4765,0.2602
0.4765,0.2602
0.4765,0.2602
0.4765,0.2602
0.4765,0.2602
0.4765,0.2602
0.4765,0.2602
0.4765,0.2602
0.4765,0.2602
0.4766,0.2602
0.4766,0.2602
0.4766,0.2602
0.4766,0.2602
0.4766,0.2602
0.4766,0.2602
0.4766,0.2602
0.4766,0.2602
0.4766,0.2602
0.4766,0.2602
0.4766,0.2602
0.4766,0.2602
0.4766,0.2602
0.4766,0.2602
0.4767,0.2602
0.4767,0.2602
0.4767,0.2602
0.4767,0.2602
0.4767,0.2602
0.4767,0.2602
0.4768,0.2602
0.4768,0.2602
0.4768,0.2602
0.4768,0.2602
0.4768,0.2602
0.4768,0.2602
0.4768,0.2602
0.4769,0.2602
0.4769,0.2602
0.4769,0.2602
0.4769,0.2602
0.4769,0.2602
0.4770,0.2602
0.4770,0.2602
0.4770,0.2602
0.4771,0.2602
0.4771,0.2602
0.4771,0.2602
0.4771,0.2602
0.4771,0.2602
0.4772,0.2602
0.4772,0.2602
0.4772,0.2602
0.4772,0.2602
0.4772,0.2602
0.4773,0.2602
0.4773,0.2602
0.4773,0.2602
0.4773,0.2602
0.4773,0.2602
0.4773,0.2602
0.4773,0.2602
0.4773,0.2602
0.4774,0.2602
0.4774,0.2602
0.4774,0.2602
0.4774,0.2602
0.4775,0.2602
0.4775,0.2602
0.4775,0.2602
0.4776,0.2602
0.4776,0.2602
0.4776,0.2602
0.4776,0.2602
0.4776,0.2602
0.4777,0.2602
0.4777,0.2602
0.4777,0.2602
0.4777,0.2602
0.4777,0.2602
0.4777,0.2602
0.4777,0.2602
0.4777,0.2602
0.4778,0.2602
0.4778,0.2602
0.4778,0.2602
0.4778,0.2602
0.4778,0.2602
0.4778,0.2602
0.4778,0.2602
0.4778,0.2602
0.4778,0.2602
0.4778,0.2602
0.4779,0.2602
0.4779,0.2602
0.4779,0.2602
0.4779,0.2602
0.4779,0.2602
0.4779,0.2602
0.4779,0.2602
0.4779,0.2602
0.4779,0.2602
0.4779,0.2602
0.4779,0.2602
0.4779,0.2602
0.4780,0.2602
0.4780,0.2602
0.4780,0.2602
0.4780,0.2602
0.4780,0.2602
0.4780,0.2602
0.4780,0.2602
0.4780,0.2602
0.4781,0.2602
0.4781,0.2602
0.4781,0.2602
0.4781,0.2602
0.4781,0.2602
0.4781,0.2602
0.4781,0.2602
0.4781,0.2602
0.4781,0.2602
0.4781,0.2602
0.4781,0.2602
0.4781,0.2602
0.4781,0.2602
0.4782,0.2602
0.4782,0.2602
0.4782,0.2602
0.4782,0.2602
0.4782,0.2602
0.4782,0.2602
0.4782,0.2602
0.4782,0.2602
0.4783,0.2602
0.4783,0.2602
0.4783,0.2602
0.4783,0.2602
0.4783,0.2602
0.4783,0.2602
0.4784,0.2602
0.4784,0.2602
0.4784,0.2602
0.4784,0.2602
0.4784,0.2602
0.4784,0.2602
0.4784,0.2602
0.4785,0.2602
0.4785,0.2602
0.4785,0.2602
0.4785,0.2602
0.4786,0.2602
0.4786,0.2602
0.4786,0.2602
0.4786,0.2602
0.4786,0.2602
0.4787,0.2602
0.4787,0.2602
0.4787,0.2602
0.4787,0.2602
0.4787,0.2602
0.4787,0.2602
0.4788,0.2602
0.4788,0.2602
0.4788,0.2602
0.4788,0.2602
0.4788,0.2602
0.4788,0.2602
0.4788,0.2602
0.4788,0.2602
0.4788,0.2602
0.4788,0.2602
0.4788,0.2602
0.4788,0.2602
0.4788,0.2602
0.4788,0.2602
0.4788,0.2602
0.4788,0.2602
0.4788,0.2602
0.4788,0.2602
0.4788,0.2602
0.4788,0.2602
0.4788,0.2602
0.4788,0.2602
0.4788,0.2602
0.4788,0.2602
0.4788,0.2602
0.4788,0.2602
0.4788,0.2602
0.4788,0.2602
0.4788,0.2602
0.4788,0.2602
0.4788,0.2602
0.4788,0.2602
0.4788,0.2602
0.4788,0.2602
0.4788,0.2602
0.4788,0.2602
0.4788,0.2602
0.4788,0.2602
0.4788,0.2602
0.4788,0.2602
0.4788,0.2602
0.4788,0.2602
0.4788,0.2602
0.4788,0.2602
0.4788,0.2602
0.4788,0.2602
0.4788,0.2602
0.4788,0.2602
0.4788,0.2602
0.4788,0.2602
0.4788,0.2602
0.4789,0.2602
0.4789,0.2602
0.4789,0.2602
0.4789,0.2602
0.4789,0.2602
0.4789,0.2602
0.4790,0.2602
0.4790,0.2602
0.4790,0.2602
0.4790,0.2602
0.4790,0.2602
0.4790,0.2602
0.4790,0.2602
0.4790,0.2602
0.4790,0.2602
0.4790,0.2602
0.4790,0.2602
0.4791,0.2602
0.4791,0.2602
0.4791,0.2602
0.4791,0.2602
0.4791,0.2602
0.4791,0.2602
0.4791,0.2602
0.4791,0.2602
0.4791,0.2602
0.4791,0.2602
0.4791,0.2602
0.4791,0.2602
0.4791,0.2602
0.4792,0.2602
0.4792,0.2602
0.4792,0.2602
0.4792,0.2602
0.4792,0.2602
0.4792,0.2602
0.4792,0.2602
0.4792,0.2602
0.4792,0.2602
0.4792,0.2602
0.4792,0.2602
0.4792,0.2602
0.4792,0.2602
0.4792,0.2602
0.4792,0.2602
0.4792,0.2602
0.4793,0.2602
0.4793,0.2602
0.4793,0.2602
0.4794,0.2602
0.4794,0.2602
0.4794,0.2602
0.4794,0.2602
0.4795,0.2602
0.4795,0.2602
0.4795,0.2602
0.4795,0.2602
0.4795,0.2602
0.4796,0.2602
0.4796,0.2602
0.4796,0.2602
0.4796,0.2602
0.4796,0.2602
0.4797,0.2602
0.4797,0.2602
0.4797,0.2602
0.4797,0.2602
0.4797,0.2602
0.4797,0.2602
0.4797,0.2602
0.4797,0.2602
0.4798,0.2602
0.4798,0.2602
0.4798,0.2602
0.4798,0.2602
0.4798,0.2602
0.4798,0.2602
0.4798,0.2602
0.4798,0.2602
0.4799,0.2602
0.4799,0.2602
0.4799,0.2602
0.4799,0.2602
0.4799,0.2602
0.4799,0.2602
0.4799,0.2602
0.4799,0.2602
0.4799,0.2602
0.4799,0.2602
0.4799,0.2602
0.4799,0.2602
0.4800,0.2602
0.4800,0.2602
0.4800,0.2602
0.4800,0.2602
0.4800,0.2602
0.4800,0.2602
0.4800,0.2602
0.4800,0.2602
0.4801,0.2602
0.4801,0.2602
0.4801,0.2602
0.4801,0.2602
0.4801,0.2602
0.4801,0.2602
0.4801,0.2602
0.4801,0.2602
0.4802,0.2602
0.4802,0.2602
0.4802,0.2602
0.4802,0.2602
0.4802,0.2602
0.4802,0.2602
0.4802,0.2602
0.4802,0.2602
0.4802,0.2602
0.4802,0.2602
0.4802,0.2602
0.4803,0.2602
0.4803,0.2602
0.4803,0.2602
0.4803,0.2602
0.4803,0.2602
0.4803,0.2602
0.4803,0.2602
0.4804,0.2602
0.4804,0.2602
0.4804,0.2602
0.4804,0.2602
0.4804,0.2602
0.4804,0.2602
0.4804,0.2602
0.4804,0.2602
0.4804,0.2602
0.4804,0.2602
0.4804,0.2602
0.4805,0.2602
0.4805,0.2602
0.4805,0.2602
0.4805,0.2602
0.4805,0.2602
0.4805,0.2602
0.4805,0.2602
0.4805,0.2602
0.4805,0.2602
0.4805,0.2602
0.4805,0.2602
0.4805,0.2602
0.4806,0.2602
0.4806,0.2602
0.4806,0.2602
0.4806,0.2602
0.4806,0.2602
0.4806,0.2602
0.4807,0.2602
0.4807,0.2602
0.4807,0.2602
0.4807,0.2602
0.4808,0.2602
0.4808,0.2602
0.4808,0.2602
0.4808,0.2602
0.4808,0.2602
0.4809,0.2602
0.4809,0.2602
0.4809,0.2602
0.4809,0.2602
0.4809,0.2602
0.4810,0.2602
0.4810,0.2602
0.4810,0.2602
0.4810,0.2602
0.4810,0.2602
0.4810,0.2602
0.4810,0.2602
0.4810,0.2602
0.4810,0.2602
0.4810,0.2602
0.4810,0.2602
0.4810,0.2602
0.4810,0.2602
0.4810,0.2602
0.4810,0.2602
0.4810,0.2602
0.4810,0.2602
0.4810,0.2602
0.4810,0.2602
0.4810,0.2602
0.4810,0.2602
0.4810,0.2602
0.4810,0.2602
0.4810,0.2602
0.4810,0.2602
0.4810,0.2602
0.4810,0.2602
0.4810,0.2602
0.4810,0.2602
0.4810,0.2602
0.4810,0.2602
0.4810,0.2602
0.4810,0.2602
0.4810,0.2602
0.4810,0.2602
0.4810,0.2602
0.4810,0.2602
0.4810,0.2602
0.4810,0.2602
0.4810,0.2602
0.4810,0.2602
0.4810,0.2602
0.4810,0.2602
0.4810,0.2602
0.4810,0.2602
0.4810,0.2602
0.4810,0.2602
0.4810,0.2602
0.4810,0.2602
0.4810,0.2602
0.4810,0.2602
0.4810,0.2602
0.4810,0.2602
0.4810,0.2602
0.4810,0.2602
0.4810,0.2602
0.4811,0.2602
0.4811,0.2602
0.4811,0.2602
0.4811,0.2602
0.4811,0.2602
0.4811,0.2602
0.4811,0.2602
0.4811,0.2602
0.4811,0.2602
0.4812,0.2602
0.4812,0.2602
0.4812,0.2602
0.4812,0.2602
0.4812,0.2602
0.4812,0.2602
0.4813,0.2602
0.4813,0.2602
0.4813,0.2602
0.4813,0.2602
0.4813,0.2602
0.4813,0.2602
0.4813,0.2602
0.4814,0.2602
0.4814,0.2602
0.4814,0.2602
0.4814,0.2602
0.4814,0.2602
0.4815,0.2602
0.4815,0.2602
0.4815,0.2602
0.4815,0.2602
0.4815,0.2602
0.4815,0.2602
0.4816,0.2602
0.4816,0.2602
0.4816,0.2602
0.4816,0.2602
0.4816,0.2602
0.4816,0.2602
0.4816,0.2602
0.4816,0.2602
0.4816,0.2602
0.4817,0.2602
0.4817,0.2602
0.4817,0.2602
0.4817,0.2602
0.4817,0.2602
0.4817,0.2602
0.4817,0.2602
0.4817,0.2602
0.4817,0.2602
0.4817,0.2602
0.4817,0.2602
0.4817,0.2602
0.4817,0.2602
0.4818,0.2602
0.4818,0.2602
0.4818,0.2602
0.4818,0.2602
0.4818,0.2602
0.4818,0.2602
0.4818,0.2602
0.4818,0.2602
0.4818,0.2602
0.4818,0.2602
0.4818,0.2602
0.4818,0.2602
0.4819,0.2602
0.4819,0.2602
0.4819,0.2602
0.4819,0.2602
0.4819,0.2602
0.4819,0.2602
0.4819,0.2602
0.4820,0.2602
0.4820,0.2602
0.4820,0.2602
0.4820,0.2602
0.4820,0.2602
0.4821,0.2602
0.4821,0.2602
0.4821,0.2602
0.4821,0.2602
0.4821,0.2602
0.4821,0.2602
0.4821,0.2602
0.4821,0.2602
0.4822,0.2602
0.4822,0.2602
0.4822,0.2602
0.4822,0.2602
0.4822,0.2602
0.4822,0.2602
0.4823,0.2602
0.4823,0.2602
0.4823,0.2602
0.4823,0.2602
0.4823,0.2602
0.4823,0.2602
0.4823,0.2602
0.4823,0.2602
0.4824,0.2602
0.4824,0.2602
0.4824,0.2602
0.4824,0.2602
0.4824,0.2602
0.4824,0.2602
0.4824,0.2602
0.4824,0.2602
0.4824,0.2602
0.4824,0.2602
0.4824,0.2602
0.4824,0.2602
0.4824,0.2602
0.4825,0.2602
0.4825,0.2602
0.4825,0.2602
0.4825,0.2602
0.4825,0.2602
0.4825,0.2602
0.4825,0.2602
0.4825,0.2602
0.4825,0.2602
0.4826,0.2602
0.4826,0.2602
0.4826,0.2602
0.4826,0.2602
0.4826,0.2602
0.4826,0.2602
0.4826,0.2602
0.4826,0.2602
0.4826,0.2602
0.4826,0.2602
0.4827,0.2602
0.4827,0.2602
0.4827,0.2602
0.4827,0.2602
0.4827,0.2602
0.4827,0.2602
0.4827,0.2602
0.4827,0.2602
0.4827,0.2602
0.4827,0.2602
0.4828,0.2602
0.4828,0.2602
0.4828,0.2602
0.4828,0.2602
0.4828,0.2602
0.4828,0.2602
0.4828,0.2602
0.4828,0.2602
0.4829,0.2602
0.4829,0.2602
0.4829,0.2602
0.4829,0.2602
0.4829,0.2602
0.4830,0.2602
0.4830,0.2602
0.4830,0.2602
0.4830,0.2602
0.4830,0.2602
0.4830,0.2602
0.4830,0.2602
0.4830,0.2602
0.4830,0.2602
0.4831,0.2602
0.4831,0.2602
0.4831,0.2602
0.4831,0.2602
0.4831,0.2602
0.4831,0.2602
0.4831,0.2602
0.4831,0.2602
0.4831,0.2602
0.4831,0.2602
0.4831,0.2602
0.4831,0.2602
0.4831,0.2602
0.4831,0.2602
0.4831,0.2602
0.4831,0.2602
0.4831,0.2602
0.4831,0.2602
0.4831,0.2602
0.4831,0.2602
0.4831,0.2602
0.4831,0.2602
0.4831,0.2602
0.4831,0.2602
0.4831,0.2602
0.4831,0.2602
0.4831,0.2602
0.4831,0.2602
0.4831,0.2602
0.4831,0.2602
0.4831,0.2602
0.4831,0.2602
0.4831,0.2602
0.4831,0.2602
0.4831,0.2602
0.4831,0.2602
0.4831,0.2602
0.4831,0.2602
0.4831,0.2602
0.4831,0.2602
0.4831,0.2602
0.4831,0.2602
0.4831,0.2602
0.4831,0.2602
0.4831,0.2602
0.4831,0.2602
0.4831,0.2602
0.4831,0.2602
0.4831,0.2602
0.4831,0.2602
0.4831,0.2602
0.4831,0.2602
0.4831,0.2602
0.4831,0.2602
0.4831,0.2602
0.4831,0.2602
0.4831,0.2602
0.4832,0.2602
0.4832,0.2602
0.4832,0.2602
0.4832,0.2602
0.4832,0.2602
0.4832,0.2602
0.4832,0.2602
0.4832,0.2602
0.4832,0.2602
0.4832,0.2602
0.4832,0.2602
0.4832,0.2602
0.4832,0.2602
0.4832,0.2602
0.4832,0.2602
0.4832,0.2602
0.4832,0.2602
0.4832,0.2602
0.4832,0.2602
0.4833,0.2602
0.4833,0.2602
0.4833,0.2602
0.4833,0.2602
0.4833,0.2602
0.4833,0.2602
0.4833,0.2602
0.4833,0.2602
0.4833,0.2602
0.4833,0.2602
0.4833,0.2602
0.4833,0.2602
0.4834,0.2602
0.4834,0.2602
0.4834,0.2602
0.4834,0.2602
0.4834,0.2602
0.4834,0.2602
0.4834,0.2602
0.4834,0.2602
0.4834,0.2602
0.4834,0.2602
0.4834,0.2602
0.4834,0.2602
0.4835,0.2602
0.4835,0.2602
0.4835,0.2602
0.4835,0.2602
0.4835,0.2602
0.4835,0.2602
0.4835,0.2602
0.4835,0.2602
0.4835,0.2602
0.4835,0.2602
0.4835,0.2602
0.4835,0.2602
0.4835,0.2602
0.4836,0.2602
0.4836,0.2602
0.4836,0.2602
0.4836,0.2602
0.4836,0.2602
0.4836,0.2602
0.4836,0.2602
0.4836,0.2602
0.4836,0.2602
0.4836,0.2602
0.4836,0.2602
0.4836,0.2602
0.4836,0.2602
0.4836,0.2603
0.4836,0.2603
0.4836,0.2603
0.4836,0.2603
0.4836,0.2603
0.4836,0.2603
0.4836,0.2603
0.4836,0.2603
0.4837,0.2603
0.4837,0.2603
0.4837,0.2603
0.4837,0.2603
0.4837,0.2603
0.4837,0.2603
0.4837,0.2603
0.4837,0.2603
0.4837,0.2603
0.4837,0.2603
0.4837,0.2603
0.4837,0.2603
0.4837,0.2603
0.4837,0.2603
0.4837,0.2603
0.4837,0.2603
0.4837,0.2603
0.4837,0.2603
0.4837,0.2603
0.4837,0.2603
0.4837,0.2603
0.4837,0.2603
0.4837,0.2603
0.4837,0.2603
0.4837,0.2603
0.4837,0.2603
0.4837,0.2603
0.4837,0.2603
0.4837,0.2603
0.4837,0.2603
0.4837,0.2603
0.4837,0.2603
0.4837,0.2603
0.4837,0.2603
0.4837,0.2603
0.4837,0.2603
0.4837,0.2603
0.4837,0.2603
0.4837,0.2603
0.4837,0.2603
0.4837,0.2603
0.4837,0.2603
0.4837,0.2603
0.4837,0.2603
0.4837,0.2603
0.4837,0.2603
0.4837,0.2603
0.4837,0.2603
0.4837,0.2603
0.4837,0.2603
0.4837,0.2603
0.4837,0.2603
0.4837,0.2603
0.4837,0.2603
0.4837,0.2603
0.4837,0.2603
0.4837,0.2603
0.4837,0.2603
0.4837,0.2603
0.4837,0.2603
0.4837,0.2603
0.4837,0.2603
0.4837,0.2603
0.4837,0.2603
0.4837,0.2603
0.4837,0.2603
0.4837,0.2603
0.4837,0.2603
0.4837,0.2603
0.4837,0.2603
0.4837,0.2603
0.4837,0.2603
0.4837,0.2603
0.4837,0.2603
0.4837,0.2603
0.4837,0.2603
0.4837,0.2603
0.4837,0.2603
0.4837,0.2603
0.4837,0.2603
0.4837,0.2603
0.4837,0.2603
0.4837,0.2603
0.4837,0.2603
0.4837,0.2603
0.4837,0.2603
0.4837,0.2603
0.4837,0.2603
0.4837,0.2603
0.4837,0.2603
0.4837,0.2603
0.4837,0.2603
0.4837,0.2603
0.4837,0.2603
0.4837,0.2603
0.4837,0.2603
0.4837,0.2603
0.4837,0.2603
0.4837,0.2603
0.4837,0.2603
0.4837,0.2603
0.4837,0.2603
0.4837,0.2603
0.4837,0.2603
0.4837,0.2603
0.4837,0.2603
0.4837,0.2603
0.4837,0.2603
0.4837,0.2603
0.4837,0.2603
0.4837,0.2603
0.4837,0.2603
0.4837,0.2603
0.4837,0.2603
0.4837,0.2603
0.4837,0.2603
0.4837,0.2603
0.4837,0.2603
0.4837,0.2603
0.4837,0.2603
0.4837,0.2603
0.4837,0.2603
0.4837,0.2603
0.4837,0.2603
0.4837,0.2603
0.4837,0.2603
0.4837,0.2603
0.4837,0.2603
0.4837,0.2603
0.4837,0.2603
0.4837,0.2603
0.4837,0.2603
0.4837,0.2603
0.4837,0.2603
0.4837,0.2603
0.4837,0.2603
0.4837,0.2603
0.4837,0.2603
0.4837,0.2603
0.4837,0.2603
0.4837,0.2603
0.4837,0.2603
0.4837,0.2603
0.4837,0.2603
0.4837,0.2603
0.4837,0.2603
0.4837,0.2603
0.4837,0.2603
0.4837,0.2603
0.4837,0.2603
0.4837,0.2603
0.4837,0.2603
0.4837,0.2603
0.4837,0.2603
0.4837,0.2603
0.4837,0.2603
0.4837,0.2603
0.4837,0.2603
0.4837,0.2603
0.4837,0.2603
0.4837,0.2603
0.4837,0.2603
0.4837,0.2603
0.4837,0.2603
0.4837,0.2603
0.4837,0.2603
0.4837,0.2603
0.4837,0.2603
0.4837,0.2603
0.4837,0.2603
0.4837,0.2603
0.4837,0.2603
0.4837,0.2603
0.4837,0.2603
0.4837,0.2603
0.4837,0.2603
0.4837,0.2603
0.4837,0.2603
0.4837,0.2603
0.4837,0.2603
0.4837,0.2603
0.4837,0.2603
0.4837,0.2603
0.4837,0.2603
0.4837,0.2603
0.4837,0.2603
0.4837,0.2603
0.4837,0.2603
0.4837,0.2603
0.4837,0.2603
0.4837,0.2603
0.4837,0.2603
0.4837,0.2603
0.4837,0.2603
0.4837,0.2603
0.4837,0.2603
0.4837,0.2603
0.4837,0.2603
0.4837,0.2603
0.4837,0.2603
0.4837,0.2603
0.4837,0.2603
0.4837,0.2603
0.4837,0.2603
0.4837,0.2603
0.4837,0.2603
0.4837,0.2603
0.4837,0.2603
0.4837,0.2603
0.4837,0.2603
0.4837,0.2603
0.4837,0.2603
0.4837,0.2603
0.4837,0.2603
0.4837,0.2603
0.4837,0.2603
0.4837,0.2603
0.4837,0.2603
0.4837,0.2603
0.4837,0.2603
0.4837,0.2603
0.4837,0.2603
0.4837,0.2603
0.4837,0.2603
0.4837,0.2603
0.4837,0.2603
0.4837,0.2603
0.4837,0.2603
0.4837,0.2603
0.4837,0.2603
0.4837,0.2603
0.4837,0.2603
0.4837,0.2603
0.4837,0.2603
0.4837,0.2603
0.4837,0.2603
0.4837,0.2603
0.4837,0.2603
0.4837,0.2603
0.4837,0.2603
0.4837,0.2603
0.4837,0.2603
0.4837,0.2603
0.4837,0.2603
0.4837,0.2603
0.4837,0.2603
0.4837,0.2603
0.4837,0.2603
0.4837,0.2603
0.4837,0.2603
0.4837,0.2603
0.4837,0.2603
0.4837,0.2603
0.4837,0.2603
0.4837,0.2603
0.4837,0.2603
0.4837,0.2603
0.4837,0.2603
0.4837,0.2603
0.4837,0.2603
0.4837,0.2603
0.4837,0.2603
0.4837,0.2603
0.4837,0.2603
0.4837,0.2603
0.4837,0.2603
0.4837,0.2603
0.4837,0.2603
0.4837,0.2603
0.4837,0.2603
0.4837,0.2603
0.4837,0.2603
0.4837,0.2603
0.4837,0.2603
0.4837,0.2603
0.4837,0.2603
0.4837,0.2603
0.4837,0.2603
0.4837,0.2603
0.4837,0.2603
0.4837,0.2603
0.4837,0.2603
0.4837,0.2603
0.4837,0.2603
0.4837,0.2603
0.4837,0.2603
0.4837,0.2603
0.4837,0.2603
0.4837,0.2603
0.4837,0.2603
0.4837,0.2603
0.4837,0.2603
0.4837,0.2603
0.4837,0.2603
0.4837,0.2603
0.4837,0.2603
0.4837,0.2603
0.4837,0.2603
0.4837,0.2603
0.4837,0.2603
0.4837,0.2603
0.4837,0.2603
0.4837,0.2603
0.4837,0.2603
0.4837,0.2603
0.4837,0.2603
0.4837,0.2603
0.4837,0.2603
0.4837,0.2603
0.4837,0.2603
0.4837,0.2603
0.4837,0.2603
0.4837,0.2603
0.4837,0.2603
0.4837,0.2603
0.4837,0.2603
0.4837,0.2603
0.4837,0.2603
0.4837,0.2603
0.4837,0.2603
0.4837,0.2603
0.4837,0.2603
0.4837,0.2603
0.4837,0.2603
0.4837,0.2603
0.4837,0.2603
0.4837,0.2603
0.4837,0.2603
0.4837,0.2603
0.4837,0.2603
0.4837,0.2603
0.4837,0.2603
0.4837,0.2603
0.4837,0.2603
0.4837,0.2603
0.4837,0.2603
0.4837,0.2603
0.4837,0.2603
0.4837,0.2603
0.4837,0.2603
0.4837,0.2603
0.4837,0.2603
0.4837,0.2603
0.4837,0.2603
0.4837,0.2603
0.4837,0.2603
0.4837,0.2603
0.4837,0.2603
0.4837,0.2603
0.4837,0.2603
0.4837,0.2603
0.4837,0.2603
0.4837,0.2603
0.4837,0.2603
0.4837,0.2603
0.4837,0.2603
0.4837,0.2603
0.4837,0.2603
0.4837,0.2603
0.4837,0.2603
0.4837,0.2603
0.4837,0.2603
0.4837,0.2603
0.4837,0.2603
0.4837,0.2603
0.4837,0.2603
0.4837,0.2603
0.4837,0.2603
0.4837,0.2603
0.4837,0.2603
0.4837,0.2603
0.4837,0.2603
0.4837,0.2603
0.4837,0.2603
0.4837,0.2603
0.4837,0.2603
0.4837,0.2603
0.4837,0.2603
0.4837,0.2603
0.4837,0.2603
0.4837,0.2603
0.4837,0.2603
0.4837,0.2603
0.4837,0.2603
0.4837,0.2603
0.4837,0.2603
0.4837,0.2603
0.4837,0.2603
0.4837,0.2603
0.4837,0.2603
0.4837,0.2603
0.4837,0.2603
0.4837,0.2603
0.4837,0.2603
0.4837,0.2603
0.4837,0.2603
0.4837,0.2603
0.4837,0.2603
0.4837,0.2603
0.4837,0.2603
0.4837,0.2603
0.4837,0.2603
0.4837,0.2603
0.4837,0.2603
0.4837,0.2603
0.4837,0.2603
0.4837,0.2603
0.4837,0.2603
0.4837,0.2603
0.4837,0.2603
0.4837,0.2603
0.4837,0.2603
0.4837,0.2603
0.4837,0.2603
0.4837,0.2603
0.4837,0.2603
0.4837,0.2603
0.4837,0.2603
0.4837,0.2603
0.4837,0.2603
0.4837,0.2603
0.4837,0.2603
0.4837,0.2603
0.4837,0.2603
0.4837,0.2603
0.4837,0.2603
0.4837,0.2603
0.4837,0.2603
0.4837,0.2603
0.4837,0.2603
0.4837,0.2603
0.4837,0.2603
0.4837,0.2603
0.4837,0.2603
0.4837,0.2603
0.4837,0.2603
0.4837,0.2603
0.4837,0.2603
0.4837,0.2603
0.4837,0.2603
0.4837,0.2603
0.4837,0.2603
0.4837,0.2603
0.4837,0.2603
0.4837,0.2603
0.4837,0.2603
0.4837,0.2603
0.4837,0.2603
0.4837,0.2603
0.4837,0.2603
0.4837,0.2603
0.4837,0.2603
0.4837,0.2603
0.4837,0.2603
0.4837,0.2603
0.4837,0.2603
0.4837,0.2603
0.4837,0.2603
0.4837,0.2603
0.4837,0.2603
0.4837,0.2603
0.4837,0.2603
0.4837,0.2603
0.4837,0.2603
0.4837,0.2603
0.4837,0.2603
0.4837,0.2603
0.4837,0.2603
0.4837,0.2603
0.4837,0.2603
0.4837,0.2603
0.4837,0.2603
0.4837,0.2603
0.4837,0.2603
0.4837,0.2603
0.4837,0.2603
0.4837,0.2603
0.4837,0.2603
0.4837,0.2603
0.4837,0.2603
0.4837,0.2603
0.4837,0.2603
0.4837,0.2603
0.4837,0.2603
0.4837,0.2603
0.4837,0.2603
0.4837,0.2603
0.4837,0.2603
0.4837,0.2603
0.4837,0.2603
0.4837,0.2603
0.4837,0.2603
0.4837,0.2603
0.4837,0.2603
0.4837,0.2603
0.4837,0.2603
0.4837,0.2603
0.4837,0.2603
0.4837,0.2603
0.4837,0.2603
0.4837,0.2603
0.4837,0.2603
0.4837,0.2603
0.4837,0.2603
0.4837,0.2603
0.4837,0.2603
0.4837,0.2603
0.4837,0.2603
0.4837,0.2603
0.4837,0.2603
0.4818,0.2602
0.4818,0.2602
