0.24428021907806396
0.16566143929958344
0.10604727268218994
0.09687750041484833
0.11001238971948624
0.10321970283985138
0.10814224928617477
0.10400355607271194
0.10762597620487213
0.10264651477336884
0.10807719826698303
0.10265514254570007
0.10762829333543777
0.10250893980264664
0.10759004950523376
0.10229412466287613
0.10786014050245285
0.10190331935882568
0.10708387941122055
0.101854607462883
0.10717176645994186
0.10140335559844971
0.10669992864131927
0.10144365578889847
0.10651935636997223
0.10104470700025558
0.10588094592094421
0.10099153965711594
0.10541138797998428
0.1008315309882164
0.10499171912670135
0.10060348361730576
0.10427741706371307
0.10025786608457565
0.10342349857091904
0.10036533325910568
0.10323596745729446
0.10019133239984512
0.10210857540369034
0.10066771507263184
0.1014038622379303
0.10133400559425354
0.10042963922023773
0.10023117065429688
0.10127793997526169
0.10075128078460693
0.09962242096662521
0.10035329312086105
0.09949146211147308
0.10007578134536743
0.09910406172275543
0.09905559569597244
0.09931918978691101
0.09929432719945908
0.09860524535179138
0.09933354705572128
0.09940194338560104
0.09836701303720474
0.09914838522672653
0.09948628395795822
0.09898717701435089
0.09924892336130142
0.09862297773361206
0.09952157735824585
0.09870846569538116
0.09821557998657227
0.09892620146274567
0.09851313382387161
0.09777184575796127
0.09852524846792221
0.09869035333395004
0.09846935421228409
0.0975617989897728
0.09795211255550385
0.09864278137683868
0.09917101263999939
0.09765530377626419
0.09838131070137024
0.09756796807050705
0.09788006544113159
0.09787055104970932
0.09805659204721451
0.09811792522668839
0.09766825288534164
0.09760719537734985
0.0978270024061203
0.09746024012565613
0.09800085425376892
0.09706267714500427
0.09811850637197495
0.09760696440935135
0.09734141081571579
0.0970010980963707
0.09734782576560974
0.09716945141553879
0.09810851514339447
0.09755370020866394
0.09738963097333908
0.09765445441007614
0.09755465388298035
0.09707267582416534
0.09810824692249298
0.09792515635490417
0.09820527583360672
0.09771210700273514
0.0980152040719986
0.0980115681886673
0.09820981323719025
0.09819379448890686
0.09760726243257523
0.09812124818563461
0.09823504835367203
0.09825551509857178
0.098417267203331
0.09796706587076187
0.09749886393547058
0.09790557622909546
0.09815085679292679
0.09808974713087082
0.09842981398105621
0.09871681034564972
0.09853304922580719
0.0979076400399208
0.0980859324336052
0.09842462837696075
0.09857513755559921
0.09832300245761871
0.09919362515211105
0.09954442083835602
0.09879262745380402
0.09853845089673996
0.09854795038700104
0.09857063740491867
0.09828436374664307
0.09767190366983414
0.09786592423915863
0.0983564481139183
0.09867233037948608
0.09847415238618851
0.09880506992340088
0.09848175942897797
0.0988086685538292
0.09875262528657913
0.09856845438480377
0.098411925137043
0.09855268895626068
0.09875980019569397
0.09806953370571136
0.0989212840795517
0.09881211817264557
0.09791605919599533
0.09857431054115295
0.09873517602682114
0.09853355586528778
0.09801360964775085
0.09875404089689255
0.0992923229932785
0.09885230660438538
0.09901732951402664
0.09890281409025192
0.09910278022289276
0.0990104079246521
0.09902459383010864
0.09906192868947983
0.09905235469341278
0.09889929741621017
0.09997759759426117
0.09970520436763763
0.10055922716856003
0.10021406412124634
0.10066140443086624
0.10019479691982269
0.10066058486700058
0.1000434011220932
0.10029377788305283
0.10015294700860977
0.10047357529401779
0.10024932026863098
0.10067903250455856
0.10046231001615524
0.10120480507612228
0.10162027180194855
0.10182229429483414
0.10171438753604889
0.10194522887468338
0.10208479315042496
0.10195992141962051
0.10239619016647339
0.10272081196308136
0.10272751748561859
0.10377596318721771
0.10299814492464066
0.10304909199476242
0.10369132459163666
0.10392650961875916
0.10286713391542435
0.10384494066238403
0.10512177646160126
0.10612498223781586
0.10498068481683731
0.10483402758836746
0.10494620352983475
0.10614141076803207
0.10619460791349411
0.10629343241453171
0.10516870766878128
0.10581663995981216
0.10506512969732285
0.10692495107650757
0.10596632212400436
0.10892795026302338
0.10703970491886139
0.10990986227989197
0.10811276733875275
0.110323466360569
0.10936366021633148
0.11059298366308212
0.10964009165763855
0.11040189117193222
0.1094595268368721
0.11088911443948746
0.1099264845252037
0.11125899106264114
0.11007006466388702
0.11182913929224014
0.11131735891103745
0.11202765256166458
0.11054468154907227
0.11093472689390182
0.11045107990503311
0.11067502945661545
0.11015080660581589
0.11015787720680237
0.10939256101846695
0.1092996671795845
0.10947285592556
0.10862334072589874
0.10800573229789734
0.10770520567893982
0.10756363719701767
0.10709714144468307
0.10772036015987396
0.1090998649597168
0.10787319391965866
0.10935558378696442
0.10805783420801163
0.10945085436105728
0.10886797308921814
0.10949370265007019
0.10919595509767532
0.10970306396484375
0.11015080660581589
0.11015080660581589
0.11015080660581589
0.11015080660581589
0.11015080660581589
0.11015080660581589
0.11015080660581589
0.11015080660581589
0.11015080660581589
0.11015080660581589
0.11015080660581589
0.11015080660581589
0.11015080660581589
0.11015080660581589
0.11015080660581589
0.11015080660581589
0.11015080660581589
0.11015080660581589
0.11015080660581589
0.11015080660581589
0.11015080660581589
0.11015080660581589
0.11015080660581589
0.11015080660581589
0.11015080660581589
