0.03377944231033325
0.03377944231033325
0.005223405547440052
0.005223405547440052
0.0001717558188829571
0.0001717558188829571
0.00015247601550072432
0.00015247601550072432
0.00012561822950374335
0.00012561822950374335
0.00014859158545732498
0.00014859158545732498
0.00013082932855468243
0.00013082932855468243
0.0001475774188293144
0.0001475774188293144
0.0001231568749062717
0.0001231568749062717
0.00014500110410153866
0.00014500110410153866
0.00012124253407819197
0.00012124253407819197
0.0001484537060605362
0.0001484537060605362
0.00012104045890737325
0.00012104045890737325
0.00014552076754625887
0.00014552076754625887
0.00012017723929602653
0.00012017723929602653
0.00013959653733763844
0.00013959653733763844
0.00012076283019268885
0.00012076283019268885
0.00014414603356271982
0.00014414603356271982
0.00012004057498415932
0.00012004057498415932
0.00014005289995111525
0.00014005289995111525
0.00012296160275582224
0.00012296160275582224
0.0001426865201210603
0.0001426865201210603
0.00012235388567205518
0.00012235388567205518
0.00014052414917387068
0.00014052414917387068
0.00012552348198369145
0.00012552348198369145
0.00014148061745800078
0.00014148061745800078
0.0001249681954504922
0.0001249681954504922
0.00014086716691963375
0.00014086716691963375
0.00012506661005318165
0.00012506661005318165
0.00013278087135404348
0.00013278087135404348
0.0001269500789931044
0.0001269500789931044
0.00013166226563043892
0.00013166226563043892
0.00012799912656191736
0.00012799912656191736
0.00012735345808323473
0.00012735345808323473
0.00012413429794833064
0.00012413429794833064
0.000121629040222615
0.000121629040222615
0.00011623319733189419
0.00011623319733189419
0.00011996717512374744
0.00011996717512374744
0.00011323665239615366
0.00011323665239615366
0.00010909757111221552
0.00010909757111221552
0.00010605022544041276
0.00010605022544041276
0.00010306858894182369
0.00010306858894182369
0.00010484284575795755
0.00010484284575795755
9.743029659148306e-05
9.743029659148306e-05
9.413525549462065e-05
9.413525549462065e-05
9.577114542480558e-05
9.577114542480558e-05
9.246727131539956e-05
9.246727131539956e-05
8.788703416939825e-05
8.788703416939825e-05
8.35040700621903e-05
8.35040700621903e-05
8.494489884469658e-05
8.494489884469658e-05
8.666086796438321e-05
8.666086796438321e-05
7.780575833749026e-05
7.780575833749026e-05
7.266631291713566e-05
7.266631291713566e-05
7.210268813651055e-05
7.210268813651055e-05
7.338177238125354e-05
7.338177238125354e-05
6.771945481887087e-05
6.771945481887087e-05
6.306919385679066e-05
6.306919385679066e-05
6.260753434617072e-05
6.260753434617072e-05
5.9466819948283955e-05
5.9466819948283955e-05
5.8290537708671764e-05
5.8290537708671764e-05
5.788777707493864e-05
5.788777707493864e-05
5.5764678108971566e-05
5.5764678108971566e-05
5.195774065214209e-05
5.195774065214209e-05
5.336350659490563e-05
5.336350659490563e-05
5.114361920277588e-05
5.114361920277588e-05
5.0574042688822374e-05
5.0574042688822374e-05
5.3523603128269315e-05
5.3523603128269315e-05
4.7160468966467306e-05
4.7160468966467306e-05
4.849964170716703e-05
4.849964170716703e-05
4.717043702839874e-05
4.717043702839874e-05
4.56428351753857e-05
4.56428351753857e-05
5.170953954802826e-05
5.170953954802826e-05
4.374326454126276e-05
4.374326454126276e-05
4.26527694799006e-05
4.26527694799006e-05
4.019741027150303e-05
4.019741027150303e-05
4.938147321809083e-05
4.938147321809083e-05
4.10032516811043e-05
4.10032516811043e-05
3.918571019312367e-05
3.918571019312367e-05
3.7263504054863006e-05
3.7263504054863006e-05
3.885395562974736e-05
3.885395562974736e-05
3.630364153650589e-05
3.630364153650589e-05
3.691767415148206e-05
3.691767415148206e-05
3.631689469330013e-05
3.631689469330013e-05
3.373768777237274e-05
3.373768777237274e-05
3.31251067109406e-05
3.31251067109406e-05
3.524651037878357e-05
3.524651037878357e-05
3.210798968211748e-05
3.210798968211748e-05
3.056050627492368e-05
3.056050627492368e-05
2.9014579922659323e-05
2.9014579922659323e-05
2.7853329811478034e-05
2.7853329811478034e-05
2.7752312234952115e-05
2.7752312234952115e-05
2.6594587325234897e-05
2.6594587325234897e-05
2.706724808376748e-05
2.706724808376748e-05
2.418235999357421e-05
2.418235999357421e-05
2.411004425084684e-05
2.411004425084684e-05
2.188184589613229e-05
2.188184589613229e-05
2.0644263713620603e-05
2.0644263713620603e-05
2.023339766310528e-05
2.023339766310528e-05
2.0761961422977038e-05
2.0761961422977038e-05
1.808280467230361e-05
1.808280467230361e-05
1.704359965515323e-05
1.704359965515323e-05
1.7335938537144102e-05
1.7335938537144102e-05
1.5495850675506517e-05
1.5495850675506517e-05
1.7938671589945443e-05
1.7938671589945443e-05
1.6029482139856555e-05
1.6029482139856555e-05
1.3815925740345847e-05
1.3815925740345847e-05
1.3163851690478623e-05
1.3163851690478623e-05
1.1725313925126102e-05
1.1725313925126102e-05
1.3694452718482353e-05
1.3694452718482353e-05
1.0591459613351617e-05
1.0591459613351617e-05
1.0501019460207317e-05
1.0501019460207317e-05
9.43919258133974e-06
9.43919258133974e-06
1.0046880561276339e-05
1.0046880561276339e-05
8.299027285829652e-06
8.299027285829652e-06
1.0325603398086969e-05
1.0325603398086969e-05
7.357357844739454e-06
7.357357844739454e-06
6.724253580614459e-06
6.724253580614459e-06
6.529057827719953e-06
6.529057827719953e-06
6.638680133619346e-06
6.638680133619346e-06
5.623602646664949e-06
5.623602646664949e-06
4.862273726757849e-06
4.862273726757849e-06
4.932822776027024e-06
4.932822776027024e-06
4.519004050962394e-06
4.519004050962394e-06
4.1251587390434e-06
4.1251587390434e-06
4.423025529831648e-06
4.423025529831648e-06
3.226203261874616e-06
3.226203261874616e-06
4.0824070310918614e-06
4.0824070310918614e-06
4.0394379539065994e-06
4.0394379539065994e-06
4.424050985107897e-06
4.424050985107897e-06
2.591106067484361e-06
2.591106067484361e-06
3.58343095285818e-06
3.58343095285818e-06
2.8558631584019167e-06
2.8558631584019167e-06
1.7749852077031392e-06
1.7749852077031392e-06
4.1183102439390495e-06
4.1183102439390495e-06
1.881506250356324e-06
1.881506250356324e-06
1.7590020888746949e-06
1.7590020888746949e-06
2.4475871214235667e-06
2.4475871214235667e-06
2.552623982410296e-06
2.552623982410296e-06
2.9782795536448248e-06
2.9782795536448248e-06
1.1871608194269356e-06
1.1871608194269356e-06
1.690552835498238e-06
1.690552835498238e-06
1.61736682002811e-06
1.61736682002811e-06
1.1722013368853368e-06
1.1722013368853368e-06
8.746744697418762e-07
8.746744697418762e-07
2.7723783659894252e-06
2.7723783659894252e-06
1.4355830444401363e-06
1.4355830444401363e-06
1.238236905010126e-06
1.238236905010126e-06
8.871635372997844e-07
8.871635372997844e-07
9.073307296603161e-07
9.073307296603161e-07
8.803959303804731e-07
8.803959303804731e-07
9.116074579651468e-07
9.116074579651468e-07
6.728680546075338e-07
6.728680546075338e-07
6.284190021688119e-07
6.284190021688119e-07
3.1543402201350546e-06
3.1543402201350546e-06
5.123356459080242e-07
5.123356459080242e-07
1.9423487174208276e-06
1.9423487174208276e-06
1.50907715124049e-06
1.50907715124049e-06
7.4113349910476245e-06
7.4113349910476245e-06
8.418001584686863e-07
8.418001584686863e-07
4.332480330049293e-07
4.332480330049293e-07
3.863684696625569e-07
3.863684696625569e-07
6.337054969662859e-07
6.337054969662859e-07
9.278112429456087e-07
9.278112429456087e-07
9.184331020151149e-07
9.184331020151149e-07
6.843991400273808e-07
6.843991400273808e-07
1.0033262469733017e-06
1.0033262469733017e-06
3.4068477816617815e-07
3.4068477816617815e-07
4.043259025365842e-07
4.043259025365842e-07
2.791509814414894e-07
2.791509814414894e-07
3.8245207178988494e-07
3.8245207178988494e-07
5.880759772480815e-07
5.880759772480815e-07
6.240684911062999e-07
6.240684911062999e-07
7.388450740108965e-07
7.388450740108965e-07
4.387081844470231e-07
4.387081844470231e-07
5.016373734179069e-07
5.016373734179069e-07
3.383315743121784e-07
3.383315743121784e-07
1.9192318632121896e-06
1.9192318632121896e-06
2.1502734171008342e-07
2.1502734171008342e-07
7.88969998666289e-07
7.88969998666289e-07
6.916064876349992e-07
6.916064876349992e-07
3.0696855901624076e-07
3.0696855901624076e-07
6.536074010909942e-07
6.536074010909942e-07
1.9419577768076124e-07
1.9419577768076124e-07
6.73379304316768e-07
6.73379304316768e-07
6.735976967320312e-07
6.735976967320312e-07
1.141438701779407e-06
1.141438701779407e-06
2.5420246174689964e-07
2.5420246174689964e-07
6.290993610491569e-07
6.290993610491569e-07
1.5864802094256447e-07
1.5864802094256447e-07
9.371678402203543e-07
9.371678402203543e-07
3.588366098483675e-06
3.588366098483675e-06
3.6961716887162765e-07
3.6961716887162765e-07
2.0639254216803238e-06
2.0639254216803238e-06
4.181027577487839e-07
4.181027577487839e-07
4.256339707353618e-07
4.256339707353618e-07
5.869866868124518e-07
5.869866868124518e-07
1.8590590400435758e-07
1.8590590400435758e-07
2.2431490265262255e-07
2.2431490265262255e-07
1.437731214082305e-07
1.437731214082305e-07
2.0162017335678684e-06
2.0162017335678684e-06
2.5003370751619514e-07
2.5003370751619514e-07
3.65267692359339e-06
3.65267692359339e-06
1.1063059446314583e-06
1.1063059446314583e-06
2.4151850652742723e-07
2.4151850652742723e-07
1.982599769689841e-06
1.982599769689841e-06
2.6037298539449694e-07
2.6037298539449694e-07
3.808135318195127e-07
3.808135318195127e-07
4.002583011697425e-07
4.002583011697425e-07
1.1911516821783152e-06
1.1911516821783152e-06
3.7810244180036534e-07
3.7810244180036534e-07
2.7661107537824137e-07
2.7661107537824137e-07
9.91204956335423e-07
9.91204956335423e-07
1.7780122618660243e-07
1.7780122618660243e-07
1.0754147297120653e-06
1.0754147297120653e-06
2.764504927199596e-07
2.764504927199596e-07
3.291363839252881e-07
3.291363839252881e-07
5.366243271964777e-07
5.366243271964777e-07
5.076150841887284e-07
5.076150841887284e-07
3.2857752785275807e-07
3.2857752785275807e-07
6.725720140821068e-07
6.725720140821068e-07
8.627178544884373e-07
8.627178544884373e-07
1.0896186495301663e-06
1.0896186495301663e-06
5.560908107327123e-07
5.560908107327123e-07
1.6101984101624112e-07
1.6101984101624112e-07
1.234004258776622e-07
1.234004258776622e-07
1.9997635263280245e-06
1.9997635263280245e-06
2.488025359070889e-07
2.488025359070889e-07
1.3043996887063258e-06
1.3043996887063258e-06
7.801478432156728e-07
7.801478432156728e-07
7.503355732296768e-07
7.503355732296768e-07
1.836512865338591e-06
1.836512865338591e-06
1.9798041250851384e-07
1.9798041250851384e-07
4.7532103053526953e-07
4.7532103053526953e-07
5.379483809520025e-07
5.379483809520025e-07
1.7946349828434904e-07
1.7946349828434904e-07
4.053999305142497e-07
4.053999305142497e-07
9.980719823943218e-07
9.980719823943218e-07
2.3278049354757968e-07
2.3278049354757968e-07
5.88065972806362e-07
5.88065972806362e-07
1.7435082781958045e-06
1.7435082781958045e-06
3.324178408092848e-07
3.324178408092848e-07
8.252442285083816e-07
8.252442285083816e-07
1.9435422871083574e-07
1.9435422871083574e-07
5.031013188272482e-07
5.031013188272482e-07
2.3456007625100028e-07
2.3456007625100028e-07
1.0039692597274552e-06
1.0039692597274552e-06
2.1199100501689827e-06
2.1199100501689827e-06
4.7416853021786665e-07
4.7416853021786665e-07
1.3525952908821637e-06
1.3525952908821637e-06
3.517615709824895e-07
3.517615709824895e-07
1.234004258776622e-07
1.234004258776622e-07
1.234004258776622e-07
1.234004258776622e-07
1.234004258776622e-07
1.234004258776622e-07
1.234004258776622e-07
1.234004258776622e-07
1.234004258776622e-07
1.234004258776622e-07
1.234004258776622e-07
1.234004258776622e-07
1.234004258776622e-07
1.234004258776622e-07
1.234004258776622e-07
1.234004258776622e-07
1.234004258776622e-07
1.234004258776622e-07
1.234004258776622e-07
1.234004258776622e-07
1.234004258776622e-07
1.234004258776622e-07
1.234004258776622e-07
1.234004258776622e-07
1.234004258776622e-07
1.234004258776622e-07
1.234004258776622e-07
1.234004258776622e-07
1.234004258776622e-07
1.234004258776622e-07
1.234004258776622e-07
1.234004258776622e-07
1.234004258776622e-07
1.234004258776622e-07
