0.08342371135950089
0.03205396607518196
0.0027322813402861357
0.0019331150688230991
0.0018823320278897882
0.0015332590555772185
0.001744467648677528
0.0015363073907792568
0.0017073994968086481
0.0015339452074840665
0.0017742428462952375
0.001557733747176826
0.001766432193107903
0.0015688857529312372
0.0018064674222841859
0.0015820303233340383
0.0018746101995930076
0.0015954772243276238
0.001843714970164001
0.001600909628905356
0.0018914274405688047
0.0016035224543884397
0.001883337157778442
0.0016000006580725312
0.0018880893476307392
0.0015848459443077445
0.0018558549927547574
0.001573378685861826
0.0018418781692162156
0.001557595795020461
0.0018015798414126039
0.0015248116105794907
0.0017194508109241724
0.001469848328270018
0.0016003139317035675
0.0014165190514177084
0.0015090268570929766
0.001352796796709299
0.001383470487780869
0.0012992749689146876
0.0012949235970154405
0.0012557320296764374
0.0012242859229445457
0.0011891999747604132
0.0011993495281785727
0.0011476981453597546
0.0011206029448658228
0.0010990421287715435
0.0010831952095031738
0.001067805802449584
0.0010543272364884615
0.0010461801430210471
0.0010263797594234347
0.001003239885903895
0.0010001212358474731
0.0009801136329770088
0.0009823919972404838
0.0009921211749315262
0.000960988225415349
0.0009490538504905999
0.0009501572349108756
0.0009383131982758641
0.0009336951770819724
0.0009301062091253698
0.0009245779947377741
0.00092986726667732
0.0009206399554386735
0.000923682760912925
0.0009108083322644234
0.0008896746439859271
0.0008993716910481453
0.0008799287606962025
0.0008953421493060887
0.0008759193005971611
0.0008771770517341793
0.0008881768444553018
0.000849735108204186
0.0008360054926015437
0.0008369390852749348
0.0008207810460589826
0.0008298062602989376
0.0008016008650884032
0.0008001941023394465
0.0007921908982098103
0.0007843319908715785
0.0007718226406723261
0.0007783719920553267
0.0007554359035566449
0.0007575802155770361
0.0007366884965449572
0.0007316957344301045
0.0007241057464852929
0.0007140320376493037
0.000698481104336679
0.0006892685778439045
0.0006949717062525451
0.0006775984656997025
0.0006575259030796587
0.0006562908529303968
0.0006444703903980553
0.0006407158798538148
0.000602438289206475
0.000597875565290451
0.0005881429533474147
0.0005741033819504082
0.0005514483782462776
0.0005478531820699573
0.0005238679586909711
0.0005383363459259272
0.0005253019626252353
0.0005065333098173141
0.0004904029192402959
0.0004824905190616846
0.00047182163689285517
0.0004540586960501969
0.00047024915693327785
0.0004386675718706101
0.0004121368401683867
0.0003998786269221455
0.0003897399583365768
0.00041394858271814883
0.0003761284751817584
0.0004215642111375928
0.0004034688463434577
0.00033879277179948986
0.0003405381867196411
0.00031900257454253733
0.0002939837286248803
0.00033059020643122494
0.0002721048076637089
0.00027708118432201445
0.00026031534071080387
0.00028229388408362865
0.00022848787193652242
0.00030146713834255934
0.00023272293037734926
0.0002460326941218227
0.0002325449459021911
0.00024291120644193143
0.0003620630595833063
0.00020183260494377464
0.00024055305402725935
0.00022193274344317615
0.00016720125859137625
0.00017079772078432143
0.0001683735754340887
0.00017453845066484064
0.0002935194643214345
0.00015589623944833875
0.00016167288413271308
0.00024260711506940424
0.00013489436241798103
0.0001683226291788742
0.0001380311732646078
0.0002175848640035838
0.00014850083971396089
0.0002747693215496838
0.0001465620007365942
0.00012842006981372833
0.00011463151895441115
0.0001250390923814848
0.00012810247426386923
0.0002497305686119944
0.00013139985094312578
0.0002563561429269612
0.00016303999291267246
0.00018022947188001126
0.0001275682298000902
0.00011990577331744134
0.00013983303506392986
0.00013343598402570933
0.00013418270100373775
0.00016270617197733372
9.429567580809817e-05
0.00012188935215817764
9.564844367559999e-05
0.00017608984489925206
0.0001204144282382913
9.431117359781638e-05
0.0001772236282704398
0.00012793432688340545
0.00014578075206372887
0.0001407601375831291
0.00010938732884824276
0.00012782659905496985
0.00017084286082535982
0.0001628178433747962
0.00017668171494733542
0.00021627415844704956
0.00010247945465380326
0.0001295419060625136
0.00011211338278371841
0.00025703717255964875
0.00011830950097646564
0.00013220631808508188
0.0002378408535150811
0.00013228390889707953
0.00018743205873761326
0.00018006614118348807
0.00011724622891051695
0.0001557204668642953
0.00013947824481874704
0.00013149186270311475
0.00018142367480322719
0.00011616028496064246
0.0001605711004231125
9.824321750784293e-05
8.824976248433813e-05
0.00010624944843584672
0.00016598559159319848
0.00015873390657361597
0.00015002164582256228
0.0002095037343678996
0.00012800989497918636
0.00013079677592031658
0.0001276370749110356
0.00010421597107779235
0.00010618421219987795
0.00011729876860044897
9.43392442422919e-05
0.00014811426808591932
0.00010156628559343517
0.00011733808787539601
0.00012247676204424351
0.00013174272316973656
0.0001474366436013952
0.00019539150525815785
0.00016287264588754624
0.00018231735157314688
8.760450145928189e-05
0.00012187856191303581
8.450001769233495e-05
0.0001114974293159321
0.00010551221203058958
0.00013175851199775934
0.00014376577746588737
0.00010392045078333467
0.0001059789428836666
9.941669850377366e-05
0.00011218353029107675
0.00027828619931824505
0.0001155706777353771
0.00014343344082590193
0.00026875571347773075
0.0001283704477827996
8.693393465364352e-05
0.00018020802235696465
0.00024265456886496395
0.00012773806520272046
0.00019222323317080736
0.00019621747196651995
8.450001769233495e-05
8.450001769233495e-05
8.450001769233495e-05
8.450001769233495e-05
8.450001769233495e-05
8.450001769233495e-05
8.450001769233495e-05
8.450001769233495e-05
8.450001769233495e-05
8.450001769233495e-05
8.450001769233495e-05
8.450001769233495e-05
8.450001769233495e-05
8.450001769233495e-05
8.450001769233495e-05
8.450001769233495e-05
8.450001769233495e-05
8.450001769233495e-05
8.450001769233495e-05
8.450001769233495e-05
8.450001769233495e-05
8.450001769233495e-05
8.450001769233495e-05
8.450001769233495e-05
8.450001769233495e-05
