0.1154651865363121
0.048580773174762726
0.0032284059561789036
0.0031937072053551674
0.0036802799440920353
0.002072517294436693
0.003062576986849308
0.0020706471987068653
0.0031333055812865496
0.0019870707765221596
0.0033694831654429436
0.0020497774239629507
0.003303579520434141
0.00212129601277411
0.0034183377865701914
0.0021895417012274265
0.003660686081275344
0.002224254421889782
0.0035102826077491045
0.002305490430444479
0.0036792198661714792
0.0022870092652738094
0.0036230189725756645
0.002359707374125719
0.003665472846478224
0.0023005742114037275
0.0035381722263991833
0.0023403784725815058
0.0034632678143680096
0.002345393178984523
0.0033925280440598726
0.0022689015604555607
0.003101264126598835
0.0021037477999925613
0.0027168982196599245
0.001970775658264756
0.0025156468618661165
0.00174352724570781
0.0020143429283052683
0.001632623141631484
0.0017354044830426574
0.0016224754508584738
0.0013911596033722162
0.001323225093074143
0.0015557423466816545
0.0013299892889335752
0.0012031779624521732
0.0011276582954451442
0.0011005309643223882
0.001150439609773457
0.0010180086828768253
0.000978095456957817
0.0010318929562345147
0.0009965961799025536
0.0009305541752837598
0.0008981839055195451
0.0009137493907473981
0.001003628596663475
0.0009309684974141419
0.0008579574059695005
0.0009275521733798087
0.0008070098701864481
0.0008787502301856875
0.0009051355300471187
0.0008315812447108328
0.000878922815900296
0.0009156453306786716
0.0007935218163765967
0.0008513992070220411
0.0008391182636842132
0.0009085155907087028
0.0007874489529058337
0.0008010558667592704
0.000813832157291472
0.0008929649484343827
0.0009704285766929388
0.0007728636846877635
0.0007346234633587301
0.0007842634222470224
0.0007912599830888212
0.0007484881207346916
0.0007702542934566736
0.0007761377491988242
0.0007597341318614781
0.0007499317871406674
0.0006696623167954385
0.0007018206524662673
0.0007402249029837549
0.0007077600457705557
0.0006634867750108242
0.0006961715407669544
0.0006824777810834348
0.0006768796592950821
0.0006793392240069807
0.0006607906543649733
0.0007447455427609384
0.0007219797116704285
0.0006672023446299136
0.0007013179128989577
0.0005774766323156655
0.000640332349576056
0.0005682735936716199
0.0006199312047101557
0.0006191402790136635
0.0005603337776847184
0.0005160627770237625
0.000523252587299794
0.0005035781650803983
0.0006220164359547198
0.0005586325423792005
0.0005104352603666484
0.000505835167132318
0.000521507696248591
0.00046591265709139407
0.0004633052449207753
0.0005624889745377004
0.00048705918015912175
0.0004250599886290729
0.00044631853234022856
0.00043003744212910533
0.0005597854615189135
0.0004326961934566498
0.0004612384655047208
0.0004487016994971782
0.0004334578989073634
0.00031376376864500344
0.0004266402102075517
0.00035756200668402016
0.0004818964807782322
0.00032035837648436427
0.00035047688288614154
0.0003340081311762333
0.0004264987073838711
0.00026579928817227483
0.0004173583583906293
0.0003040762385353446
0.0003911089734174311
0.00033513628295622766
0.00039175935671664774
0.0005823036772198975
0.0003253693867009133
0.0003717007639352232
0.0004013360012322664
0.00023365984088741243
0.0002656853466760367
0.0002177187125198543
0.0002704036596696824
0.0005044800345785916
0.0002627260109875351
0.00020000754739157856
0.0004286739567760378
0.0001960476947715506
0.0002813592436723411
0.00021613245189655572
0.00035508122527971864
0.0002490915940143168
0.00048788273124955595
0.00019142900418955833
0.00022897616145201027
0.00019259443797636777
0.00023878754291217774
0.0001901600626297295
0.00038058144855313003
0.0002376552438363433
0.000348418194334954
0.00035387242678552866
0.0002768557460512966
0.00023965866421349347
0.00024114052939694375
0.00022955542954150587
0.0002754034649115056
0.00020422662782948464
0.0003506436769384891
0.00016974245954770595
0.00023667920322623104
0.00018745026318356395
0.0002895176294259727
0.0002119312557624653
0.00019529582641553134
0.0002686275984160602
0.00023372091527562588
0.00028156282496638596
0.00030461075948551297
0.0002074316726066172
0.0002771345025394112
0.0003393050574231893
0.0003109217796009034
0.00031227912404574454
0.00040663708932697773
0.0001772700052242726
0.0002779943752102554
0.00021996804571244866
0.0004902690416201949
0.0001779165759216994
0.0002826641430146992
0.0004080055805388838
0.0002836030616890639
0.00037986953975632787
0.0003508636145852506
0.0002311536663910374
0.00027904126909561455
0.00028563200612552464
0.00023999025870580226
0.00034705843427218497
0.00024336829665116966
0.00032287216163240373
0.0002105304301949218
0.00017624229076318443
0.0002325992682017386
0.0002331199502805248
0.0003261005331296474
0.00028864789055660367
0.00044593517668545246
0.00022093116422183812
0.0002838821383193135
0.00023396432516165078
0.00021316111087799072
0.00020694419799838215
0.00022354282555170357
0.0002074099611490965
0.00023190536012407392
0.00021630211267620325
0.0002531950012780726
0.00022639411326963454
0.00028343917801976204
0.0003219593781977892
0.0003298974479548633
0.0003510444948915392
0.0003020037547685206
0.00018045517208520323
0.00022843039187137038
0.00019457675807643682
0.000246346986386925
0.00021691487927455455
0.00028369648498483
0.00030747681739740074
0.00020086127915419638
0.0002050733019132167
0.00020511896582320333
0.00018387901945970953
0.0004520406946539879
0.00023017905186861753
0.0003224042011424899
0.00044338381849229336
0.0002685785584617406
0.00019050261471420527
0.00034139695344492793
0.0003744578280020505
0.0002717456081882119
0.00035293554537929595
0.0004220640112180263
0.00019457675807643682
0.00019457675807643682
0.00019457675807643682
0.00019457675807643682
0.00019457675807643682
0.00019457675807643682
0.00019457675807643682
0.00019457675807643682
0.00019457675807643682
0.00019457675807643682
0.00019457675807643682
0.00019457675807643682
0.00019457675807643682
0.00019457675807643682
0.00019457675807643682
0.00019457675807643682
0.00019457675807643682
0.00019457675807643682
0.00019457675807643682
0.00019457675807643682
0.00019457675807643682
0.00019457675807643682
0.00019457675807643682
0.00019457675807643682
0.00019457675807643682
