0.5498767495155334
0.3187267482280731
0.179586261510849
0.15676550567150116
0.19011661410331726
0.1746002435684204
0.18994559347629547
0.18031460046768188
0.1906130015850067
0.17881673574447632
0.19408033788204193
0.18095925450325012
0.19535496830940247
0.18282218277454376
0.19819246232509613
0.18476305902004242
0.2019752860069275
0.186147540807724
0.20312945544719696
0.18835856020450592
0.20646250247955322
0.1891503781080246
0.20823325216770172
0.19120530784130096
0.21048177778720856
0.1917961835861206
0.2113850861787796
0.1931515485048294
0.21276165544986725
0.19388343393802643
0.21361909806728363
0.19368207454681396
0.212297722697258
0.19244009256362915
0.2094065248966217
0.19165097177028656
0.20734423398971558
0.1892603635787964
0.20208050310611725
0.1890675574541092
0.19882534444332123
0.18989787995815277
0.19543470442295074
0.18776893615722656
0.2002774477005005
0.19218562543392181
0.19695761799812317
0.1929704248905182
0.19754664599895477
0.19398318231105804
0.19849319756031036
0.19319666922092438
0.20213714241981506
0.19550065696239471
0.19998255372047424
0.19628062844276428
0.2030804455280304
0.19473108649253845
0.20270809531211853
0.19858881831169128
0.20450744032859802
0.19911855459213257
0.20669524371623993
0.20181216299533844
0.20774462819099426
0.20012521743774414
0.20955148339271545
0.20083379745483398
0.20675230026245117
0.20256705582141876
0.21216470003128052
0.2047639936208725
0.21101930737495422
0.20347252488136292
0.21430015563964844
0.20799894630908966
0.21285104751586914
0.20713937282562256
0.21294379234313965
0.20739740133285522
0.217636376619339
0.2088717818260193
0.218549907207489
0.2091095745563507
0.22053742408752441
0.21162697672843933
0.2208140343427658
0.2130434513092041
0.21859878301620483
0.21483927965164185
0.2220705896615982
0.21505224704742432
0.2240598499774933
0.21706628799438477
0.22786137461662292
0.22131755948066711
0.23246949911117554
0.21883855760097504
0.2339932769536972
0.22222059965133667
0.2298080027103424
0.2241552770137787
0.23117180168628693
0.22587771713733673
0.2328701913356781
0.22581855952739716
0.23163460195064545
0.22594816982746124
0.23342540860176086
0.2254485934972763
0.2341766357421875
0.2279244065284729
0.23152735829353333
0.22780877351760864
0.2333151400089264
0.22575508058071136
0.2337072789669037
0.22818246483802795
0.23556922376155853
0.2305128574371338
0.2401348054409027
0.2285793125629425
0.23257410526275635
0.22697988152503967
0.2371453046798706
0.23010167479515076
0.23596756160259247
0.23458465933799744
0.23809599876403809
0.23282280564308167
0.23485414683818817
0.2306157797574997
0.23581728339195251
0.22825823724269867
0.23277948796749115
0.22712811827659607
0.23673667013645172
0.2311817854642868
0.23572760820388794
0.23395098745822906
0.2366417795419693
0.23142115771770477
0.23707778751850128
0.23212411999702454
0.236469566822052
0.23155629634857178
0.23869068920612335
0.23174767196178436
0.23696677386760712
0.23462462425231934
0.2345995306968689
0.23249225318431854
0.23853200674057007
0.23496858775615692
0.23748041689395905
0.23589199781417847
0.24241681396961212
0.2353827953338623
0.2403242141008377
0.23473994433879852
0.2411060929298401
0.2349759042263031
0.24191291630268097
0.23634298145771027
0.241232767701149
0.2370462566614151
0.24457482993602753
0.23958708345890045
0.24691128730773926
0.24043087661266327
0.24551181495189667
0.23980027437210083
0.2447514683008194
0.23934781551361084
0.24439148604869843
0.2395799607038498
0.24653925001621246
0.24077191948890686
0.24512481689453125
0.2412012368440628
0.24790890514850616
0.24687018990516663
0.2513605058193207
0.24588464200496674
0.2517749071121216
0.24604657292366028
0.2508586645126343
0.24807268381118774
0.25610435009002686
0.24815432727336884
0.2580541968345642
0.24868187308311462
0.2531179189682007
0.2513967454433441
0.25624287128448486
0.24878919124603271
0.25477391481399536
0.25557103753089905
0.2611939013004303
0.25522392988204956
0.2586994171142578
0.25582659244537354
0.26126036047935486
0.2572561800479889
0.25914087891578674
0.25231170654296875
0.258978933095932
0.2523629069328308
0.2623407244682312
0.25541165471076965
0.2667357623577118
0.2577938735485077
0.2721722424030304
0.2612397372722626
0.2699865996837616
0.2633509933948517
0.26745373010635376
0.26141655445098877
0.26488059759140015
0.2602151036262512
0.2671884000301361
0.26312384009361267
0.270720511674881
0.26372912526130676
0.2694173753261566
0.2664540708065033
0.2726331055164337
0.2624175250530243
0.26939505338668823
0.2651694416999817
0.2689543068408966
0.2646262049674988
0.2685115933418274
0.2637702524662018
0.26760703325271606
0.26642608642578125
0.2669139504432678
0.26268789172172546
0.2644616961479187
0.26160958409309387
0.26167240738868713
0.2613334655761719
0.2705635130405426
0.2620892822742462
0.2711070477962494
0.2623031437397003
0.26929983496665955
0.26487821340560913
0.26841118931770325
0.26405391097068787
0.2689329981803894
0.2646262049674988
0.2646262049674988
0.2646262049674988
0.2646262049674988
0.2646262049674988
0.2646262049674988
0.2646262049674988
0.2646262049674988
0.2646262049674988
0.2646262049674988
0.2646262049674988
0.2646262049674988
0.2646262049674988
0.2646262049674988
0.2646262049674988
0.2646262049674988
0.2646262049674988
0.2646262049674988
0.2646262049674988
0.2646262049674988
0.2646262049674988
0.2646262049674988
0.2646262049674988
0.2646262049674988
0.2646262049674988
