-0.025127828121185303
-0.006796061992645264
-0.0010793209075927734
-0.0012187361717224121
-0.0012037158012390137
-0.0012822151184082031
-0.0011731386184692383
-0.0012969374656677246
-0.001180887222290039
-0.0013101696968078613
-0.001179039478302002
-0.0013254284858703613
-0.0011754631996154785
-0.0013372302055358887
-0.0011863112449645996
-0.0013460516929626465
-0.0011997818946838379
-0.0013449788093566895
-0.001188814640045166
-0.0013582706451416016
-0.0012023448944091797
-0.0013529062271118164
-0.0011989474296569824
-0.0013698935508728027
-0.0012058615684509277
-0.0013663768768310547
-0.0012086033821105957
-0.0013782382011413574
-0.0012181997299194336
-0.0013852119445800781
-0.0012470483779907227
-0.001390993595123291
-0.001258552074432373
-0.0013851523399353027
-0.0012827515602111816
-0.0014037489891052246
-0.0013200640678405762
-0.001402735710144043
-0.0013315677642822266
-0.0013874173164367676
-0.001365065574645996
-0.001423656940460205
-0.001384139060974121
-0.001384139060974121
-0.0014439821243286133
-0.0014503002166748047
-0.0013870596885681152
-0.0014554262161254883
-0.0014317631721496582
-0.0014511346817016602
-0.0014286637306213379
-0.0014372467994689941
-0.0014663934707641602
-0.0014865398406982422
-0.0014971494674682617
-0.0014778971672058105
-0.0015301704406738281
-0.0015193819999694824
-0.0015407204627990723
-0.0015683770179748535
-0.001574873924255371
-0.001588582992553711
-0.001591503620147705
-0.0016034245491027832
-0.001594841480255127
-0.0016100406646728516
-0.0015906691551208496
-0.0016068816184997559
-0.0016117095947265625
-0.0016717314720153809
-0.0016437768936157227
-0.0016349554061889648
-0.0015952587127685547
-0.0016261935234069824
-0.0016581416130065918
-0.001641988754272461
-0.0015979409217834473
-0.0016966462135314941
-0.0016289949417114258
-0.0016393065452575684
-0.0016661286354064941
-0.0016265511512756348
-0.0016239285469055176
-0.0016450285911560059
-0.0016726851463317871
-0.0016447901725769043
-0.0016095638275146484
-0.001629471778869629
-0.0016297698020935059
-0.001653909683227539
-0.001638650894165039
-0.0016474127769470215
-0.0016537904739379883
-0.0016933083534240723
-0.0016507506370544434
-0.0016399025917053223
-0.0016640424728393555
-0.0016593337059020996
-0.0016672611236572266
-0.001634359359741211
-0.0016542673110961914
-0.0016589760780334473
-0.001629650592803955
-0.0016387104988098145
-0.0016279816627502441
-0.00164717435836792
-0.0016364455223083496
-0.0016826391220092773
-0.001656174659729004
-0.001637279987335205
-0.0016495585441589355
-0.0016595125198364258
-0.0016453266143798828
-0.0016763806343078613
-0.0016554594039916992
-0.0016363263130187988
-0.0016756057739257812
-0.0016519427299499512
-0.0016686320304870605
-0.0016832351684570312
-0.0016456842422485352
-0.0016601085662841797
-0.0016748309135437012
-0.0016869902610778809
-0.0016720294952392578
-0.0016679763793945312
-0.0016689300537109375
-0.0016998648643493652
-0.0016499757766723633
-0.0016352534294128418
-0.0016526579856872559
-0.0016945600509643555
-0.0016732215881347656
-0.0016632676124572754
-0.00163191556930542
-0.001660168170928955
-0.0016786456108093262
-0.0016568303108215332
-0.001686692237854004
-0.0016872882843017578
-0.001665949821472168
-0.0016612410545349121
-0.0016505718231201172
-0.0016618967056274414
-0.0016661286354064941
-0.0016419291496276855
-0.001658320426940918
-0.0016841292381286621
-0.0016565918922424316
-0.0016843676567077637
-0.0016643404960632324
-0.0016545653343200684
-0.0016652941703796387
-0.001654207706451416
-0.001624464988708496
-0.00166398286819458
-0.0016817450523376465
-0.0016657114028930664
-0.0016217231750488281
-0.0016933083534240723
-0.0016724467277526855
-0.0016644597053527832
-0.0016666054725646973
-0.0016458630561828613
-0.0016475319862365723
-0.0016753077507019043
-0.0016517043113708496
-0.0016620159149169922
-0.00166243314743042
-0.0016591548919677734
-0.0016490817070007324
-0.001653909683227539
-0.0016589760780334473
-0.0016725659370422363
-0.0016527175903320312
-0.0016541481018066406
-0.0016528964042663574
-0.0016450881958007812
-0.0016617178916931152
-0.00166243314743042
-0.001678764820098877
-0.001656949520111084
-0.0016561150550842285
-0.0016627907752990723
-0.0016497969627380371
-0.0016780495643615723
-0.0016457438468933105
-0.0016714930534362793
-0.0016483068466186523
-0.0016611218452453613
-0.001652538776397705
-0.0017046332359313965
-0.0016434788703918457
-0.0016394257545471191
-0.0016689896583557129
-0.0016517043113708496
-0.0016404390335083008
-0.0016677379608154297
-0.0016577839851379395
-0.0016633868217468262
-0.0016331672668457031
-0.0016513466835021973
-0.0016358494758605957
-0.0016491413116455078
-0.001652538776397705
-0.0016394257545471191
-0.0016573071479797363
-0.0016769170761108398
-0.0016586780548095703
-0.0016759037971496582
-0.001647651195526123
-0.001659095287322998
-0.0016562342643737793
-0.001663506031036377
-0.0016703605651855469
-0.0016591548919677734
-0.0016507506370544434
-0.0016711950302124023
-0.0016531944274902344
-0.0016685128211975098
-0.0016627311706542969
-0.0016736388206481934
-0.0016800761222839355
-0.00167161226272583
-0.0016565322875976562
-0.001660466194152832
-0.001692354679107666
-0.0016646981239318848
-0.0016454458236694336
-0.001643538475036621
-0.0016711950302124023
-0.0016387104988098145
-0.0016499161720275879
-0.0016575455665588379
-0.0016733407974243164
-0.0016553997993469238
-0.0016526579856872559
-0.0016646385192871094
-0.0016486644744873047
-0.001638174057006836
-0.0016272664070129395
-0.0016521215438842773
-0.0016677379608154297
-0.0016487836837768555
-0.0016696453094482422
-0.0016582012176513672
-0.001664280891418457
-0.0016736388206481934
-0.0016655325889587402
-0.0016301274299621582
-0.0016524195671081543
-0.001660466194152832
-0.001660466194152832
-0.001660466194152832
-0.001660466194152832
-0.001660466194152832
-0.001660466194152832
-0.001660466194152832
-0.001660466194152832
-0.001660466194152832
-0.001660466194152832
-0.001660466194152832
-0.001660466194152832
-0.001660466194152832
-0.001660466194152832
-0.001660466194152832
-0.001660466194152832
-0.001660466194152832
