0.24471789598464966
0.14776739478111267
0.07052139937877655
0.07509288936853409
0.07501590251922607
0.0777977779507637
0.07480208575725555
0.0780000314116478
0.07499909400939941
0.07830801606178284
0.07490673661231995
0.0786217600107193
0.07474656403064728
0.078859344124794
0.07497482746839523
0.07903558760881424
0.07528483122587204
0.07896594703197479
0.07493449002504349
0.07922742515802383
0.07520291954278946
0.07902517914772034
0.0750524252653122
0.07935307919979095
0.07514434307813644
0.07918496429920197
0.07511217147111893
0.07941074669361115
0.07526315748691559
0.07949233055114746
0.07591413706541061
0.07949625700712204
0.07608304917812347
0.07925917208194733
0.07659470289945602
0.07960765808820724
0.07751844078302383
0.07961148768663406
0.07784001529216766
0.0792868584394455
0.07870123535394669
0.08006329834461212
0.0790574699640274
0.07896406203508377
0.08013863861560822
0.08009812980890274
0.07848919928073883
0.07977496832609177
0.07903646677732468
0.07920903712511063
0.07841771095991135
0.0783451572060585
0.07865940779447556
0.07877613604068756
0.0786922350525856
0.07793017476797104
0.07869499921798706
0.07814324647188187
0.07814618945121765
0.07844816148281097
0.07824558019638062
0.07824257761240005
0.07792505621910095
0.07794603705406189
0.07758620381355286
0.07776264101266861
0.07723719626665115
0.07751049846410751
0.07745637744665146
0.07852718979120255
0.07804152369499207
0.07773491740226746
0.07701734453439713
0.07740434259176254
0.07805536687374115
0.07752113789319992
0.07675918191671371
0.07864934206008911
0.07747228443622589
0.07746341824531555
0.07808219641447067
0.07717251777648926
0.07716915756464005
0.07754134386777878
0.07804583013057709
0.07745116949081421
0.0768725574016571
0.07714623212814331
0.07718448340892792
0.077586330473423
0.07730576395988464
0.07737606763839722
0.07756590843200684
0.07822661101818085
0.07745293527841568
0.07720412313938141
0.07767245173454285
0.077488012611866
0.07763204723596573
0.07691718637943268
0.07725712656974792
0.07735159248113632
0.07684331387281418
0.07694083452224731
0.076875701546669
0.07713863253593445
0.07691559940576553
0.07781235873699188
0.07730972021818161
0.07692243903875351
0.0771644189953804
0.07728192955255508
0.07701411098241806
0.07758484035730362
0.07720322906970978
0.0768454298377037
0.07763814181089401
0.07709018886089325
0.07739786803722382
0.07762880623340607
0.07690614461898804
0.07714708894491196
0.07750672101974487
0.07765410840511322
0.07742119580507278
0.07728756219148636
0.07726653665304184
0.07784295827150345
0.0769730657339096
0.07665424793958664
0.07700462639331818
0.07777490466833115
0.07737040519714355
0.0771358385682106
0.07656396925449371
0.07701822370290756
0.07740800827741623
0.07695923000574112
0.0775730311870575
0.07753978669643402
0.07725779712200165
0.07710498571395874
0.0768674686551094
0.0770707055926323
0.07717195153236389
0.07671786844730377
0.07706069946289062
0.07747003436088562
0.07702367007732391
0.07753139734268188
0.07723862677812576
0.07695895433425903
0.07733364403247833
0.07697247713804245
0.07645493745803833
0.07713737338781357
0.07750260084867477
0.0771532952785492
0.07635266333818436
0.0777253583073616
0.07734651118516922
0.07713523507118225
0.07724898308515549
0.07675447314977646
0.07686790078878403
0.07730834186077118
0.07695411145687103
0.07706242054700851
0.07718172669410706
0.07699545472860336
0.07687985152006149
0.07694357633590698
0.07711291313171387
0.0773024708032608
0.0769362524151802
0.0769161731004715
0.07691702246665955
0.07671301066875458
0.07712624967098236
0.07707879692316055
0.07747584581375122
0.07697034627199173
0.07704360783100128
0.07709185034036636
0.07694490253925323
0.0773925855755806
0.07684516906738281
0.07722596824169159
0.07690850645303726
0.07708079367876053
0.07700620591640472
0.07802426815032959
0.07682165503501892
0.07670939713716507
0.07740875333547592
0.07692437618970871
0.07680312544107437
0.07718976587057114
0.07715446501970291
0.07710383087396622
0.07660026848316193
0.07689546048641205
0.07672984153032303
0.07689078152179718
0.07703176885843277
0.07665842026472092
0.07705070823431015
0.07744762301445007
0.07713604718446732
0.07745573669672012
0.07702977955341339
0.07713337987661362
0.0770794227719307
0.07719535380601883
0.07735559344291687
0.07709363847970963
0.07698933035135269
0.07735925167798996
0.07706543803215027
0.07729754596948624
0.07730367034673691
0.07732167094945908
0.07760843634605408
0.07733244448900223
0.07710356265306473
0.07714977115392685
0.07790055871009827
0.07724854350090027
0.07696759700775146
0.07686640322208405
0.07748452574014664
0.07678677886724472
0.07705416530370712
0.07712715864181519
0.07749605923891068
0.07700289785861969
0.07709511369466782
0.07724054157733917
0.07699257135391235
0.07668008655309677
0.07656651735305786
0.0770169124007225
0.0774192214012146
0.07695357501506805
0.07749968767166138
0.07714518904685974
0.07746317237615585
0.07750750333070755
0.077435202896595
0.0766187310218811
0.0771501436829567
0.07714977115392685
0.07714977115392685
0.07714977115392685
0.07714977115392685
0.07714977115392685
0.07714977115392685
0.07714977115392685
0.07714977115392685
0.07714977115392685
0.07714977115392685
0.07714977115392685
0.07714977115392685
0.07714977115392685
0.07714977115392685
0.07714977115392685
0.07714977115392685
0.07714977115392685
