2.68064022064209
1.0812764167785645
0.38267970085144043
0.2779407501220703
0.3144521713256836
0.2595629096031189
0.2682110667228699
0.2529001533985138
0.26578909158706665
0.24323327839374542
0.25844138860702515
0.23586508631706238
0.24879246950149536
0.22964464128017426
0.2408217489719391
0.22342494130134583
0.23412321507930756
0.2169819176197052
0.22488418221473694
0.21247166395187378
0.218690425157547
0.2062828093767166
0.2109823077917099
0.20218029618263245
0.2047746777534485
0.19542551040649414
0.19707593321800232
0.1906672865152359
0.18945451080799103
0.1854768693447113
0.18417909741401672
0.17920537292957306
0.177269846200943
0.17204707860946655
0.17123055458068848
0.16517597436904907
0.16740283370018005
0.1574385166168213
0.16048431396484375
0.1519583910703659
0.15666525065898895
0.14894971251487732
0.150488942861557
0.14351896941661835
0.15208373963832855
0.14353448152542114
0.14903920888900757
0.13841935992240906
0.1433119773864746
0.13701865077018738
0.14114443957805634
0.13254091143608093
0.14469319581985474
0.13399793207645416
0.14199550449848175
0.12919163703918457
0.13983801007270813
0.12679536640644073
0.13918592035770416
0.12521176040172577
0.14229212701320648
0.12640275061130524
0.1647026091814041
0.13389107584953308
0.1806129515171051
0.13828884065151215
0.19778501987457275
0.13392269611358643
0.1968378722667694
0.14226101338863373
0.2732238173484802
0.17334434390068054
0.3805854022502899
0.11542172729969025
0.14473621547222137
0.1441614180803299
0.2286415994167328
0.17411139607429504
0.31812942028045654
0.23355628550052643
0.7340759038925171
0.19036704301834106
0.5317844152450562
0.39628201723098755
1.474249005317688
0.177999809384346
0.6752762198448181
0.3346468210220337
0.9636003971099854
0.4791692793369293
1.63242769241333
1.129438877105713
5.1995320320129395
1.5208433866500854
7.429784774780273
2.648397207260132
13.329798698425293
2.1020009517669678
16.135791778564453
1.1983232498168945
5.328617095947266
0.6300572156906128
0.9432526230812073
0.7242764234542847
1.3927208185195923
0.5041239857673645
0.902208685874939
0.1414235234260559
0.19511377811431885
0.616787850856781
1.268861174583435
0.2533271610736847
0.4550103545188904
0.21947620809078217
0.48177579045295715
0.2512120306491852
0.609806478023529
0.7828196287155151
1.6949607133865356
4.968495845794678
6.730292320251465
1.7600771188735962
1.026078224182129
0.4696555733680725
0.37532100081443787
0.20152075588703156
0.3791101276874542
1.0114195346832275
1.3964862823486328
0.5578653812408447
0.3879982829093933
0.42219701409339905
0.512302041053772
0.28514790534973145
0.1623007357120514
0.12086443603038788
0.49515777826309204
0.23104430735111237
0.43770068883895874
0.15756072103977203
0.2697550654411316
0.12187100946903229
0.1983228325843811
0.12394782900810242
0.22103610634803772
0.10325433313846588
0.30430305004119873
0.20843720436096191
0.204800546169281
0.13199985027313232
0.12827788293361664
0.1718619167804718
0.6094354391098022
0.2936449348926544
0.586807370185852
0.48035651445388794
0.9555538892745972
0.3592526316642761
0.5348125696182251
0.11268679797649384
0.24539363384246826
0.15140295028686523
0.2051951140165329
0.5474026799201965
1.0719594955444336
0.11186578869819641
0.4321562647819519
0.08850740641355515
0.33675822615623474
0.2575082778930664
0.5522619485855103
0.31169071793556213
0.418379008769989
0.7148663997650146
1.3782247304916382
0.25021570920944214
0.4742843806743622
0.12324561923742294
0.18802303075790405
0.23151761293411255
0.15524783730506897
0.09669997543096542
0.1146647110581398
0.09120381623506546
0.08257286250591278
0.10595273971557617
0.11494605243206024
0.08042798936367035
0.09728233516216278
0.10465692728757858
0.09890493750572205
0.07847625017166138
0.08348248898983002
0.1956826150417328
0.38377609848976135
0.10856291651725769
0.08905244618654251
0.08077801018953323
0.09286738932132721
0.1160535216331482
0.10301627218723297
0.44811418652534485
0.31118035316467285
0.17172104120254517
0.14926652610301971
0.10284644365310669
0.14177575707435608
0.20603856444358826
0.13456560671329498
0.08117390424013138
0.182540163397789
0.07713758945465088
0.08128100633621216
0.10273422300815582
0.09009743481874466
0.16570861637592316
0.11940605938434601
0.08414047956466675
0.17870737612247467
0.17346057295799255
0.13124974071979523
0.07417993247509003
0.07639956474304199
0.07066190987825394
0.20434369146823883
0.08147156238555908
0.11091895401477814
0.19348359107971191
0.09251362085342407
0.0697915181517601
0.07441490888595581
0.07754667103290558
0.07056756317615509
0.08749081194400787
0.07660173624753952
0.06919555366039276
0.0747876763343811
0.06639329344034195
0.08378743380308151
0.1079833060503006
0.1164245679974556
0.07237128168344498
0.09090645611286163
0.1312977373600006
0.0721113309264183
0.07256469130516052
0.0859115794301033
0.06481024622917175
0.06831804662942886
0.06968514621257782
0.0670713558793068
0.07754667103290558
0.07754667103290558
0.07754667103290558
0.07754667103290558
0.07754667103290558
0.07754667103290558
0.07754667103290558
0.07754667103290558
0.07754667103290558
0.07754667103290558
0.07754667103290558
0.07754667103290558
0.07754667103290558
0.07754667103290558
0.07754667103290558
0.07754667103290558
0.07754667103290558
0.07754667103290558
0.07754667103290558
0.07754667103290558
0.07754667103290558
0.07754667103290558
0.07754667103290558
0.07754667103290558
0.07754667103290558
