0.10987777262926102
0.04105718061327934
0.01574510894715786
0.012520459480583668
0.01730973646044731
0.014634383842349052
0.016568047925829887
0.014901501126587391
0.016321228817105293
0.014425917528569698
0.016627855598926544
0.014508537016808987
0.016654685139656067
0.014614172279834747
0.016997400671243668
0.014798138290643692
0.017598142847418785
0.014974054880440235
0.017888536676764488
0.01532105915248394
0.01862710900604725
0.01550198532640934
0.019191758707165718
0.01588919200003147
0.019858011975884438
0.016085976734757423
0.020309487357735634
0.01643374189734459
0.02094745635986328
0.016741111874580383
0.021522918716073036
0.01694008894264698
0.021649928763508797
0.017018193379044533
0.02137439325451851
0.01720648817718029
0.021338187158107758
0.017253858968615532
0.020789122208952904
0.01787824183702469
0.020966146141290665
0.018938282504677773
0.02128944918513298
0.019563918933272362
0.0238110963255167
0.02157476730644703
0.024207409471273422
0.02265334315598011
0.025109095498919487
0.023543572053313255
0.0264219269156456
0.024144327268004417
0.028928522020578384
0.025764835998415947
0.02922939695417881
0.026833880692720413
0.030882034450769424
0.027031075209379196
0.03156560659408569
0.028697513043880463
0.033769574016332626
0.030084267258644104
0.037717439234256744
0.03303636610507965
0.04043658450245857
0.03464510664343834
0.043522533029317856
0.0357036218047142
0.04444138705730438
0.03834804892539978
0.053557224571704865
0.04374389722943306
0.0610017292201519
0.04578721523284912
0.06428158283233643
0.05075957253575325
0.07062001526355743
0.05716892331838608
0.08086103200912476
0.06555936485528946
0.11496342718601227
0.07762234658002853
0.13330979645252228
0.09802144765853882
0.19282937049865723
0.12258696556091309
0.24802328646183014
0.14666347205638885
0.2648680508136749
0.18491750955581665
0.36054348945617676
0.27396276593208313
0.6489901542663574
0.4169304072856903
1.026203989982605
0.62132328748703
1.6110223531723022
0.8729164004325867
2.9814682006835938
1.6697465181350708
3.5542869567871094
1.883342981338501
3.134949207305908
2.4456794261932373
4.318242073059082
3.1370086669921875
4.6874518394470215
2.9793624877929688
4.758453845977783
3.5370612144470215
5.702321529388428
3.9223039150238037
4.494255065917969
3.160074234008789
4.896093845367432
3.7140722274780273
6.559197902679443
4.5649003982543945
7.5143842697143555
4.926299095153809
7.552863121032715
5.515146255493164
5.308847904205322
4.113606929779053
7.314138412475586
5.494998455047607
7.592843055725098
7.521825790405273
7.566839694976807
7.348153591156006
4.314937591552734
3.798954486846924
3.9044623374938965
3.2669239044189453
3.9131691455841064
3.062105417251587
4.270342826843262
3.3177895545959473
3.655146837234497
3.0428667068481445
3.7683095932006836
3.030576229095459
4.000775337219238
3.5485188961029053
5.176938056945801
4.1175923347473145
5.511511325836182
4.799197673797607
3.4167802333831787
3.287001371383667
3.5567681789398193
2.839517116546631
3.9134857654571533
2.95341420173645
3.7209084033966064
3.7235875129699707
4.178662300109863
3.6059226989746094
3.498117685317993
3.712143898010254
4.226504325866699
3.829143762588501
5.437003135681152
4.337307453155518
5.148150444030762
4.266343116760254
4.991598606109619
4.22410774230957
5.432070732116699
4.049530029296875
5.06069803237915
4.992385387420654
4.4630045890808105
3.5548698902130127
4.760989189147949
4.119961261749268
4.696688652038574
3.4077165126800537
3.8725650310516357
3.3362011909484863
2.949120044708252
2.625473976135254
2.3862156867980957
2.3990561962127686
2.100670337677002
2.4906909465789795
2.921314239501953
3.1754813194274902
2.647413492202759
2.8443117141723633
2.924896478652954
2.525319814682007
3.112701177597046
2.7984933853149414
3.4799909591674805
3.1836323738098145
3.14953351020813
3.4760425090789795
3.162766218185425
3.049701452255249
3.05415678024292
2.8101043701171875
3.5515668392181396
3.734710693359375
4.74849271774292
3.7255232334136963
3.7817585468292236
3.0021793842315674
3.931636095046997
3.4680066108703613
4.968791484832764
4.1465163230896
5.560510158538818
4.569873332977295
5.8860907554626465
5.382794380187988
5.71132755279541
5.130413055419922
5.858830451965332
5.720264434814453
5.532517910003662
5.230148792266846
6.02709436416626
5.35220193862915
6.691009521484375
6.26130485534668
6.310773849487305
5.937510013580322
5.978144645690918
5.688451766967773
6.298300743103027
5.8244829177856445
5.964555263519287
5.348402976989746
5.881800174713135
5.662040710449219
6.280463218688965
5.208863258361816
5.810161113739014
5.087452411651611
5.544962406158447
5.302896499633789
7.153262138366699
5.855097770690918
7.7495622634887695
6.146275520324707
7.034317493438721
6.298036098480225
6.392221450805664
5.815150260925293
6.320278167724609
23.909748077392578
1.1683295965194702
4.00731086730957
2.6845295429229736
2.5423390865325928
1.7292053699493408
4.044877529144287
1.1475019454956055
0.7836089134216309
0.9712927341461182
3.4250478744506836
1.2860826253890991
2.5609095096588135
1.1930532455444336
5.496456146240234
1.7230477333068848
1.705670952796936
1.8520549535751343
3.473137140274048
1.523850440979004
1.2747269868850708
2.164186954498291
2.4577996730804443
1.6635690927505493
2.238313913345337
