0.10783735662698746
0.04000738635659218
0.015365968458354473
0.012053564190864563
0.016665449365973473
0.014133215881884098
0.01598108559846878
0.014411212876439095
0.015765873715281487
0.013963808305561543
0.016075877472758293
0.014064079150557518
0.01611245796084404
0.014176146127283573
0.01645514741539955
0.014355005696415901
0.017030730843544006
0.014520232565701008
0.017302077263593674
0.014846835285425186
0.018001718446612358
0.015012002550065517
0.01853502355515957
0.015381984412670135
0.01916053704917431
0.015565033070743084
0.019582252949476242
0.015893474221229553
0.020181970670819283
0.01618451252579689
0.020721109583973885
0.016370665282011032
0.020836642012000084
0.016445960849523544
0.020579108968377113
0.016634179279208183
0.02055680751800537
0.01669190265238285
0.020053677260875702
0.01731429621577263
0.020236261188983917
0.018353885039687157
0.020557928830385208
0.018962696194648743
0.022957870736718178
0.02089432254433632
0.023325743153691292
0.02193358913064003
0.024180570617318153
0.022770164534449577
0.025379208847880363
0.023310739547014236
0.027632683515548706
0.024791989475488663
0.027848096564412117
0.025748442858457565
0.029280466958880424
0.025842687115073204
0.02974836900830269
0.027314865961670876
0.03144395351409912
0.02839650958776474
0.034186940640211105
0.030685896053910255
0.03589371219277382
0.03148825094103813
0.03754414990544319
0.03216420114040375
0.03749653324484825
0.03377663344144821
0.04235373064875603
0.036653921008110046
0.04477231204509735
0.037017881870269775
0.046132590621709824
0.03977276012301445
0.04745855554938316
0.041691217571496964
0.04966183751821518
0.043861452490091324
0.05693356320261955
0.04655442386865616
0.05929621309041977
0.049462415277957916
0.06414631009101868
0.052432917058467865
0.06635887920856476
0.05529405549168587
0.06677967309951782
0.05929088965058327
0.07289468497037888
0.0644812062382698
0.08551494032144547
0.07289526611566544
0.10181020200252533
0.08419708907604218
0.12093233317136765
0.0865219309926033
0.1302952617406845
0.09878969192504883
0.12905234098434448
0.10370690375566483
0.12426362186670303
0.10958797484636307
0.13306625187397003
0.11079750210046768
0.13229243457317352
0.11542819440364838
0.13531704246997833
0.117402084171772
0.14190159738063812
0.1223335713148117
0.1253112256526947
0.11787895113229752
0.13621588051319122
0.11920826882123947
0.1457388699054718
0.1336662918329239
0.15723884105682373
0.14196895062923431
0.17423182725906372
0.13666380941867828
0.14726993441581726
0.1309192180633545
0.16224390268325806
0.14702169597148895
0.17816215753555298
0.16970987617969513
0.18598107993602753
0.17231987416744232
0.17711184918880463
0.15506744384765625
0.1727985292673111
0.13831326365470886
0.1602756679058075
0.13505542278289795
0.17247214913368225
0.1566387116909027
0.17269101738929749
0.16771060228347778
0.18122081458568573
0.16274462640285492
0.18164819478988647
0.16219839453697205
0.18280911445617676
0.16665451228618622
0.2047341763973236
0.18746963143348694
0.22265854477882385
0.21397437155246735
0.2132192701101303
0.1980958878993988
0.21914730966091156
0.2153310775756836
0.23474520444869995
0.22639793157577515
0.2714642286300659
0.2319774180650711
0.2784804403781891
0.23402287065982819
0.2724301517009735
0.23368223011493683
0.2831510305404663
0.24975080788135529
0.2968766391277313
0.2910505533218384
0.35407719016075134
0.33803853392601013
0.43252816796302795
0.37976008653640747
0.4008622467517853
0.3447650969028473
0.3637508451938629
0.332979679107666
0.3792743980884552
0.3472936153411865
0.43736833333969116
0.41236457228660583
0.45572584867477417
0.4443883001804352
0.6137821674346924
0.6004714965820312
0.7964754700660706
0.7199171185493469
1.1223472356796265
0.7206558585166931
0.9331724047660828
0.7637902498245239
1.3981881141662598
0.9430562257766724
1.547293782234192
1.1594959497451782
1.3647444248199463
1.2364494800567627
1.2275714874267578
1.0187965631484985
1.3948873281478882
1.245132565498352
2.0984208583831787
1.5364357233047485
1.9358619451522827
1.7464789152145386
2.092775344848633
1.6133735179901123
1.6444050073623657
1.4641151428222656
1.7611466646194458
1.5015523433685303
2.248302936553955
1.7645795345306396
3.0119569301605225
2.615591049194336
4.283255100250244
3.40749192237854
3.6977438926696777
2.95822811126709
3.8822104930877686
3.073662519454956
2.8304646015167236
2.473381996154785
3.4739301204681396
3.3841278553009033
4.376706123352051
3.7516932487487793
4.222975730895996
4.014838218688965
4.187743186950684
3.3776416778564453
4.544297218322754
4.0406999588012695
4.837589740753174
4.212747573852539
4.251086711883545
3.759636163711548
4.380279064178467
4.276102066040039
5.158580303192139
3.988668441772461
4.7329301834106445
3.885227680206299
4.156374454498291
3.952082395553589
5.830506324768066
4.737645626068115
6.378585338592529
4.737891674041748
5.3809494972229
4.669803619384766
4.526948928833008
4.179886817932129
4.888117790222168
4.212747573852539
4.212747573852539
4.212747573852539
4.212747573852539
4.212747573852539
4.212747573852539
4.212747573852539
4.212747573852539
4.212747573852539
4.212747573852539
4.212747573852539
4.212747573852539
4.212747573852539
4.212747573852539
4.212747573852539
4.212747573852539
4.212747573852539
4.212747573852539
4.212747573852539
4.212747573852539
4.212747573852539
4.212747573852539
4.212747573852539
4.212747573852539
4.212747573852539
