1.3095,1.3108
0.7275,0.7282
0.7275,0.7283
0.7290,0.7283
0.4114,0.4106
0.2378,0.2371
0.2127,0.2121
0.2936,0.2930
0.2078,0.2071
0.2772,0.2768
0.2093,0.2086
0.2469,0.2461
0.2469,0.2462
0.2471,0.2461
0.1831,0.1824
0.2529,0.2522
0.1967,0.1960
0.2381,0.2374
0.1964,0.1956
0.2222,0.2215
0.2022,0.2015
0.2123,0.2115
0.2121,0.2113
0.2119,0.2112
0.1942,0.1935
0.1993,0.1988
0.2033,0.2028
0.1824,0.1819
0.1957,0.1952
0.1750,0.1744
0.1816,0.1809
0.1803,0.1798
0.1802,0.1796
0.1803,0.1796
0.1789,0.1780
0.1829,0.1825
0.1772,0.1768
0.1814,0.1808
0.1831,0.1824
0.1822,0.1815
0.1832,0.1824
0.1830,0.1821
0.1832,0.1823
0.1829,0.1822
0.1881,0.1876
0.1859,0.1853
0.1831,0.1823
0.1888,0.1882
0.1884,0.1878
0.1885,0.1876
0.1912,0.1907
0.1874,0.1868
0.1873,0.1867
0.1872,0.1867
0.1900,0.1892
0.1912,0.1907
0.1902,0.1898
0.1923,0.1917
0.1895,0.1890
0.1926,0.1917
0.1922,0.1915
0.1926,0.1918
0.1928,0.1922
0.1926,0.1919
0.1911,0.1906
0.1896,0.1887
0.1879,0.1874
0.1892,0.1887
0.1883,0.1875
0.1869,0.1865
0.1898,0.1895
0.1906,0.1900
0.1906,0.1901
0.1904,0.1900
0.1931,0.1925
0.1954,0.1947
0.1900,0.1895
0.1918,0.1914
0.1935,0.1929
0.1921,0.1918
0.1916,0.1909
0.1914,0.1909
0.1912,0.1906
0.1915,0.1911
0.1928,0.1925
0.1905,0.1899
0.1954,0.1947
0.1895,0.1890
0.1937,0.1929
0.1875,0.1873
0.1941,0.1936
0.1874,0.1868
0.1873,0.1866
0.1871,0.1867
0.1954,0.1948
0.1924,0.1920
0.1937,0.1929
0.1941,0.1936
0.1950,0.1944
0.1924,0.1917
0.1962,0.1955
0.1929,0.1924
0.1929,0.1922
0.1930,0.1924
0.1934,0.1927
0.1921,0.1917
0.1924,0.1918
0.1853,0.1847
0.1947,0.1942
0.1939,0.1935
0.1967,0.1964
0.1890,0.1884
0.1890,0.1884
0.1890,0.1886
0.1949,0.1946
0.1952,0.1945
0.1908,0.1902
0.1932,0.1926
0.1907,0.1903
0.1901,0.1897
0.1949,0.1944
0.1933,0.1928
0.1934,0.1929
0.1933,0.1928
0.1939,0.1935
0.1904,0.1899
0.1918,0.1914
0.1956,0.1950
0.1964,0.1958
0.1906,0.1903
0.1932,0.1926
0.1913,0.1908
0.1913,0.1905
0.1914,0.1906
0.1936,0.1931
0.1915,0.1910
0.1948,0.1944
0.1940,0.1936
0.1927,0.1920
0.1930,0.1924
0.1954,0.1949
0.1956,0.1950
0.1955,0.1949
0.1955,0.1948
0.1943,0.1938
0.1949,0.1946
0.1891,0.1886
0.1903,0.1898
0.1913,0.1907
0.1978,0.1970
0.1957,0.1952
0.1947,0.1942
0.1944,0.1941
0.1946,0.1942
0.1924,0.1920
0.1909,0.1902
0.1932,0.1926
0.1941,0.1935
0.1938,0.1934
0.1918,0.1914
0.1896,0.1889
0.1936,0.1930
0.1936,0.1928
0.1937,0.1933
0.1900,0.1894
0.1944,0.1938
0.1971,0.1965
0.1946,0.1942
0.1965,0.1960
0.1951,0.1946
0.1926,0.1921
0.1969,0.1963
0.1969,0.1964
0.1969,0.1963
0.1921,0.1916
0.1952,0.1945
0.1925,0.1920
0.1937,0.1931
0.1961,0.1958
0.1901,0.1895
0.1940,0.1935
0.1917,0.1910
0.1916,0.1910
0.1918,0.1913
0.1935,0.1927
0.1929,0.1925
0.1980,0.1973
0.1972,0.1967
0.1938,0.1933
0.1950,0.1946
0.1930,0.1924
0.1959,0.1954
0.1958,0.1954
0.1957,0.1951
0.1946,0.1939
0.1904,0.1896
0.1953,0.1946
0.1983,0.1977
0.1968,0.1960
0.1938,0.1932
0.1943,0.1939
0.1944,0.1937
