202.5692,0.8853,0.6668
73.5070,0.4098,0.2611
19.3532,0.4098,0.2611
19.3541,0.0560,0.2610
6.2657,0.0222,0.0978
1.7622,0.0095,0.0365
0.9584,0.0062,0.0332
2.1132,0.0114,0.0652
1.2297,0.0069,0.0339
2.0786,0.0119,0.0725
1.3855,0.0083,0.0468
2.3389,0.0122,0.0657
1.1675,0.0122,0.0656
1.1691,0.0062,0.0658
0.5184,0.0044,0.0405
1.2549,0.0087,0.0771
0.6879,0.0053,0.0496
1.2133,0.0076,0.0731
0.7727,0.0060,0.0546
1.1612,0.0076,0.0693
0.9231,0.0080,0.0642
1.2276,0.0084,0.0714
1.1599,0.0084,0.0715
1.1597,0.0075,0.0715
0.9693,0.0073,0.0659
1.1280,0.0081,0.0716
1.2966,0.0103,0.0825
1.1659,0.0082,0.0674
1.3710,0.0117,0.0863
1.2076,0.0089,0.0692
1.3762,0.0114,0.0791
1.3597,0.0115,0.0814
1.3470,0.0115,0.0816
1.3470,0.0110,0.0817
1.4562,0.0121,0.0832
1.4754,0.0135,0.0890
1.4866,0.0128,0.0853
1.5404,0.0132,0.0881
1.5186,0.0130,0.0869
1.4637,0.0120,0.0842
1.4704,0.0112,0.0833
1.4823,0.0101,0.0828
1.4713,0.0102,0.0825
1.4693,0.0100,0.0826
1.5542,0.0103,0.0856
1.4943,0.0097,0.0825
1.4097,0.0090,0.0779
1.5177,0.0090,0.0809
1.4774,0.0090,0.0800
1.4744,0.0088,0.0793
1.5022,0.0086,0.0800
1.4612,0.0085,0.0787
1.4550,0.0085,0.0785
1.4656,0.0084,0.0788
1.4992,0.0084,0.0801
1.5081,0.0084,0.0800
1.5066,0.0081,0.0793
1.5672,0.0085,0.0817
1.5426,0.0082,0.0798
1.5578,0.0085,0.0815
1.5845,0.0086,0.0820
1.5748,0.0085,0.0814
1.5794,0.0086,0.0817
1.5843,0.0084,0.0820
1.5843,0.0085,0.0816
1.4932,0.0084,0.0800
1.5122,0.0082,0.0790
1.4948,0.0082,0.0793
1.4827,0.0081,0.0780
1.4480,0.0078,0.0764
1.4883,0.0080,0.0777
1.4736,0.0082,0.0784
1.4724,0.0082,0.0786
1.4835,0.0081,0.0786
1.5423,0.0083,0.0805
1.5785,0.0087,0.0830
1.5117,0.0082,0.0792
1.5379,0.0083,0.0801
1.5761,0.0086,0.0821
1.5511,0.0084,0.0808
1.5291,0.0083,0.0799
1.5483,0.0085,0.0810
1.5296,0.0085,0.0805
1.5176,0.0084,0.0801
1.5320,0.0085,0.0813
1.5254,0.0083,0.0795
1.5918,0.0087,0.0830
1.4697,0.0081,0.0781
1.5619,0.0084,0.0813
1.4586,0.0079,0.0767
1.5782,0.0084,0.0810
1.4403,0.0081,0.0767
1.4217,0.0080,0.0761
1.4288,0.0080,0.0766
1.5903,0.0085,0.0818
1.5273,0.0082,0.0795
1.5464,0.0085,0.0812
1.5580,0.0086,0.0816
1.5628,0.0086,0.0820
1.5460,0.0084,0.0804
1.5482,0.0089,0.0829
1.5486,0.0086,0.0813
1.5247,0.0086,0.0810
1.5225,0.0086,0.0811
1.5622,0.0085,0.0814
1.5391,0.0085,0.0812
1.5596,0.0085,0.0810
1.4289,0.0079,0.0760
1.5417,0.0086,0.0817
1.5617,0.0085,0.0809
1.5946,0.0088,0.0834
1.4841,0.0084,0.0791
1.4837,0.0084,0.0791
1.4732,0.0084,0.0788
1.5473,0.0084,0.0804
1.5427,0.0086,0.0816
1.4870,0.0083,0.0789
1.5068,0.0083,0.0798
1.5045,0.0082,0.0779
1.4215,0.0082,0.0774
1.5423,0.0082,0.0796
1.5106,0.0083,0.0794
1.4998,0.0084,0.0794
1.5159,0.0084,0.0800
1.5310,0.0085,0.0806
1.4506,0.0080,0.0775
1.5146,0.0082,0.0787
1.5397,0.0085,0.0807
1.5483,0.0086,0.0819
1.4383,0.0081,0.0775
1.5075,0.0083,0.0794
1.4765,0.0082,0.0786
1.4737,0.0082,0.0784
1.4742,0.0082,0.0786
1.4784,0.0081,0.0785
1.4441,0.0080,0.0770
1.4816,0.0083,0.0791
1.4922,0.0082,0.0791
1.4923,0.0079,0.0781
1.4874,0.0081,0.0787
1.5062,0.0083,0.0795
1.5620,0.0084,0.0808
1.5608,0.0084,0.0807
1.5672,0.0084,0.0809
1.5256,0.0083,0.0795
1.5676,0.0084,0.0810
1.4624,0.0080,0.0770
1.4577,0.0081,0.0775
1.3943,0.0080,0.0763
1.5149,0.0083,0.0809
1.5152,0.0083,0.0804
1.5096,0.0083,0.0798
1.5215,0.0083,0.0800
1.5201,0.0083,0.0799
1.4852,0.0082,0.0786
1.4530,0.0081,0.0778
1.4569,0.0083,0.0790
1.4806,0.0082,0.0793
1.5067,0.0082,0.0795
1.4752,0.0081,0.0784
1.4202,0.0078,0.0761
1.4816,0.0081,0.0791
1.4888,0.0081,0.0791
1.4693,0.0081,0.0785
1.4190,0.0079,0.0765
1.4714,0.0081,0.0790
1.5406,0.0083,0.0811
1.5060,0.0083,0.0807
1.5275,0.0084,0.0814
1.4704,0.0083,0.0792
1.4902,0.0081,0.0785
1.5380,0.0083,0.0807
1.5494,0.0083,0.0809
1.5503,0.0083,0.0808
1.4742,0.0081,0.0783
1.5430,0.0083,0.0805
1.5059,0.0082,0.0795
1.5013,0.0082,0.0793
1.4891,0.0082,0.0792
1.4220,0.0078,0.0760
1.4923,0.0082,0.0796
1.4278,0.0079,0.0771
1.4384,0.0080,0.0774
1.4291,0.0080,0.0772
1.4639,0.0079,0.0776
1.4638,0.0079,0.0773
1.5033,0.0083,0.0809
1.5103,0.0082,0.0802
1.4697,0.0080,0.0785
1.5271,0.0081,0.0798
1.4756,0.0079,0.0780
1.5013,0.0082,0.0795
1.5084,0.0082,0.0799
1.5016,0.0081,0.0799
1.5122,0.0079,0.0785
1.4428,0.0078,0.0766
1.4627,0.0079,0.0775
1.5096,0.0082,0.0806
1.5215,0.0082,0.0804
1.4774,0.0080,0.0781
1.5012,0.0080,0.0791
1.4641,0.0080,0.0778
