0.0000,0.0146
0.0000,0.0146
0.0000,0.0073
0.0000,0.0079
0.0000,0.0095
0.0000,0.0062
0.0000,0.0098
0.0000,0.0086
0.0000,0.0075
0.0000,0.0083
0.0000,0.0113
0.0000,0.0113
0.0000,0.0132
0.0000,0.0076
0.0000,0.0077
0.0000,0.0084
0.0000,0.0059
0.0000,0.0068
0.0000,0.0111
0.0000,0.0072
0.0000,0.0093
0.0000,0.0093
0.0000,0.0074
0.0000,0.0060
0.0000,0.0092
0.0000,0.0068
0.0000,0.0062
0.0000,0.0080
0.0000,0.0063
0.0000,0.0084
0.0000,0.0078
0.0000,0.0078
0.0000,0.0067
0.0000,0.0087
0.0000,0.0103
0.0000,0.0125
0.0000,0.0072
0.0000,0.0075
0.0000,0.0075
0.0000,0.0057
0.0000,0.0079
0.0000,0.0079
0.0000,0.0109
0.0000,0.0054
0.0000,0.0053
0.0000,0.0070
0.0000,0.0054
0.0000,0.0093
0.0000,0.0101
0.0000,0.0066
0.0000,0.0074
0.0000,0.0070
0.0000,0.0070
0.0000,0.0070
0.0000,0.0070
0.0000,0.0070
0.0000,0.0070
0.0000,0.0070
0.0000,0.0070
0.0000,0.0070
0.0000,0.0070
0.0000,0.0070
0.0000,0.0070
0.0000,0.0070
0.0000,0.0070
0.0000,0.0070
0.0000,0.0070
0.0000,0.0070
0.0000,0.0070
0.0000,0.0070
0.0000,0.0070
0.0000,0.0070
0.0000,0.0070
0.0000,0.0070
0.0000,0.0070
0.0000,0.0070
0.0000,0.0070
0.0000,0.0070
0.0000,0.0070
0.0000,0.0070
0.0000,0.0070
0.0000,0.0070
0.0000,0.0070
0.0000,0.0070
0.0000,0.0070
0.0000,0.0070
0.0000,0.0070
0.0000,0.0070
0.0000,0.0070
0.0000,0.0070
0.0000,0.0070
0.0000,0.0070
0.0000,0.0070
0.0000,0.0070
0.0000,0.0070
0.0000,0.0070
0.0000,0.0070
0.0000,0.0070
0.0000,0.0070
0.0000,0.0070
0.0000,0.0070
0.0000,0.0074
0.0000,0.0070
0.0000,0.0070
0.0000,0.0070
0.0000,0.0070
0.0000,0.0070
0.0000,0.0070
0.0000,0.0070
0.0000,0.0070
0.0000,0.0070
0.0000,0.0070
0.0000,0.0070
0.0000,0.0070
0.0000,0.0070
0.0000,0.0070
0.0000,0.0070
0.0000,0.0070
0.0000,0.0070
0.0000,0.0070
0.0000,0.0070
0.0000,0.0070
0.0000,0.0070
0.0000,0.0070
0.0000,0.0070
0.0000,0.0070
0.0000,0.0070
0.0000,0.0070
0.0000,0.0070
0.0000,0.0070
0.0000,0.0070
0.0000,0.0070
0.0000,0.0070
0.0000,0.0070
0.0000,0.0070
0.0000,0.0070
0.0000,0.0070
0.0000,0.0070
0.0000,0.0070
0.0000,0.0070
0.0000,0.0070
0.0000,0.0070
0.0000,0.0070
0.0000,0.0070
0.0000,0.0070
0.0000,0.0070
0.0000,0.0070
0.0000,0.0070
0.0000,0.0070
0.0000,0.0070
0.0000,0.0070
0.0000,0.0070
0.0000,0.0074
