783.4059,776.7483
742.6845,776.7450
741.0971,776.7453
740.7501,776.7430
740.1915,776.7396
739.6279,776.7535
736.9706,776.7397
736.1669,776.7427
731.5919,776.7427
730.1857,776.7543
728.8698,776.7413
726.5488,776.7567
723.7699,776.7484
724.7938,776.7435
722.7666,776.7384
724.4963,776.7352
723.0012,776.7585
728.1367,776.7307
728.1564,776.7379
722.6559,776.7371
723.7640,776.7411
721.8348,776.7440
722.1665,776.7471
721.7842,776.7599
727.6089,776.7592
724.4908,776.7570
721.9387,776.7522
722.1189,776.7276
721.8222,776.7446
722.1411,776.7369
722.3173,776.7494
722.2661,776.7571
722.0764,776.7463
722.7845,776.7474
721.5881,776.7376
721.6533,776.7509
724.2609,776.7491
724.4614,776.7460
721.9149,776.7458
721.9061,776.7629
721.5045,776.7567
723.1403,776.7486
724.7823,776.7479
722.4515,776.7500
722.2566,776.7567
723.6164,776.7517
721.5151,776.7526
721.9080,776.7518
729.8015,776.7551
722.5612,776.7451
721.6953,776.7366
722.6822,777.8640
