29.8727,9.7132
29.8770,9.7132
29.8765,9.7133
29.8764,9.7132
29.8765,9.7131
29.8764,9.7133
29.8766,9.7132
29.8764,9.7133
29.8768,9.7132
29.8790,9.7131
29.8773,9.7131
29.8794,9.7133
29.8789,9.7132
29.8793,9.7133
29.8789,9.7133
29.8786,9.7132
29.8788,9.7133
29.8783,9.7132
29.8791,9.7132
29.8788,9.7133
29.8787,9.7133
29.8788,9.7132
29.8788,9.7132
29.8789,9.7132
29.8783,9.7132
29.8781,9.7133
29.8792,9.7133
29.8789,9.7133
29.8788,9.7133
29.8788,9.7132
29.8788,9.7133
29.8788,9.7133
29.8788,9.7132
29.8788,9.7132
29.8789,9.7133
29.8787,9.7132
29.8787,9.7132
29.8785,9.7132
29.8789,9.7132
29.8787,9.7132
29.8788,9.7131
29.8785,9.7132
29.8787,9.7132
29.8788,9.7133
29.8789,9.7133
29.8787,9.7133
29.8788,9.7132
29.8788,9.7133
29.8787,9.7132
29.8787,9.7132
29.8788,9.7132
29.8578,9.6888
