13.7430,11.6040
13.8358,11.7053
13.8357,11.7053
13.9477,11.8136
13.8402,11.7053
13.7133,11.5794
13.8989,11.7628
13.7258,11.5912
13.9233,11.7875
13.9342,11.7981
13.8200,11.6838
13.6513,11.5143
13.6513,11.5143
13.4599,11.3242
13.7751,11.6383
13.9840,11.8454
13.8801,11.7408
13.8609,11.7208
13.8428,11.7023
13.5685,11.4280
13.9571,11.8164
13.6697,11.5298
13.6696,11.5299
13.7681,11.6281
13.8891,11.7492
13.6779,11.5395
13.7596,11.6210
13.7734,11.6356
13.7257,11.5882
13.9446,11.8062
13.6802,11.5430
13.7676,11.6325
13.7676,11.6325
13.7508,11.6156
13.6397,11.5048
14.2184,12.0857
13.5081,11.3753
13.7569,11.6234
13.7141,11.5792
13.6812,11.5467
13.8237,11.6888
14.0280,11.8926
14.0279,11.8926
13.5667,11.4314
13.8618,11.7275
13.9039,11.7690
13.7655,11.6309
13.8691,11.7350
13.5997,11.4651
13.4990,11.3647
14.0006,11.8674
13.7796,11.6161
13.7655,11.6310
13.7655,11.6310
13.7655,11.6310
13.7655,11.6310
13.7655,11.6311
13.7654,11.6311
13.7656,11.6310
13.7655,11.6310
13.7655,11.6311
13.7655,11.6311
13.7655,11.6310
13.7655,11.6311
13.7656,11.6309
13.7654,11.6311
13.7655,11.6311
13.7655,11.6310
13.7655,11.6311
13.7655,11.6311
13.7655,11.6310
13.7655,11.6311
13.7654,11.6311
13.7655,11.6310
13.7655,11.6310
13.7655,11.6310
13.7655,11.6311
13.7653,11.6311
13.7655,11.6311
13.7655,11.6310
13.7655,11.6311
13.7654,11.6311
13.7654,11.6311
13.7655,11.6310
13.7655,11.6309
13.7655,11.6311
13.7654,11.6311
13.7655,11.6311
13.7655,11.6310
13.7654,11.6311
13.7655,11.6310
13.7654,11.6309
13.7654,11.6310
13.7654,11.6311
13.7654,11.6309
13.7655,11.6310
13.7655,11.6310
13.7655,11.6311
13.7656,11.6310
13.7654,11.6310
13.7656,11.6311
13.7654,11.6311
13.7655,11.6310
13.7797,11.6160
13.7654,11.6308
13.7655,11.6311
13.7655,11.6311
13.7654,11.6308
13.7656,11.6311
13.7654,11.6311
13.7656,11.6311
13.7655,11.6310
13.7654,11.6310
13.7655,11.6311
13.7654,11.6312
13.7654,11.6310
13.7654,11.6310
13.7655,11.6310
13.7654,11.6311
13.7654,11.6309
13.7655,11.6310
13.7655,11.6310
13.7655,11.6309
13.7656,11.6310
13.7655,11.6311
13.7655,11.6310
13.7655,11.6310
13.7655,11.6310
13.7654,11.6310
13.7655,11.6312
13.7655,11.6310
13.7655,11.6310
13.7655,11.6311
13.7655,11.6310
13.7655,11.6310
13.7655,11.6311
13.7654,11.6311
13.7654,11.6309
13.7655,11.6310
13.7656,11.6310
13.7655,11.6310
13.7655,11.6310
13.7655,11.6309
13.7654,11.6310
13.7654,11.6310
13.7655,11.6310
13.7655,11.6310
13.7655,11.6312
13.7655,11.6310
13.7655,11.6310
13.7654,11.6311
13.7654,11.6310
13.7655,11.6310
13.7655,11.6311
13.7655,11.6309
13.7796,11.6161
