40.7155,54.5019
40.7132,54.5019
40.7125,54.5019
40.7135,54.5019
40.7137,54.5019
40.7137,54.5019
40.7137,54.5019
40.7136,54.5019
40.7136,54.5019
40.7137,54.5019
40.7136,54.5020
40.7138,54.5019
40.7135,54.5019
40.7137,54.5019
40.7136,54.5019
40.7137,54.5019
40.7136,54.5019
40.7138,54.5019
40.7137,54.5019
40.7135,54.5019
40.7136,54.5019
40.7136,54.5019
40.7137,54.5019
40.7136,54.5019
40.7138,54.5019
40.7135,54.5020
40.7138,54.5019
40.7138,54.5019
40.7137,54.5019
40.7138,54.5019
40.7137,54.5019
40.7138,54.5019
40.7137,54.5019
40.7137,54.5019
40.7138,54.5019
40.7137,54.5019
40.7138,54.5019
40.7139,54.5019
40.7136,54.5018
40.7137,54.5019
40.7138,54.5018
40.7135,54.5019
40.7138,54.5019
40.7138,54.5019
40.7137,54.5019
40.7135,54.5018
40.7138,54.5019
40.7138,54.5019
40.7138,54.5019
40.7138,54.5019
40.7137,54.5019
40.7143,54.5402
