-1.0000,0.4461
-1.0000,0.4461
-1.0000,0.4461
-1.0000,0.4462
-1.0000,0.4463
-1.0000,0.4463
-1.0000,0.4463
-1.0000,0.4465
-1.0000,0.4467
-1.0000,0.4467
-1.0000,0.4467
-1.0000,0.4468
-1.0000,0.4468
-1.0000,0.4470
-1.0000,0.4471
-1.0000,0.4471
-1.0000,0.4471
-1.0000,0.4471
-1.0000,0.4470
-1.0000,0.4470
-1.0000,0.4471
-1.0000,0.4471
-1.0000,0.4471
-1.0000,0.4471
-1.0000,0.4472
-1.0000,0.4473
-1.0000,0.4474
-1.0000,0.4474
-1.0000,0.4478
-1.0000,0.4480
-1.0000,0.4481
-1.0000,0.4482
-1.0000,0.4482
-1.0000,0.4483
-1.0000,0.4483
-1.0000,0.4491
-1.0000,0.4492
-1.0000,0.4493
-1.0000,0.4493
-1.0000,0.4494
-1.0000,0.4494
-1.0000,0.4494
-1.0000,0.4494
-1.0000,0.4494
-1.0000,0.4495
-1.0000,0.4495
-1.0000,0.4495
-1.0000,0.4496
-1.0000,0.4496
-1.0000,0.4496
-1.0000,0.4498
-1.0000,-1.0000,0.4495
-1.0000,0.4495
-1.0000,0.4495
-1.0000,0.4495
-1.0000,0.4495
-1.0000,0.4495
-1.0000,0.4495
-1.0000,0.4495
-1.0000,0.4495
-1.0000,0.4495
-1.0000,0.4495
-1.0000,0.4495
-1.0000,0.4495
-1.0000,0.4495
-1.0000,0.4495
-1.0000,0.4495
-1.0000,0.4495
-1.0000,0.4495
-1.0000,0.4495
-1.0000,0.4495
-1.0000,0.4495
-1.0000,0.4495
-1.0000,0.4495
-1.0000,0.4495
-1.0000,0.4495
-1.0000,0.4495
-1.0000,0.4495
-1.0000,0.4495
-1.0000,0.4495
-1.0000,0.4495
-1.0000,0.4495
-1.0000,0.4495
-1.0000,0.4495
-1.0000,0.4495
-1.0000,0.4495
-1.0000,0.4495
-1.0000,0.4495
-1.0000,0.4495
-1.0000,0.4495
-1.0000,0.4495
-1.0000,0.4495
-1.0000,0.4495
-1.0000,0.4495
-1.0000,0.4495
-1.0000,0.4495
-1.0000,0.4495
-1.0000,0.4495
-1.0000,0.4495
-1.0000,0.4495
-1.0000,0.4495
-1.0000,0.4495
-1.0000,0.4495
-1.0000,-1.0000,0.4495
-1.0000,0.4495
-1.0000,0.4495
-1.0000,0.4495
-1.0000,0.4495
-1.0000,0.4495
-1.0000,0.4495
-1.0000,0.4495
-1.0000,0.4495
-1.0000,0.4495
-1.0000,0.4495
-1.0000,0.4495
-1.0000,0.4495
-1.0000,0.4495
-1.0000,0.4495
-1.0000,0.4495
-1.0000,0.4495
-1.0000,0.4495
-1.0000,0.4495
-1.0000,0.4495
-1.0000,0.4495
-1.0000,0.4495
-1.0000,0.4495
-1.0000,0.4495
-1.0000,0.4495
-1.0000,0.4495
-1.0000,0.4495
-1.0000,0.4495
-1.0000,0.4495
-1.0000,0.4495
-1.0000,0.4495
-1.0000,0.4495
-1.0000,0.4495
-1.0000,0.4495
-1.0000,0.4495
-1.0000,0.4495
-1.0000,0.4495
-1.0000,0.4495
-1.0000,0.4495
-1.0000,0.4495
-1.0000,0.4495
-1.0000,0.4495
-1.0000,0.4495
-1.0000,0.4495
-1.0000,0.4495
-1.0000,0.4495
-1.0000,0.4495
-1.0000,0.4495
-1.0000,0.4495
-1.0000,0.4495
-1.0000,0.4495
-1.0000,0.4495
-1.0000,-1.0000,0.4495
