8871.8789
7613.5449
6837.4082
6990.3628
6948.9824
6787.5352
6816.6064
6822.3706
7190.3789
6999.3691
6785.8760
6895.6938
6813.9492
6283.3652
6638.3101
6828.9121
7021.4492
6846.3203
6809.2241
6452.6436
6863.8672
6739.8037
6733.7852
6619.7627
6753.8369
6776.1245
6560.4170
6572.4014
6698.4639
6661.2529
6502.1055
6677.3188
6674.3203
6746.4541
6477.3203
7035.0366
6371.9248
6618.1221
6518.2285
6663.0684
6815.6221
6807.7310
6783.2139
6658.3281
6597.1523
6383.4766
6504.2705
6494.2363
6434.4263
6255.8779
6778.1123
6482.6826
6494.2656
6494.0576
6493.9717
6494.0220
6493.9873
6494.2964
6493.9570
6494.0635
6494.0562
6494.1191
6494.1396
6494.0801
6494.0137
6494.0869
6494.2603
6494.0547
6494.0322
6494.1152
6493.8882
6494.0957
6493.9629
6494.0664
6494.0742
6494.2983
6494.1758
6494.1504
6494.1104
6494.0034
6494.1768
6494.1494
6494.0635
6494.2085
6493.9790
6494.0127
6494.1758
6494.2520
6494.1895
6494.2207
6494.0156
6494.0669
6494.0991
6494.1504
6494.1504
6494.1519
6494.1201
6494.0469
6494.1172
6494.0210
6494.0049
6494.1265
6494.0283
6482.6274
6494.1948
6494.0967
6493.9268
6494.3149
6494.0654
6494.1958
6493.9443
6494.1533
6494.1514
6494.0791
6494.1597
6494.0049
6494.1123
6494.2119
6494.1348
6494.0654
6494.1377
6494.2695
6494.1694
6494.2119
6493.9707
6494.3477
6494.0088
6494.1211
6494.2070
6494.0488
6493.8730
6494.0190
6493.9097
6494.2163
6493.9170
6494.0649
6494.1719
6493.9521
6494.1504
6494.1035
6494.2129
6494.1777
6494.1069
6494.2715
6494.0781
6494.1309
6494.0132
6494.1182
6493.9717
6494.1396
6494.0488
6494.1494
6494.1504
6493.9976
6494.0059
6482.6328
