163.3055,0.7777,0.5864
61.7772,0.3724,0.2380
16.3423,0.3724,0.2379
16.3442,0.0520,0.2379
4.9829,0.0210,0.0834
1.4604,0.0097,0.0308
0.7457,0.0051,0.0257
2.2029,0.0124,0.0716
1.0139,0.0062,0.0329
2.2172,0.0111,0.0680
1.0369,0.0065,0.0414
2.3137,0.0120,0.0743
1.1506,0.0120,0.0742
1.1510,0.0077,0.0741
0.4146,0.0036,0.0330
1.2549,0.0082,0.0793
0.4933,0.0044,0.0420
1.2180,0.0086,0.0830
0.5426,0.0047,0.0427
1.2977,0.0088,0.0818
0.6205,0.0057,0.0501
1.1839,0.0086,0.0741
1.1130,0.0085,0.0742
1.1114,0.0073,0.0740
0.6421,0.0053,0.0512
1.0840,0.0075,0.0721
0.8616,0.0072,0.0652
1.0248,0.0082,0.0707
1.1543,0.0102,0.0790
1.0725,0.0089,0.0666
1.2382,0.0117,0.0803
1.1350,0.0098,0.0697
1.1103,0.0098,0.0693
1.1157,0.0085,0.0695
1.3018,0.0118,0.0811
1.3104,0.0128,0.0877
1.3052,0.0116,0.0796
1.4026,0.0132,0.0886
1.2737,0.0121,0.0805
1.3866,0.0127,0.0854
1.3502,0.0120,0.0836
1.3020,0.0107,0.0803
1.3003,0.0107,0.0806
1.2959,0.0104,0.0802
1.3680,0.0104,0.0838
1.3590,0.0097,0.0817
1.3714,0.0095,0.0824
1.3821,0.0095,0.0826
1.3240,0.0087,0.0785
1.3277,0.0087,0.0791
1.3752,0.0086,0.0802
1.3810,0.0087,0.0810
1.3672,0.0087,0.0807
1.3803,0.0086,0.0811
1.3522,0.0082,0.0783
1.3053,0.0081,0.0777
1.3939,0.0083,0.0805
1.4112,0.0083,0.0805
1.4034,0.0084,0.0811
1.4272,0.0086,0.0824
1.3714,0.0083,0.0796
1.3383,0.0081,0.0780
1.3300,0.0081,0.0777
1.3146,0.0080,0.0775
1.3600,0.0080,0.0787
1.3781,0.0082,0.0795
1.3660,0.0080,0.0777
1.3702,0.0081,0.0784
1.4232,0.0086,0.0820
1.4085,0.0083,0.0801
1.3801,0.0084,0.0802
1.4163,0.0082,0.0802
1.4050,0.0082,0.0798
1.4168,0.0081,0.0799
1.3542,0.0081,0.0789
1.3769,0.0082,0.0798
1.4136,0.0083,0.0814
1.3950,0.0082,0.0802
1.3501,0.0081,0.0783
1.4047,0.0081,0.0793
1.3343,0.0080,0.0773
1.4502,0.0084,0.0822
1.4335,0.0085,0.0819
1.4382,0.0084,0.0823
1.3872,0.0081,0.0784
1.4526,0.0086,0.0827
1.4108,0.0082,0.0804
1.4069,0.0082,0.0807
1.3529,0.0080,0.0779
1.3822,0.0082,0.0796
1.3066,0.0079,0.0765
1.4158,0.0084,0.0812
1.4020,0.0084,0.0806
1.4109,0.0084,0.0813
1.3511,0.0079,0.0773
1.3567,0.0080,0.0784
1.3653,0.0081,0.0788
1.3654,0.0082,0.0793
1.4325,0.0082,0.0806
1.3663,0.0082,0.0790
1.3357,0.0079,0.0763
1.3654,0.0081,0.0787
1.3576,0.0082,0.0787
1.3619,0.0081,0.0789
1.3685,0.0081,0.0793
1.3344,0.0081,0.0780
1.3546,0.0080,0.0787
1.3577,0.0079,0.0778
1.4133,0.0084,0.0813
1.2737,0.0078,0.0750
1.3712,0.0082,0.0794
1.3683,0.0082,0.0794
1.3602,0.0082,0.0795
1.3679,0.0081,0.0798
1.3501,0.0079,0.0781
1.3470,0.0081,0.0788
1.3646,0.0081,0.0789
1.3958,0.0083,0.0801
1.3256,0.0078,0.0766
1.3347,0.0079,0.0780
1.3388,0.0079,0.0781
1.4359,0.0084,0.0822
1.4323,0.0084,0.0821
1.4431,0.0084,0.0826
1.3744,0.0083,0.0806
1.3446,0.0082,0.0795
1.3594,0.0080,0.0786
1.3743,0.0082,0.0799
1.2689,0.0078,0.0762
1.3677,0.0080,0.0794
1.3615,0.0080,0.0785
1.3814,0.0081,0.0795
1.3680,0.0081,0.0792
1.3662,0.0081,0.0791
1.3520,0.0082,0.0790
1.3947,0.0083,0.0805
1.3915,0.0082,0.0803
1.3400,0.0081,0.0785
1.3730,0.0082,0.0799
1.3041,0.0079,0.0775
1.3711,0.0081,0.0795
1.3418,0.0079,0.0778
1.3379,0.0079,0.0775
1.3348,0.0079,0.0775
1.3870,0.0082,0.0806
1.3619,0.0081,0.0798
1.3332,0.0079,0.0779
1.3632,0.0079,0.0792
1.3949,0.0082,0.0808
1.3313,0.0079,0.0780
1.4008,0.0082,0.0812
1.3613,0.0080,0.0792
1.3659,0.0081,0.0792
1.3562,0.0080,0.0791
1.3857,0.0081,0.0798
1.3437,0.0080,0.0784
1.3649,0.0079,0.0784
1.3631,0.0080,0.0792
1.3335,0.0080,0.0782
1.3158,0.0077,0.0769
1.4334,0.0082,0.0820
1.3621,0.0081,0.0797
1.3621,0.0081,0.0795
1.3719,0.0081,0.0798
1.3581,0.0079,0.0790
1.2849,0.0075,0.0751
1.3874,0.0078,0.0790
1.3941,0.0080,0.0804
1.2791,0.0077,0.0758
1.3639,0.0080,0.0793
1.2586,0.0074,0.0740
1.3721,0.0081,0.0801
1.3704,0.0081,0.0799
1.3677,0.0081,0.0799
1.2646,0.0076,0.0754
1.3614,0.0080,0.0795
1.3469,0.0078,0.0781
1.3026,0.0077,0.0762
1.3082,0.0077,0.0766
1.4048,0.0082,0.0807
1.3281,0.0079,0.0780
1.2833,0.0077,0.0758
1.2837,0.0077,0.0759
1.2874,0.0077,0.0762
1.3475,0.0079,0.0793
1.3232,0.0077,0.0773
1.3481,0.0079,0.0785
1.3433,0.0077,0.0774
1.3096,0.0077,0.0768
1.3554,0.0079,0.0788
1.3454,0.0080,0.0793
1.3557,0.0079,0.0789
1.3410,0.0079,0.0785
1.3401,0.0079,0.0784
1.3627,0.0078,0.0785
1.3233,0.0077,0.0774
1.3259,0.0078,0.0776
1.3118,0.0076,0.0767
1.3165,0.0077,0.0772
1.3353,0.0077,0.0773
1.3788,0.0080,0.0808
1.3526,0.0080,0.0789
