0.24428021907806396
0.16566143929958344
0.10013668239116669
0.09766637533903122
0.10440890491008759
0.1036822646856308
0.10302995145320892
0.1033356562256813
0.10308802872896194
0.10296217352151871
0.1031687781214714
0.1031087189912796
0.10289058089256287
0.10328701883554459
0.10306139290332794
0.10332951694726944
0.10343973338603973
0.10321985930204391
0.10290762782096863
0.10358995199203491
0.10325055569410324
0.1032092496752739
0.10291461646556854
0.10343148559331894
0.10311613231897354
0.10310719162225723
0.10301460325717926
0.10309037566184998
0.10298900306224823
0.10310328006744385
0.10320697724819183
0.10296837240457535
0.10313830524682999
0.10263766348361969
0.10237805545330048
0.10301215946674347
0.10266122967004776
0.10279489308595657
0.10211668908596039
0.10210581868886948
0.10194617509841919
0.10191135853528976
0.10070355981588364
0.1010068729519844
0.10149893909692764
0.10019774734973907
0.10064968466758728
0.09968867152929306
0.10028854757547379
0.10025062412023544
0.09987913817167282
0.09994757920503616
0.10044629126787186
0.10060546547174454
0.09985612332820892
0.1001441553235054
0.10030163824558258
0.09976928681135178
0.0994771420955658
0.10021775215864182
0.10046965628862381
0.1002260148525238
0.10015399754047394
0.10035867244005203
0.10043023526668549
0.09955421835184097
0.09991076588630676
0.09916622191667557
0.0996735468506813
0.09962092339992523
0.100326307117939
0.09998864680528641
0.09938746690750122
0.09886915236711502
0.10047247260808945
0.09992887824773788
0.100002221763134
0.10020320117473602
0.10005737841129303
0.10031256079673767
0.1006135493516922
0.09975985437631607
0.0998222827911377
0.10020309686660767
0.10035951435565948
0.0997215136885643
0.09956514090299606
0.09941842406988144
0.09991945326328278
0.10032365471124649
0.10043928027153015
0.10029065608978271
0.10026417672634125
0.09982775151729584
0.09990468621253967
0.10014957934617996
0.10026398301124573
0.09990726411342621
0.10035178065299988
0.09998372197151184
0.09951326251029968
0.10027852654457092
0.0996503010392189
0.10023445636034012
0.10042466223239899
0.09990116208791733
0.10007970035076141
0.09980890899896622
0.10032278299331665
0.10023166984319687
0.09960292279720306
0.0999855324625969
0.09972374886274338
0.10042603313922882
0.09993409365415573
0.09954569488763809
0.09983677417039871
0.10019735991954803
0.09968449920415878
0.09986454993486404
0.09972681850194931
0.09970970451831818
0.09977422654628754
0.09966939687728882
0.10032043606042862
0.10019508004188538
0.10023102909326553
0.10063977539539337
0.09992771595716476
0.09962189197540283
0.10016481578350067
0.10033715516328812
0.10013969242572784
0.10023938864469528
0.09984871745109558
0.1002272218465805
0.10056585818529129
0.10009153187274933
0.10058251023292542
0.10049089044332504
0.10001111775636673
0.10007847100496292
0.09966132789850235
0.09999968856573105
0.100300133228302
0.10019724071025848
0.09989811480045319
0.10020263493061066
0.10043221712112427
0.10010290890932083
0.09995975345373154
0.09995561093091965
0.10014546662569046
0.09996602684259415
0.1003909707069397
0.1004326269030571
0.10035993903875351
0.1004941463470459
0.10005951672792435
0.10058798640966415
0.09981019049882889
0.09994545578956604
0.09995906054973602
0.0996098741889
0.09989035874605179
0.0996810793876648
0.09991846978664398
0.10016334056854248
0.09993813931941986
0.10031013935804367
0.09987229853868484
0.09970622509717941
0.10015829652547836
0.10004996508359909
0.0996728166937828
0.10001062601804733
0.10010498762130737
0.10022056102752686
0.10002962499856949
0.10003416985273361
0.10046020150184631
0.10094335675239563
0.09993631392717361
0.10015000402927399
0.1001150906085968
0.09980595111846924
0.10044818371534348
0.10020018368959427
0.09954305738210678
0.10012426227331161
0.10024689137935638
0.10009857267141342
0.09967172145843506
0.10048824548721313
0.1003466546535492
0.10046414285898209
0.1002940759062767
0.10018568485975266
0.10007743537425995
0.10011352598667145
0.09998321533203125
0.10049814730882645
0.1003497987985611
0.10033053159713745
0.09996422380208969
0.09979937970638275
0.10018643736839294
0.10025046020746231
0.1001649871468544
0.10006237775087357
0.09988893568515778
0.10000139474868774
0.10028193891048431
0.09978405386209488
0.10046031326055527
0.10034351795911789
0.1006469577550888
0.09996245056390762
0.10014331340789795
0.10058246552944183
0.10020897537469864
0.10026483982801437
0.10061556100845337
0.1005408838391304
0.1002218946814537
0.09991183131933212
0.10036303102970123
0.10031658411026001
0.10087520629167557
0.10012218356132507
0.1005861908197403
0.10010332614183426
0.09983064234256744
0.0998639389872551
0.10010352730751038
0.10015323758125305
0.10017503052949905
0.10028497129678726
0.10019607841968536
0.10019945353269577
0.10038896650075912
0.10038940608501434
0.10012786090373993
0.09963376820087433
0.09983363002538681
0.10001670569181442
0.10068928450345993
0.10016342997550964
0.10018496215343475
0.10044469684362411
0.09994927793741226
0.10012218356132507
0.10012218356132507
0.10012218356132507
0.10012218356132507
0.10012218356132507
0.10012218356132507
0.10012218356132507
0.10012218356132507
0.10012218356132507
0.10012218356132507
0.10012218356132507
0.10012218356132507
0.10012218356132507
0.10012218356132507
0.10012218356132507
0.10012218356132507
0.10012218356132507
