0.03377944231033325
0.03377944231033325
0.005048899445682764
0.005048899445682764
0.00018922489834949374
0.00018922489834949374
0.00012521901226136833
0.00012521901226136833
0.00012482613965403289
0.00012482613965403289
0.00012336748477537185
0.00012336748477537185
0.0001259125128854066
0.0001259125128854066
0.00011938285024370998
0.00011938285024370998
0.00012164244253654033
0.00012164244253654033
0.00011612756497925147
0.00011612756497925147
0.00012170881382189691
0.00012170881382189691
0.00011677106522256508
0.00011677106522256508
0.00012093012628611177
0.00012093012628611177
0.00011688993981806561
0.00011688993981806561
0.00011963352153543383
0.00011963352153543383
0.00011527114838827401
0.00011527114838827401
0.00011950068437727168
0.00011950068437727168
0.00011484270362416282
0.00011484270362416282
0.00011731275299098343
0.00011731275299098343
0.00011384658137103543
0.00011384658137103543
0.00011885163985425606
0.00011885163985425606
0.00011395374895073473
0.00011395374895073473
0.0001171558687929064
0.0001171558687929064
0.00011168661876581609
0.00011168661876581609
0.00011815745529020205
0.00011815745529020205
0.00011081276898039505
0.00011081276898039505
0.00011571471986826509
0.00011571471986826509
0.00011149873171234503
0.00011149873171234503
0.0001133846744778566
0.0001133846744778566
0.00010812129767145962
0.00010812129767145962
0.00011245019413763657
0.00011245019413763657
0.00010792714601848274
0.00010792714601848274
0.00011032378097297624
0.00011032378097297624
0.0001049875863827765
0.0001049875863827765
0.00010814831330208108
0.00010814831330208108
0.0001019663322949782
0.0001019663322949782
0.00010333977843401954
0.00010333977843401954
9.907013736665249e-05
9.907013736665249e-05
0.00010028015822172165
0.00010028015822172165
9.314925409853458e-05
9.314925409853458e-05
9.216417674906552e-05
9.216417674906552e-05
9.269898873753846e-05
9.269898873753846e-05
8.659638842800632e-05
8.659638842800632e-05
8.210352825699374e-05
8.210352825699374e-05
7.962261588545516e-05
7.962261588545516e-05
8.027272269828245e-05
8.027272269828245e-05
8.392529707634822e-05
8.392529707634822e-05
7.190585165517405e-05
7.190585165517405e-05
7.039951742626727e-05
7.039951742626727e-05
7.01930548530072e-05
7.01930548530072e-05
6.936884892638773e-05
6.936884892638773e-05
6.723181286361068e-05
6.723181286361068e-05
6.440509605454281e-05
6.440509605454281e-05
6.377083627739921e-05
6.377083627739921e-05
6.0245405620662495e-05
6.0245405620662495e-05
6.122022750787437e-05
6.122022750787437e-05
5.747116665588692e-05
5.747116665588692e-05
5.8508969232207164e-05
5.8508969232207164e-05
5.4138206905918196e-05
5.4138206905918196e-05
5.452171171782538e-05
5.452171171782538e-05
5.685592259396799e-05
5.685592259396799e-05
5.32644335180521e-05
5.32644335180521e-05
5.055870860815048e-05
5.055870860815048e-05
5.3751722589368e-05
5.3751722589368e-05
5.1498143875505775e-05
5.1498143875505775e-05
5.020231401431374e-05
5.020231401431374e-05
5.113261431688443e-05
5.113261431688443e-05
5.0208542234031484e-05
5.0208542234031484e-05
4.721858203993179e-05
4.721858203993179e-05
4.628908573067747e-05
4.628908573067747e-05
4.583688496495597e-05
4.583688496495597e-05
5.223419066169299e-05
5.223419066169299e-05
5.074723594589159e-05
5.074723594589159e-05
4.371529939817265e-05
4.371529939817265e-05
4.131625610170886e-05
4.131625610170886e-05
4.6492303226841614e-05
4.6492303226841614e-05
4.0757648093858734e-05
4.0757648093858734e-05
4.127551073906943e-05
4.127551073906943e-05
3.788855246966705e-05
3.788855246966705e-05
3.881197699229233e-05
3.881197699229233e-05
3.659254434751347e-05
3.659254434751347e-05
3.7609079299727455e-05
3.7609079299727455e-05
3.5414250305620953e-05
3.5414250305620953e-05
3.5153196222381666e-05
3.5153196222381666e-05
3.464476321823895e-05
3.464476321823895e-05
3.861805816995911e-05
3.861805816995911e-05
3.4191241866210476e-05
3.4191241866210476e-05
3.238828503526747e-05
3.238828503526747e-05
3.075294443988241e-05
3.075294443988241e-05
2.9074473786749877e-05
2.9074473786749877e-05
3.0337809221236967e-05
3.0337809221236967e-05
2.792517261696048e-05
2.792517261696048e-05
2.6493977202335373e-05
2.6493977202335373e-05
2.6362462449469604e-05
2.6362462449469604e-05
2.3897488063084893e-05
2.3897488063084893e-05
2.3653363314224407e-05
2.3653363314224407e-05
2.2151758457766846e-05
2.2151758457766846e-05
2.1865385861019604e-05
2.1865385861019604e-05
2.1883741283090785e-05
2.1883741283090785e-05
2.3621183572686277e-05
2.3621183572686277e-05
1.8864020603359677e-05
1.8864020603359677e-05
1.910722130560316e-05
1.910722130560316e-05
1.7055945136235096e-05
1.7055945136235096e-05
1.610328399692662e-05
1.610328399692662e-05
1.54115059558535e-05
1.54115059558535e-05
1.4499713870463893e-05
1.4499713870463893e-05
1.4133153854345437e-05
1.4133153854345437e-05
1.2847307516494766e-05
1.2847307516494766e-05
1.211525250255363e-05
1.211525250255363e-05
1.3323575331014581e-05
1.3323575331014581e-05
1.0731791007856373e-05
1.0731791007856373e-05
1.052044262905838e-05
1.052044262905838e-05
1.1859192454721779e-05
1.1859192454721779e-05
8.819294635031838e-06
8.819294635031838e-06
1.0262126124871429e-05
1.0262126124871429e-05
8.699925274413545e-06
8.699925274413545e-06
7.16914473741781e-06
7.16914473741781e-06
8.123548468574882e-06
8.123548468574882e-06
6.3518164097331464e-06
6.3518164097331464e-06
7.265782642207341e-06
7.265782642207341e-06
5.653229436575202e-06
5.653229436575202e-06
6.89544913257123e-06
6.89544913257123e-06
6.1853670558775775e-06
6.1853670558775775e-06
4.559755325317383e-06
4.559755325317383e-06
5.373384283302585e-06
5.373384283302585e-06
3.6574895148078213e-06
3.6574895148078213e-06
4.1067232814384624e-06
4.1067232814384624e-06
4.286380772100529e-06
4.286380772100529e-06
4.034764060634188e-06
4.034764060634188e-06
2.6527241061558016e-06
2.6527241061558016e-06
2.437802550048218e-06
2.437802550048218e-06
2.298696017533075e-06
2.298696017533075e-06
2.010869593505049e-06
2.010869593505049e-06
2.3606894501426723e-06
2.3606894501426723e-06
2.706483201109222e-06
2.706483201109222e-06
3.663576990220463e-06
3.663576990220463e-06
1.511536424914084e-06
1.511536424914084e-06
2.0379495708766626e-06
2.0379495708766626e-06
3.2599371024844004e-06
3.2599371024844004e-06
1.4089437172515318e-06
1.4089437172515318e-06
1.8289454146724893e-06
1.8289454146724893e-06
1.9759156657528365e-06
1.9759156657528365e-06
9.867681001196615e-07
9.867681001196615e-07
9.35126024614874e-07
9.35126024614874e-07
8.318028221765417e-07
8.318028221765417e-07
1.7245679373445455e-06
1.7245679373445455e-06
9.077115805666836e-07
9.077115805666836e-07
7.507305213039217e-07
7.507305213039217e-07
6.122157287791197e-07
6.122157287791197e-07
5.999938252898573e-07
5.999938252898573e-07
5.060621788288699e-07
5.060621788288699e-07
3.9219861491801566e-07
3.9219861491801566e-07
1.1454757213869016e-06
1.1454757213869016e-06
4.3537201577237283e-07
4.3537201577237283e-07
1.0871569884329801e-06
1.0871569884329801e-06
8.069431487456313e-07
8.069431487456313e-07
1.5508570641031838e-06
1.5508570641031838e-06
7.596534032927593e-06
7.596534032927593e-06
1.6021180044845096e-06
1.6021180044845096e-06
4.6103812678666145e-07
4.6103812678666145e-07
4.692624600011186e-07
4.692624600011186e-07
5.251926040727994e-07
5.251926040727994e-07
9.943624945663032e-07
9.943624945663032e-07
3.0069868444115855e-06
3.0069868444115855e-06
8.882588531378133e-07
8.882588531378133e-07
1.0666312846296933e-06
1.0666312846296933e-06
2.206580091979049e-07
2.206580091979049e-07
3.3040777225323836e-07
3.3040777225323836e-07
3.564329347227613e-07
3.564329347227613e-07
3.0810713269602275e-07
3.0810713269602275e-07
8.839381280267844e-07
8.839381280267844e-07
4.6591631530645827e-07
4.6591631530645827e-07
6.685406219730794e-07
6.685406219730794e-07
9.304212085226027e-07
9.304212085226027e-07
1.3334247341845185e-06
1.3334247341845185e-06
1.386396490943298e-07
1.386396490943298e-07
6.807752015447477e-07
6.807752015447477e-07
2.371874501250204e-07
2.371874501250204e-07
7.36103800136334e-07
7.36103800136334e-07
4.7368010314130515e-07
4.7368010314130515e-07
1.727347580526839e-06
1.727347580526839e-06
1.3665198821399827e-06
1.3665198821399827e-06
3.2053551990429696e-07
3.2053551990429696e-07
2.3035275376059872e-07
2.3035275376059872e-07
3.226092246677581e-07
3.226092246677581e-07
5.486584200298239e-07
5.486584200298239e-07
3.381245790023968e-07
3.381245790023968e-07
2.6383484055259032e-06
2.6383484055259032e-06
5.085931320536474e-07
5.085931320536474e-07
2.2065778182422946e-07
2.2065778182422946e-07
2.608068996323709e-07
2.608068996323709e-07
1.4706284900967148e-06
1.4706284900967148e-06
6.801867016292817e-07
6.801867016292817e-07
5.19814818744635e-07
5.19814818744635e-07
9.266556162401685e-07
9.266556162401685e-07
1.2759095397996134e-06
1.2759095397996134e-06
1.1764613816467318e-07
1.1764613816467318e-07
1.6498252364272048e-07
1.6498252364272048e-07
1.84119983259734e-07
1.84119983259734e-07
4.5302621742848714e-07
4.5302621742848714e-07
6.409416073438479e-07
6.409416073438479e-07
1.9557664643343742e-07
1.9557664643343742e-07
1.2830489595216932e-06
1.2830489595216932e-06
1.6406384872880153e-07
1.6406384872880153e-07
9.222890753335378e-07
9.222890753335378e-07
2.551930435856775e-07
2.551930435856775e-07
1.0817960571785079e-07
1.0817960571785079e-07
3.672067521165445e-07
3.672067521165445e-07
2.0178853787911066e-07
2.0178853787911066e-07
2.527714286770788e-07
2.527714286770788e-07
2.058448558273085e-07
2.058448558273085e-07
5.691103979188483e-07
5.691103979188483e-07
3.1884482609711995e-07
3.1884482609711995e-07
5.071195801065187e-07
5.071195801065187e-07
4.1219249169444083e-07
4.1219249169444083e-07
6.999538300078711e-07
6.999538300078711e-07
5.113986389915226e-07
5.113986389915226e-07
1.4793117486533447e-07
1.4793117486533447e-07
2.6624497877492104e-06
2.6624497877492104e-06
1.809864471624678e-07
1.809864471624678e-07
2.814327331179811e-07
2.814327331179811e-07
6.77595437537093e-07
6.77595437537093e-07
9.69845814324799e-07
9.69845814324799e-07
1.2105991231692315e-07
1.2105991231692315e-07
2.372614886780866e-07
2.372614886780866e-07
4.929667625219736e-07
4.929667625219736e-07
2.921871384842234e-07
2.921871384842234e-07
4.271206762496149e-06
4.271206762496149e-06
7.834034931875067e-08
7.834034931875067e-08
9.81580228653911e-07
9.81580228653911e-07
1.10487428628403e-06
1.10487428628403e-06
4.3734129917538667e-07
4.3734129917538667e-07
5.422755862127815e-07
5.422755862127815e-07
1.7023111809066904e-07
1.7023111809066904e-07
1.7012183661790914e-07
1.7012183661790914e-07
5.004611693948391e-07
5.004611693948391e-07
8.452757924715115e-07
8.452757924715115e-07
1.409943166663652e-07
1.409943166663652e-07
1.1701532685037819e-06
1.1701532685037819e-06
1.995462980630691e-06
1.995462980630691e-06
5.749657248088624e-07
5.749657248088624e-07
2.6513112061365973e-07
2.6513112061365973e-07
8.279363328256295e-07
8.279363328256295e-07
5.017876674173749e-07
5.017876674173749e-07
9.657021138309574e-08
9.657021138309574e-08
1.4015763554198202e-06
1.4015763554198202e-06
7.362397127508302e-07
7.362397127508302e-07
4.906463573206565e-07
4.906463573206565e-07
1.0758456028270302e-06
1.0758456028270302e-06
1.857652307535318e-07
1.857652307535318e-07
7.834034931875067e-08
7.834034931875067e-08
7.834034931875067e-08
7.834034931875067e-08
7.834034931875067e-08
7.834034931875067e-08
7.834034931875067e-08
7.834034931875067e-08
7.834034931875067e-08
7.834034931875067e-08
7.834034931875067e-08
7.834034931875067e-08
7.834034931875067e-08
7.834034931875067e-08
7.834034931875067e-08
7.834034931875067e-08
7.834034931875067e-08
7.834034931875067e-08
7.834034931875067e-08
7.834034931875067e-08
7.834034931875067e-08
7.834034931875067e-08
7.834034931875067e-08
7.834034931875067e-08
7.834034931875067e-08
7.834034931875067e-08
7.834034931875067e-08
7.834034931875067e-08
7.834034931875067e-08
7.834034931875067e-08
7.834034931875067e-08
7.834034931875067e-08
7.834034931875067e-08
7.834034931875067e-08
