0.22423894703388214
0.7533062100410461
0.03369110822677612
0.030506551265716553
0.02971293032169342
0.03304809331893921
0.03410060703754425
0.03221702575683594
0.03214849531650543
0.03046979010105133
0.032071202993392944
0.030396416783332825
0.03194378316402435
0.030727922916412354
0.03150613605976105
0.030334457755088806
0.031593769788742065
0.029895663261413574
0.03091643750667572
0.030317574739456177
0.03203262388706207
0.03060285747051239
0.031634747982025146
0.029854044318199158
0.03247758746147156
0.02999575436115265
0.032000020146369934
0.031008228659629822
0.03147988021373749
0.029928982257843018
0.031855180859565735
0.03070800006389618
0.03200890123844147
0.03021930158138275
0.031961530447006226
0.030461326241493225
0.03143909573554993
0.03066249191761017
0.032372504472732544
0.030031979084014893
0.03060568869113922
0.03091070055961609
0.03030352294445038
0.02967981994152069
0.028655976057052612
0.03169338405132294
0.03282839059829712
0.02970464527606964
0.029876232147216797
0.030870631337165833
0.03133156895637512
0.03145366907119751
0.029399678111076355
0.030870631337165833
0.029440730810165405
0.031155064702033997
0.02886253595352173
0.02962745726108551
0.028344526886940002
0.028704151511192322
0.031207039952278137
0.02949005365371704
0.027675539255142212
0.02983739972114563
0.028204381465911865
0.028397560119628906
0.027672946453094482
0.028360426425933838
0.02693551778793335
0.0269431471824646
0.027004212141036987
0.029517486691474915
0.02771972119808197
0.026139050722122192
0.024232402443885803
0.0277431458234787
0.025222331285476685
0.025960683822631836
0.022331342101097107
0.024499207735061646
0.023134469985961914
0.02429361641407013
0.023499026894569397
0.02342766523361206
0.023432254791259766
0.025477275252342224
0.02297060191631317
0.022326871752738953
0.02173161506652832
0.01853427290916443
0.02149750292301178
0.020393088459968567
0.019717499613761902
0.01961575448513031
0.017177700996398926
0.017267316579818726
0.015613391995429993
0.0166730135679245
0.01734738051891327
0.016857892274856567
0.01429244875907898
0.015091240406036377
0.014539346098899841
0.012922123074531555
0.014009281992912292
0.012946411967277527
0.012923866510391235
0.011428356170654297
0.012040406465530396
0.01300095021724701
0.011537134647369385
0.011425808072090149
0.012830615043640137
0.010380223393440247
0.011619791388511658
0.011111199855804443
0.009262830018997192
0.010367274284362793
0.009539619088172913
0.009597644209861755
0.008316770195960999
0.009700492024421692
0.009869426488876343
0.007506236433982849
0.009073510766029358
0.0071305930614471436
0.006741270422935486
0.008444592356681824
0.008019819855690002
0.005881741642951965
0.006802216172218323
0.005231201648712158
0.00559861958026886
0.006235569715499878
0.0068836510181427
0.0048299431800842285
0.005166441202163696
0.0045419782400131226
0.004699990153312683
0.005548417568206787
0.0060520172119140625
0.004005253314971924
0.005049988627433777
0.0038536787033081055
0.004408910870552063
0.004475384950637817
0.0030219703912734985
0.0034548938274383545
0.004054203629493713
0.003191128373146057
0.0033897459506988525
0.002752259373664856
0.004214465618133545
0.0029083192348480225
0.002500593662261963
0.0023807883262634277
0.002993479371070862
0.0063509345054626465
0.003435075283050537
0.002660423517227173
0.0027219057083129883
0.0026735812425613403
0.0018185228109359741
0.004394233226776123
0.0019071400165557861
0.0030352771282196045
0.0017688572406768799
0.00242827832698822
0.001856490969657898
0.0017352551221847534
0.0017248988151550293
0.0024868249893188477
0.0026443898677825928
0.0017413049936294556
0.0025969743728637695
0.0013322830200195312
0.00197678804397583
0.0015231668949127197
0.0017304271459579468
0.0013102889060974121
0.0022808462381362915
0.002436921000480652
0.0015754848718643188
0.001645594835281372
0.0014028400182724
0.0015210658311843872
0.0013248026371002197
0.002510666847229004
0.001532822847366333
0.001108705997467041
0.0018189698457717896
0.0021187514066696167
0.001367807388305664
0.001752510666847229
0.0014195144176483154
0.0020677149295806885
0.0011171549558639526
0.0013371109962463379
0.0010897070169448853
0.0014956891536712646
0.0012132227420806885
0.0008327364921569824
0.0029337555170059204
0.0012375116348266602
0.001636222004890442
0.0014850795269012451
0.0007667243480682373
0.0016775727272033691
0.001217186450958252
0.0012631267309188843
0.0008939206600189209
0.002264946699142456
0.001159757375717163
0.00125885009765625
0.0018770992755889893
0.0015429407358169556
0.0018027722835540771
0.0010342299938201904
0.0024368762969970703
0.0012200623750686646
0.0013330429792404175
0.0016871839761734009
0.001672700047492981
0.0008195042610168457
0.001126602292060852
0.001713395118713379
0.0017170608043670654
0.0028748512268066406
0.0008035153150558472
0.0016192495822906494
0.002384662628173828
0.0012874901294708252
0.0014967173337936401
0.0012190043926239014
0.0012902170419692993
0.0018000006675720215
0.001964956521987915
0.00117531418800354
0.002065807580947876
0.002999827265739441
0.0013016164302825928
0.0012039989233016968
0.0015822947025299072
0.001380428671836853
0.0008448511362075806
0.0020519793033599854
0.0020731985569000244
0.0015830844640731812
0.001939430832862854
0.0010914057493209839
0.0008035153150558472
0.0008035153150558472
0.0008035153150558472
0.0008035153150558472
0.0008035153150558472
0.0008035153150558472
0.0008035153150558472
0.0008035153150558472
0.0008035153150558472
0.0008035153150558472
0.0008035153150558472
0.0008035153150558472
0.0008035153150558472
0.0008035153150558472
0.0008035153150558472
0.0008035153150558472
0.0008035153150558472
