0.08342371135950089
0.03205396607518196
0.0028627701103687286
0.0018661192152649164
0.0015372884226962924
0.001496545854024589
0.0014535150257870555
0.0014535232912749052
0.0014342592330649495
0.0014389688149094582
0.0014270285610109568
0.0014369543641805649
0.0014254157431423664
0.0014342734357342124
0.001422075554728508
0.00143149821087718
0.0014190197689458728
0.0014286015648394823
0.0014151837676763535
0.0014257414732128382
0.001409835764206946
0.0014223415637388825
0.0014043253613635898
0.0014217040734365582
0.0013983905082568526
0.0014156261458992958
0.0013908774126321077
0.0014087946619838476
0.001384665840305388
0.0014018821530044079
0.0013762025628238916
0.0013910316629335284
0.0013643706915900111
0.0013715632958337665
0.0013479903573170304
0.0013608015142381191
0.0013271475909277797
0.001331964391283691
0.0013023820938542485
0.0012987747322767973
0.0012704539112746716
0.0012553175911307335
0.0012451185612007976
0.0012129225069656968
0.0011872805189341307
0.0011737748282030225
0.0011433347826823592
0.0011577934492379427
0.0011027042055502534
0.001087490119971335
0.0010737056145444512
0.0010595170315355062
0.0010447901440784335
0.0010481884237378836
0.001015224726870656
0.0009976631263270974
0.0009880398865789175
0.0009762286790646613
0.0009780139662325382
0.0009526520152576268
0.0009598757605999708
0.0009441640577279031
0.0009279436781071126
0.0009239180944859982
0.0009227958507835865
0.0009190223063342273
0.0009045659680850804
0.0009221475920639932
0.0009033160749822855
0.0008914249483495951
0.0008806884870864451
0.0008719462784938514
0.0009079247247427702
0.0009111848776228726
0.0008583058952353895
0.0008457101648673415
0.000860326224938035
0.0008274830179288983
0.0008226815843954682
0.0008230046951211989
0.0008079928811639547
0.0007958870264701545
0.0007912697037681937
0.0007762376917526126
0.0007710832287557423
0.0007639434188604355
0.0007892994326539338
0.0007608793675899506
0.000740109768230468
0.0007259193225763738
0.0007309549837373197
0.0007136279018595815
0.0006930585950613022
0.0006812307401560247
0.0006755623617209494
0.0006572079146280885
0.0006482950993813574
0.0006393843796104193
0.0006247219280339777
0.0006165587692521513
0.0006440302822738886
0.000591192627325654
0.000585505913477391
0.0005587183404713869
0.0005509197944775224
0.0005291611305437982
0.0005163968889974058
0.0005075788940303028
0.0004960173973813653
0.0004764556942973286
0.0004879804910160601
0.00044867940596304834
0.0004474313755054027
0.00045661916374228895
0.00041431686258874834
0.00043397460831329226
0.00040405450272373855
0.00037468422669917345
0.00038650515489280224
0.0003476158599369228
0.0003629069833550602
0.00033624409115873277
0.00035933719482272863
0.000341251929057762
0.000300773186609149
0.00031301446142606437
0.0002713529684115201
0.00028614187613129616
0.00028457818552851677
0.0002811127924360335
0.00023179150593932718
0.00022014528803993016
0.00021662071230821311
0.00020164475427009165
0.00021567352814599872
0.000226528849452734
0.0002761204377748072
0.00017532437050249428
0.00020494082127697766
0.0002603955508675426
0.0001652222272241488
0.00018849426123779267
0.00020227137429174036
0.00013997653149999678
0.00013676962407771498
0.0001290977088501677
0.00018178735626861453
0.00013712482177652419
0.00012338969099801034
0.00010951233707601205
0.00011073104542447254
0.0001005350859486498
8.959545084508136e-05
0.00015030064969323575
9.389282058691606e-05
0.00014900365204084665
0.00012916656851302832
0.00017965913866646588
0.00038326584035530686
0.00017627194756641984
9.716771455714479e-05
9.771265467861667e-05
0.00010186557483393699
0.00014364921662490815
0.0002438057417748496
0.00013548452989198267
0.00014586769975721836
6.728919834131375e-05
8.14043523860164e-05
8.402494859183207e-05
8.00643174443394e-05
0.00013533570745494217
9.69517495832406e-05
0.00011437533248681575
0.00013836276775691658
0.0001634591317269951
5.295698429108597e-05
0.00011660136806312948
6.94591726642102e-05
0.00012198686454212293
9.911529195960611e-05
0.00018910174549091607
0.00016724501620046794
7.970574370119721e-05
6.79298464092426e-05
8.159350545611233e-05
0.0001064912139554508
8.345812238985673e-05
0.00023219877039082348
0.00010095864126924425
6.678810314042494e-05
7.094975444488227e-05
0.00017252918041776866
0.00011832894961116835
0.00010174773342441767
0.00013862745254300535
0.00016204622806981206
4.812857150682248e-05
5.794110256829299e-05
6.174899317556992e-05
9.538447920931503e-05
0.00011548145266715437
6.36975237284787e-05
0.00015838645049370825
5.708547178073786e-05
0.00013779214350506663
7.042059587547556e-05
4.6801822463748977e-05
8.632355456938967e-05
6.312818732112646e-05
7.196670048870146e-05
6.49694338790141e-05
0.00010508844570722431
8.088571485131979e-05
0.00010252824722556397
9.167367534246296e-05
0.00012056205014232546
0.0001015541420201771
5.4136944527272135e-05
0.00023406336549669504
6.0088004829594865e-05
7.604833081131801e-05
0.00011711910337908193
0.00014167024346534163
4.9402686272514984e-05
6.980985926929861e-05
9.845684689935297e-05
7.554871990578249e-05
0.0002977752301376313
3.934857522835955e-05
0.00014263347839005291
0.00014711251424159855
9.50639441725798e-05
0.00010554537584539503
5.778870763606392e-05
5.795825563836843e-05
9.866116306511685e-05
0.00013185900752432644
5.3540803492069244e-05
0.00015460349095519632
0.0001983902184292674
0.0001088556382455863
7.33926790417172e-05
0.0001310051593463868
0.00010147011198569089
4.38968236267101e-05
0.00017014858894981444
0.000122052151709795
9.95076698018238e-05
0.0001487453846493736
6.085577842895873e-05
3.934857522835955e-05
3.934857522835955e-05
3.934857522835955e-05
3.934857522835955e-05
3.934857522835955e-05
3.934857522835955e-05
3.934857522835955e-05
3.934857522835955e-05
3.934857522835955e-05
3.934857522835955e-05
3.934857522835955e-05
3.934857522835955e-05
3.934857522835955e-05
3.934857522835955e-05
3.934857522835955e-05
3.934857522835955e-05
3.934857522835955e-05
