0.1154651865363121
0.048580773174762726
0.003260361962020397
0.002965339692309499
0.0023676229175180197
0.0019983118399977684
0.0018939474830403924
0.001911371247842908
0.0019207977456972003
0.0018683548551052809
0.0019331779330968857
0.0018648639088496566
0.001886888174340129
0.0018899390706792474
0.0018835433293133974
0.0019049316179007292
0.0019368118373677135
0.001886437414214015
0.001870019012130797
0.0019521818030625582
0.001909945742227137
0.0018838129471987486
0.00184932304546237
0.001959317596629262
0.0018692335579544306
0.0018851349595934153
0.0018432397628203034
0.0019167488208040595
0.0018088400829583406
0.001936895539984107
0.001845011138357222
0.001894717919640243
0.001785295084118843
0.001810836954973638
0.0017278662417083979
0.0018363301642239094
0.001708882744424045
0.0017495068022981286
0.0016106846742331982
0.0016088485717773438
0.0015863437438383698
0.0015287365531548858
0.0013894418952986598
0.00137853913474828
0.0013920320197939873
0.0013101169606670737
0.001174568198621273
0.0011586361797526479
0.0011680885218083858
0.0011151563376188278
0.0010598762892186642
0.0010087077971547842
0.0010394896380603313
0.0011466328287497163
0.0009438219130970538
0.0009301100508309901
0.0008897501975297928
0.0009126793593168259
0.0009228197741322219
0.0008959599654190242
0.000978386728093028
0.0008031178149394691
0.0008257298031821847
0.0008844013791531324
0.0007833912968635559
0.0008430804591625929
0.0008032058831304312
0.000918306119274348
0.0008095289813354611
0.0008441981626674533
0.0008110540802590549
0.0007822879124432802
0.0008303978247568011
0.0009449158096686006
0.0008253799751400948
0.000798362831119448
0.0007094129105098546
0.0007387443329207599
0.0007108041900210083
0.0008259069873020053
0.00074816431151703
0.0007524093380197883
0.0006947923102416098
0.0007029359112493694
0.000697822542861104
0.0006877581472508609
0.0006984734791330993
0.0007288368651643395
0.0006503614713437855
0.0006544580683112144
0.0007459368789568543
0.0006021726876497269
0.0006130880210548639
0.0006316552171483636
0.0006040931912139058
0.0006172565626911819
0.0005869772867299616
0.0006278719520196319
0.0005826788255944848
0.0005413530743680894
0.000638843746855855
0.0005855606868863106
0.0005646163481287658
0.000537924119271338
0.0005693945568054914
0.0004974773619323969
0.0004838441382162273
0.0004888330586254597
0.0005202246247790754
0.00046325483708642423
0.0004745974438264966
0.00043244281550869346
0.00047373981215059757
0.00037306532613001764
0.00042997882701456547
0.00046517327427864075
0.0004104446852579713
0.0003988708194810897
0.00039495970122516155
0.0003534398565534502
0.00034219922963529825
0.0003934120759367943
0.00039663640200160444
0.0003843278100248426
0.0003489827213343233
0.0002628437359817326
0.00030910116038285196
0.000396799499867484
0.00029434062889777124
0.00037760267150588334
0.000266085407929495
0.0002476588706485927
0.0002626432687975466
0.0002350692666368559
0.0002710706030484289
0.00021789039601571858
0.00041263800812885165
0.00020411486912053078
0.0003253471804782748
0.0004182476259302348
0.00017147650942206383
0.000210228594369255
0.0002929421898443252
0.000163665710715577
0.0001787966029951349
0.00014162228035274893
0.0001894310407806188
0.00017284334171563387
0.00018747856665868312
0.00010946554539259523
0.00014610396465286613
0.0001319314178545028
0.0001165714711532928
0.00018458397244103253
0.0001362480834359303
0.0002554874517954886
0.00019932568829972297
0.0003129605029243976
0.0004098423814866692
0.00022006320068612695
0.00016523676458746195
0.00015158929454628378
0.0001292676606681198
0.000278276827884838
0.00030725341639481485
0.00024169225071091205
0.0002009835880016908
8.917267405195162e-05
0.00011987733887508512
0.00010348934301873669
0.00014108709001448005
0.0002654754789546132
0.00012715894263237715
0.00010905080853262916
0.00025866166106425226
0.00022005678329151124
6.494598346762359e-05
0.00013951385335531086
8.617043204139918e-05
0.00017104562721215189
0.0001805362553568557
0.0004003710637334734
0.00020847348787356168
9.507517097517848e-05
7.74123182054609e-05
0.00014388732961378992
0.00019515641906764358
0.0001292234956054017
0.0004051709547638893
0.00012461781443562359
0.00010148542787646875
6.911775562912226e-05
0.0002883352863136679
0.00022898886527400464
0.00014589772035833448
0.0002583692839834839
0.0002502703573554754
5.985425741528161e-05
7.65095028327778e-05
9.137135202763602e-05
0.00013811426470056176
0.00023038221115712076
0.00012349971802905202
0.00018742964311968535
8.878867083694786e-05
0.0002507392782717943
6.37428747722879e-05
7.30614410713315e-05
9.064027108252048e-05
7.462218491127715e-05
0.00012354513455647975
0.00010666489106370136
0.00012307350698392838
0.00015618132601957768
0.0001918734924402088
0.00011716861627064645
0.00024378929811064154
0.00011835787154268473
6.394766387529671e-05
0.0003641755902208388
7.230153278214857e-05
0.00010638863022904843
0.00022017107403371483
0.00025422597536817193
7.177053339546546e-05
0.00012764330313075334
0.00013127582496963441
0.00010676142119336873
0.0005339084891602397
4.587128205457702e-05
0.00027769067673943937
0.00014683010522276163
0.000181725321453996
0.00018481437291484326
5.3912019211566076e-05
6.650183058809489e-05
8.603787864558399e-05
0.0002047246671281755
5.7098139222944155e-05
0.00019684279686771333
0.000218582121306099
0.000180532515514642
0.00010558719804976135
0.000268224481260404
0.00019297927792649716
6.399801350198686e-05
0.00031201940146274865
0.00012679010978899896
0.00012480447185225785
0.0002394329640083015
8.92875250428915e-05
4.587128205457702e-05
4.587128205457702e-05
4.587128205457702e-05
4.587128205457702e-05
4.587128205457702e-05
4.587128205457702e-05
4.587128205457702e-05
4.587128205457702e-05
4.587128205457702e-05
4.587128205457702e-05
4.587128205457702e-05
4.587128205457702e-05
4.587128205457702e-05
4.587128205457702e-05
4.587128205457702e-05
4.587128205457702e-05
4.587128205457702e-05
