5.075673580169678
1.8747602701187134
0.18616484105587006
0.08702439814805984
0.07541674375534058
0.08404435962438583
0.09176256507635117
0.09532821178436279
0.09057643264532089
0.09226743876934052
0.08759843558073044
0.09288985282182693
0.08874933421611786
0.0925457552075386
0.08978120982646942
0.09134390205144882
0.0885365828871727
0.09173411130905151
0.08824624866247177
0.08951317518949509
0.08816257119178772
0.09179467707872391
0.08918306976556778
0.08998379111289978
0.0869959369301796
0.09197565913200378
0.08696811646223068
0.09003973752260208
0.08908455818891525
0.08829987049102783
0.08582533150911331
0.0887807235121727
0.08768119663000107
0.08924967050552368
0.08662042021751404
0.08851887285709381
0.08619824051856995
0.08689821511507034
0.08635696023702621
0.08836112916469574
0.08395173400640488
0.08500964194536209
0.08856331557035446
0.08433432132005692
0.08288512378931046
0.08071935176849365
0.08805862814188004
0.09077770262956619
0.08119933307170868
0.08038725703954697
0.08264697343111038
0.08327288180589676
0.08194541186094284
0.07635019719600677
0.08126727491617203
0.07735815644264221
0.08099342882633209
0.07621688395738602
0.07744555920362473
0.07273346185684204
0.07192858308553696
0.07833823561668396
0.07485157251358032
0.06987231224775314
0.07712975144386292
0.07360897958278656
0.07301364094018936
0.0723423957824707
0.07296610623598099
0.0680849626660347
0.06769057363271713
0.06838997453451157
0.07625909894704819
0.07337905466556549
0.06641317158937454
0.06322603672742844
0.07213573157787323
0.06450939923524857
0.0673963725566864
0.05879741162061691
0.06440673768520355
0.06047147139906883
0.06479959934949875
0.06036963686347008
0.06130925193428993
0.060687582939863205
0.06691097468137741
0.06038950756192207
0.060142163187265396
0.05771731212735176
0.05180266872048378
0.06083955243229866
0.0563388392329216
0.05289027467370033
0.05403199791908264
0.05031556636095047
0.05237295851111412
0.04802987352013588
0.05097778141498566
0.053776875138282776
0.05454729124903679
0.045387160032987595
0.04886477440595627
0.04334525763988495
0.0407085120677948
0.042237985879182816
0.04120814427733421
0.041721411049366
0.03731531649827957
0.03857674449682236
0.042433030903339386
0.03537970408797264
0.03407644107937813
0.04259548708796501
0.03153923526406288
0.03689121827483177
0.034525126218795776
0.027705583721399307
0.034699276089668274
0.02942105196416378
0.031786587089300156
0.023275896906852722
0.030413558706641197
0.030685340985655785
0.022419359534978867
0.02810736931860447
0.019384797662496567
0.020345589146018028
0.024526266381144524
0.022079607471823692
0.015408639796078205
0.017400160431861877
0.015257122926414013
0.014895551837980747
0.017568346112966537
0.018836108967661858
0.01374412514269352
0.012356455437839031
0.012107376009225845
0.013339775614440441
0.016341399401426315
0.017917949706315994
0.011233607307076454
0.012754149734973907
0.009355701506137848
0.009800761006772518
0.014270232059061527
0.008514204062521458
0.008217199705541134
0.01048275362700224
0.007700385060161352
0.008821100927889347
0.0067191822454333305
0.012068605981767178
0.006598089821636677
0.008103940635919571
0.006732982117682695
0.008218116126954556
0.027467001229524612
0.012683139182627201
0.0063688564114272594
0.006585171911865473
0.007166433613747358
0.007149411365389824
0.016951030120253563
0.00642418721690774
0.010912591591477394
0.0044981674291193485
0.007050491403788328
0.005948645994067192
0.0041309320367872715
0.006587977986782789
0.0068699694238603115
0.009808684699237347
0.006503737065941095
0.010788644663989544
0.003484786720946431
0.007735873572528362
0.00385034317150712
0.006401927676051855
0.004039871506392956
0.00895447563380003
0.009778651408851147
0.004501373507082462
0.00278995418921113
0.004444716963917017
0.0038711826782673597
0.004390851594507694
0.013065985403954983
0.006346424575895071
0.0034520961344242096
0.003445072565227747
0.007128553465008736
0.00508052809163928
0.006617230828851461
0.005606322083622217
0.007345346733927727
0.004603350535035133
0.0027253651060163975
0.003199315629899502
0.004145210143178701
0.004613468423485756
0.002418722026050091
0.010564465075731277
0.002579204272478819
0.006097938399761915
0.005748736206442118
0.002574137644842267
0.005617822520434856
0.004314130637794733
0.003233003430068493
0.003171599702909589
0.005731598939746618
0.003544083796441555
0.004874939098954201
0.007269760128110647
0.006869586184620857
0.005975508596748114
0.003429172793403268
0.012802115641534328
0.005426300689578056
0.005171396769583225
0.005515873897820711
0.007985186763107777
0.0016978742787614465
0.0029061431996524334
0.007124619092792273
0.0039336723275482655
0.013181501999497414
0.0021448691841214895
0.005499642807990313
0.009889642708003521
0.0038168735336512327
0.004511986393481493
0.005136511288583279
0.005304350517690182
0.007035632152110338
0.006203660741448402
0.0036882266867905855
0.009765327908098698
0.014549681916832924
0.005103212781250477
0.0028273388743400574
0.005397073924541473
0.004252041224390268
0.0020354213193058968
0.007476727943867445
0.008052553981542587
0.00574563629925251
0.0063955471850931644
0.003964615520089865
0.0021448691841214895
0.0021448691841214895
0.0021448691841214895
0.0021448691841214895
0.0021448691841214895
0.0021448691841214895
0.0021448691841214895
0.0021448691841214895
0.0021448691841214895
0.0021448691841214895
0.0021448691841214895
0.0021448691841214895
0.0021448691841214895
0.0021448691841214895
0.0021448691841214895
0.0021448691841214895
0.0021448691841214895
