0.5498767495155334
0.3187267482280731
0.16442221403121948
0.15751193463802338
0.17217202484607697
0.17094355821609497
0.16887424886226654
0.1698777824640274
0.16905544698238373
0.16907909512519836
0.1692981868982315
0.16952472925186157
0.16872449219226837
0.1699819713830948
0.16914081573486328
0.17015312612056732
0.16987839341163635
0.16977852582931519
0.16862599551677704
0.1705595850944519
0.16911500692367554
0.1695166975259781
0.16825364530086517
0.17011702060699463
0.168524369597435
0.16937606036663055
0.16820929944515228
0.1690712720155716
0.16819359362125397
0.1691342443227768
0.16908130049705505
0.16916914284229279
0.16928361356258392
0.16877321898937225
0.16837072372436523
0.17016753554344177
0.17026223242282867
0.170941561460495
0.17079202830791473
0.1713360846042633
0.1728001832962036
0.17349553108215332
0.17240069806575775
0.17367815971374512
0.17663522064685822
0.1745016872882843
0.17696528136730194
0.1754438728094101
0.17797884345054626
0.17815275490283966
0.17793647944927216
0.17839078605175018
0.1803559511899948
0.18033283948898315
0.17875829339027405
0.17926117777824402
0.17968019843101501
0.17840774357318878
0.1777675598859787
0.17961278557777405
0.1804015338420868
0.1795341521501541
0.17983905971050262
0.17993639409542084
0.18011705577373505
0.17816022038459778
0.17871683835983276
0.1771315485239029
0.17842818796634674
0.1782960295677185
0.1798158437013626
0.17899581789970398
0.1776832789182663
0.17637819051742554
0.18037256598472595
0.17934687435626984
0.17906253039836884
0.1795661598443985
0.179218590259552
0.17986127734184265
0.1804865002632141
0.17867419123649597
0.17865298688411713
0.17929212749004364
0.18000872433185577
0.17836852371692657
0.1777980923652649
0.17768462002277374
0.17861488461494446
0.17964237928390503
0.17971938848495483
0.17955699563026428
0.17958353459835052
0.1787918657064438
0.1786283701658249
0.1790972352027893
0.17955298721790314
0.17879852652549744
0.18002849817276
0.1789882928133011
0.17783978581428528
0.17959028482437134
0.17834191024303436
0.17937463521957397
0.1797742247581482
0.17879286408424377
0.1790563017129898
0.17865730822086334
0.17992003262043
0.1795937567949295
0.17819489538669586
0.17916549742221832
0.178592711687088
0.17994852364063263
0.1791919767856598
0.17805589735507965
0.1786525994539261
0.17958039045333862
0.17821888625621796
0.17880168557167053
0.1783371865749359
0.17831499874591827
0.17845797538757324
0.1779847890138626
0.1794770359992981
0.1794244796037674
0.17941540479660034
0.18033021688461304
0.17852899432182312
0.17799590528011322
0.17937394976615906
0.17963452637195587
0.1791134923696518
0.1792130470275879
0.17856526374816895
0.17974130809307098
0.1802297979593277
0.17903591692447662
0.18045200407505035
0.1805872619152069
0.17905350029468536
0.17905546724796295
0.17799410223960876
0.1789192110300064
0.17953866720199585
0.17925405502319336
0.17849037051200867
0.17941319942474365
0.17968063056468964
0.179208442568779
0.17889675498008728
0.17852671444416046
0.17890863120555878
0.1787123829126358
0.17957837879657745
0.17994031310081482
0.17968077957630157
0.18010078370571136
0.1787923276424408
0.18015235662460327
0.17841999232769012
0.17860890924930573
0.17856156826019287
0.1779346913099289
0.1783946305513382
0.17815642058849335
0.17844384908676147
0.17890608310699463
0.17864356935024261
0.17944402992725372
0.17846357822418213
0.17793288826942444
0.1793293058872223
0.17881330847740173
0.17777740955352783
0.1786944419145584
0.17923925817012787
0.1793806254863739
0.17876018583774567
0.17887961864471436
0.17954939603805542
0.18100017309188843
0.17885515093803406
0.1789379119873047
0.17931024730205536
0.17847321927547455
0.18004341423511505
0.1795305609703064
0.17786559462547302
0.17886883020401
0.17939400672912598
0.1787233054637909
0.17813687026500702
0.18010134994983673
0.179792121052742
0.18006984889507294
0.1797415316104889
0.17943386733531952
0.17890822887420654
0.17911581695079803
0.1789555847644806
0.17997615039348602
0.1796717494726181
0.1795670986175537
0.17863896489143372
0.17814044654369354
0.17945335805416107
0.1793837547302246
0.1792985498905182
0.1788710355758667
0.17867723107337952
0.17899394035339355
0.1795845925807953
0.17841336131095886
0.17994096875190735
0.17981256544589996
0.18045853078365326
0.17888003587722778
0.1793089658021927
0.18015772104263306
0.17947931587696075
0.179710254073143
0.18059268593788147
0.18050715327262878
0.17954987287521362
0.17900308966636658
0.17998984456062317
0.18006213009357452
0.18107229471206665
0.17922690510749817
0.18048612773418427
0.17925220727920532
0.17878878116607666
0.1786835640668869
0.1795545369386673
0.1796993911266327
0.17958225309848785
0.18032799661159515
0.17969192564487457
0.1799345761537552
0.18045178055763245
0.18030762672424316
0.17985810339450836
0.17834115028381348
0.17897188663482666
0.17944097518920898
0.18117715418338776
0.17973929643630981
0.179822638630867
0.18044446408748627
0.17964667081832886
0.17922690510749817
0.17922690510749817
0.17922690510749817
0.17922690510749817
0.17922690510749817
0.17922690510749817
0.17922690510749817
0.17922690510749817
0.17922690510749817
0.17922690510749817
0.17922690510749817
0.17922690510749817
0.17922690510749817
0.17922690510749817
0.17922690510749817
0.17922690510749817
0.17922690510749817
