0.5503975749015808
0.3188402056694031
0.16443496942520142
0.15753206610679626
0.1721956431865692
0.170969158411026
0.1688995510339737
0.1699027568101883
0.16908040642738342
0.16910330951213837
0.16932284832000732
0.1695486605167389
0.1687486469745636
0.17000582814216614
0.16916494071483612
0.17017687857151031
0.16990290582180023
0.16980226337909698
0.16865022480487823
0.17058365046977997
0.16913974285125732
0.16954068839550018
0.16827814280986786
0.1701410859823227
0.16854900121688843
0.16939996182918549
0.16823409497737885
0.16909560561180115
0.16821834444999695
0.16915884613990784
0.16910602152347565
0.16919390857219696
0.16930828988552094
0.16879777610301971
0.16839461028575897
0.17019228637218475
0.1702861785888672
0.1709662228822708
0.17081549763679504
0.17136022448539734
0.17282384634017944
0.17351941764354706
0.1724233776330948
0.17370186746120453
0.17665937542915344
0.17452497780323029
0.1769896298646927
0.17546753585338593
0.1780034303665161
0.17817743122577667
0.17796123027801514
0.17841552197933197
0.18038134276866913
0.18035872280597687
0.1787835657596588
0.1792866289615631
0.17970633506774902
0.17843346297740936
0.17779326438903809
0.1796393245458603
0.18042871356010437
0.1795608401298523
0.1798660010099411
0.17996352910995483
0.18014398217201233
0.17818672955036163
0.17874383926391602
0.1771579533815384
0.1784549057483673
0.17832309007644653
0.17984312772750854
0.17902308702468872
0.17771011590957642
0.1764046549797058
0.1804005354642868
0.17937438189983368
0.17908966541290283
0.17959369719028473
0.17924611270427704
0.17988930642604828
0.18051455914974213
0.17870189249515533
0.1786804348230362
0.1793200671672821
0.18003681302070618
0.17839626967906952
0.1778256595134735
0.17771224677562714
0.1786426603794098
0.17967067658901215
0.17974784970283508
0.17958514392375946
0.17961180210113525
0.17882023751735687
0.1786564737558365
0.1791256219148636
0.1795811504125595
0.1788269579410553
0.18005715310573578
0.17901696264743805
0.17786768078804016
0.17961925268173218
0.17837029695510864
0.179403617978096
0.17980359494686127
0.17882178723812103
0.179085373878479
0.17868643999099731
0.1799495965242386
0.17962315678596497
0.1782238930463791
0.17919491231441498
0.1786218136548996
0.1799781620502472
0.17922155559062958
0.1780850887298584
0.17868201434612274
0.1796104609966278
0.17824846506118774
0.17883159220218658
0.17836709320545197
0.1783449947834015
0.1784878522157669
0.17801451683044434
0.1795077621936798
0.1794547736644745
0.1794459968805313
0.18036124110221863
0.17855915427207947
0.17802603542804718
0.17940457165241241
0.17966556549072266
0.1791444569826126
0.17924413084983826
0.17859593033790588
0.1797720491886139
0.18026140332221985
0.17906691133975983
0.18048347532749176
0.18061915040016174
0.17908459901809692
0.17908631265163422
0.17802506685256958
0.17895019054412842
0.1795700192451477
0.17928515374660492
0.1785215437412262
0.1794448345899582
0.17971226572990417
0.17923994362354279
0.17892825603485107
0.178558349609375
0.17894040048122406
0.17874374985694885
0.17961034178733826
0.17997241020202637
0.17971281707286835
0.18013326823711395
0.17882339656352997
0.18018454313278198
0.1784515380859375
0.17864061892032623
0.178593248128891
0.17796650528907776
0.17842593789100647
0.1781882494688034
0.17847558856010437
0.17893828451633453
0.17867568135261536
0.17947641015052795
0.17849594354629517
0.17796480655670166
0.17936140298843384
0.17884543538093567
0.17780938744544983
0.17872652411460876
0.1792716681957245
0.17941300570964813
0.17879259586334229
0.1789119392633438
0.17958208918571472
0.1810334324836731
0.17888815701007843
0.17897050082683563
0.1793428361415863
0.17850585281848907
0.1800764948129654
0.17956337332725525
0.1778976172208786
0.1789013147354126
0.1794268786907196
0.1787559986114502
0.17816901206970215
0.18013454973697662
0.17982521653175354
0.18010307848453522
0.179774671792984
0.1794666200876236
0.1789410263299942
0.17914865911006927
0.17898806929588318
0.18000929057598114
0.1797046661376953
0.17960037291049957
0.17867165803909302
0.17817284166812897
0.1794862151145935
0.17941655218601227
0.17933152616024017
0.1789037436246872
0.1787099391222
0.1790265142917633
0.17961762845516205
0.17844626307487488
0.17997430264949799
0.1798456311225891
0.18049170076847076
0.1789126843214035
0.1793418675661087
0.1801912486553192
0.17951218783855438
0.17974340915679932
0.18062572181224823
0.1805405616760254
0.17958301305770874
0.17903578281402588
0.18002288043498993
0.1800951063632965
0.18110612034797668
0.17925968766212463
0.18051950633525848
0.17928484082221985
0.17882129549980164
0.17871606349945068
0.17958740890026093
0.1797323077917099
0.17961522936820984
0.18036134541034698
0.17972487211227417
0.17996804416179657
0.1804845631122589
0.18034103512763977
0.17989109456539154
0.17837387323379517
0.17900487780570984
0.1794741153717041
0.18121081590652466
0.17977234721183777
0.17985546588897705
0.18047796189785004
0.1796795278787613
0.17893020808696747
0.1787170022726059
0.17869609594345093
0.17872081696987152
0.17870588600635529
0.178700253367424
0.17869898676872253
0.1786949634552002
0.17870213091373444
0.17870186269283295
0.17870040237903595
0.17869271337985992
0.1787046641111374
0.17871631681919098
0.178697869181633
0.17870131134986877
0.1786949336528778
