0.24471789598464966
0.14776739478111267
0.07677517086267471
0.07416114211082458
0.08117157965898514
0.08040744066238403
0.07971873879432678
0.0800437480211258
0.07978475093841553
0.07965811342000961
0.07987494021654129
0.07981715351343155
0.0795883759856224
0.08000697195529938
0.07977025210857391
0.08005405217409134
0.08016926795244217
0.0799422413110733
0.07961583137512207
0.08033323287963867
0.07997861504554749
0.07993894070386887
0.07963323593139648
0.08017859607934952
0.07985050976276398
0.07984614372253418
0.07975135743618011
0.07983558624982834
0.07973119616508484
0.07985582202672958
0.07996930181980133
0.07972463965415955
0.07991000264883041
0.07938852906227112
0.07912782579660416
0.07979526370763779
0.07944592833518982
0.07959139347076416
0.07890770584344864
0.07890601456165314
0.07877422124147415
0.07875712960958481
0.07752751559019089
0.07786359637975693
0.07842977344989777
0.07707837224006653
0.07759834080934525
0.07660146802663803
0.07726462185382843
0.07723622024059296
0.07686223089694977
0.07694371789693832
0.07748705893754959
0.07765333354473114
0.07686537504196167
0.07717470079660416
0.07734189182519913
0.0767824575304985
0.07647773623466492
0.07726147770881653
0.0775318294763565
0.07727237790822983
0.07720731198787689
0.07741823047399521
0.07749443501234055
0.07656975090503693
0.0769454836845398
0.07615832984447479
0.07669920474290848
0.07664491981267929
0.07739029824733734
0.07703406363725662
0.07639449834823608
0.07585016638040543
0.07754892855882645
0.07697981595993042
0.07704948633909225
0.07726360857486725
0.0771046057343483
0.0773792415857315
0.07769621163606644
0.07679576426744461
0.07685737311840057
0.07725711166858673
0.07742638140916824
0.07674873620271683
0.07657788693904877
0.07642823457717896
0.07695593684911728
0.07738442718982697
0.07750560343265533
0.07734892517328262
0.07732229679822922
0.07686469703912735
0.07694271951913834
0.07719831168651581
0.07732421904802322
0.07694767415523529
0.07742162048816681
0.07703018933534622
0.07653237134218216
0.0773424357175827
0.07667861133813858
0.07729516923427582
0.07749474793672562
0.07694566994905472
0.07713410258293152
0.07684972137212753
0.0773957222700119
0.07729871571063995
0.07663391530513763
0.07704148441553116
0.07676684111356735
0.07750775665044785
0.07699187844991684
0.07657848298549652
0.07688471674919128
0.07726627588272095
0.07672279328107834
0.07691409438848495
0.07677011936903
0.0767529085278511
0.07682004570960999
0.07670707255601883
0.0773974061012268
0.0772656798362732
0.07730696350336075
0.07773901522159576
0.07698289304971695
0.0766606405377388
0.07723915576934814
0.07742156833410263
0.07721178978681564
0.07731620967388153
0.07690649479627609
0.07731270045042038
0.07766926288604736
0.07716734707355499
0.07768921554088593
0.07759524881839752
0.07708168774843216
0.07715076208114624
0.07671181112527847
0.07706809043884277
0.07738791406154633
0.07727614045143127
0.07696130871772766
0.07728726416826248
0.0775265172123909
0.07717853039503098
0.07702798396348953
0.07702003419399261
0.077220119535923
0.07703248411417007
0.07748304307460785
0.07752984017133713
0.07745359092950821
0.07759754359722137
0.07713259011507034
0.07769317179918289
0.07687163352966309
0.07701437175273895
0.07702828198671341
0.07666085660457611
0.0769542008638382
0.07673581689596176
0.07698404043912888
0.07724258303642273
0.07700687646865845
0.07740143686532974
0.07693901658058167
0.07676064223051071
0.07724406570196152
0.07712575793266296
0.07672809064388275
0.07708412408828735
0.07719037681818008
0.07731148600578308
0.07710742205381393
0.07711296528577805
0.07755990326404572
0.07807409018278122
0.0770137831568718
0.07723391801118851
0.07720319926738739
0.07687529921531677
0.07755585014820099
0.07729274779558182
0.07659684121608734
0.07720773667097092
0.07733817398548126
0.07717790454626083
0.0767333135008812
0.0775977298617363
0.07744871824979782
0.07757380604743958
0.07739453762769699
0.0772794857621193
0.07715929299592972
0.07720089703798294
0.07706404477357864
0.07760842144489288
0.07745126634836197
0.07742996513843536
0.07704135030508041
0.07686790823936462
0.07728029787540436
0.07734501361846924
0.07725715637207031
0.07714644074440002
0.07696620374917984
0.07708514481782913
0.07738383859395981
0.0768546536564827
0.07757315784692764
0.07745051383972168
0.07777191698551178
0.07704578340053558
0.07723727822303772
0.07770183682441711
0.07730643451213837
0.07736864686012268
0.07773991674184799
0.07766329497098923
0.0773240253329277
0.07699539512395859
0.07747261226177216
0.0774248018860817
0.07801440358161926
0.07721491903066635
0.07770795375108719
0.07719406485557556
0.076908640563488
0.0769442617893219
0.0772000178694725
0.07725360989570618
0.0772760882973671
0.07739730179309845
0.0772988572716713
0.0773080587387085
0.07750687748193741
0.07750793546438217
0.07723179459571838
0.07670585811138153
0.0769173726439476
0.07711147516965866
0.07782366871833801
0.07726531475782394
0.07728921622037888
0.07756411284208298
0.07704313099384308
0.07721491903066635
0.07721491903066635
0.07721491903066635
0.07721491903066635
0.07721491903066635
0.07721491903066635
0.07721491903066635
0.07721491903066635
0.07721491903066635
0.07721491903066635
0.07721491903066635
0.07721491903066635
0.07721491903066635
0.07721491903066635
0.07721491903066635
0.07721491903066635
0.07721491903066635
