-0.025127828121185303
-0.006796061992645264
-0.001328587532043457
-0.0011848807334899902
-0.0014527440071105957
-0.001415252685546875
-0.0013788938522338867
-0.0013982057571411133
-0.0013868212699890137
-0.0013860464096069336
-0.0013962388038635254
-0.0013985037803649902
-0.0013878941535949707
-0.001410067081451416
-0.0013989806175231934
-0.0014145970344543457
-0.0014196038246154785
-0.0014124512672424316
-0.0013982653617858887
-0.0014333724975585938
-0.0014181733131408691
-0.0014197826385498047
-0.001408696174621582
-0.0014371871948242188
-0.0014244914054870605
-0.0014290213584899902
-0.0014268755912780762
-0.0014352798461914062
-0.0014322996139526367
-0.0014426112174987793
-0.0014523863792419434
-0.001446366310119629
-0.001461803913116455
-0.0014409422874450684
-0.0014398694038391113
-0.0014731884002685547
-0.0014747977256774902
-0.0014865994453430176
-0.0014811158180236816
-0.0014902949333190918
-0.0015181303024291992
-0.0015358328819274902
-0.0015140175819396973
-0.0015468001365661621
-0.001620948314666748
-0.0015707015991210938
-0.0016387701034545898
-0.0016028881072998047
-0.0016661882400512695
-0.0016756653785705566
-0.0016731619834899902
-0.0016862154006958008
-0.0017308592796325684
-0.0017379522323608398
-0.0016993284225463867
-0.0017206072807312012
-0.0017303228378295898
-0.0017032623291015625
-0.001690685749053955
-0.0017338395118713379
-0.0017522573471069336
-0.001736462116241455
-0.0017433762550354004
-0.0017496347427368164
-0.0017542839050292969
-0.0017056465148925781
-0.0017247796058654785
-0.0016822218894958496
-0.0017157196998596191
-0.0017141103744506836
-0.0017541050910949707
-0.0017355084419250488
-0.0016971230506896973
-0.001671135425567627
-0.0017665624618530273
-0.0017410516738891602
-0.001737356185913086
-0.0017505288124084473
-0.0017372965812683105
-0.0017567873001098633
-0.001772761344909668
-0.0017259716987609863
-0.0017251968383789062
-0.001744091510772705
-0.0017569661140441895
-0.0017173290252685547
-0.0017028450965881348
-0.0016999244689941406
-0.0017265677452087402
-0.0017508864402770996
-0.001756429672241211
-0.0017483830451965332
-0.001748204231262207
-0.0017270445823669434
-0.0017281174659729004
-0.0017388463020324707
-0.001750349998474121
-0.001730501651763916
-0.001759946346282959
-0.0017365813255310059
-0.0017092227935791016
-0.00175398588180542
-0.0017184019088745117
-0.0017508268356323242
-0.0017601847648620605
-0.001734614372253418
-0.0017445087432861328
-0.0017309188842773438
-0.0017630457878112793
-0.0017571449279785156
-0.0017210841178894043
-0.001746058464050293
-0.0017331838607788086
-0.0017718076705932617
-0.00174790620803833
-0.001722872257232666
-0.0017380118370056152
-0.0017589926719665527
-0.001728355884552002
-0.0017396211624145508
-0.0017333626747131348
-0.0017333030700683594
-0.0017359256744384766
-0.001727759838104248
-0.0017670392990112305
-0.0017606616020202637
-0.0017660260200500488
-0.0017893314361572266
-0.0017452836036682129
-0.001728832721710205
-0.0017644166946411133
-0.0017744898796081543
-0.0017622113227844238
-0.0017669200897216797
-0.0017478466033935547
-0.0017755627632141113
-0.001793503761291504
-0.001765906810760498
-0.0017967820167541504
-0.0017944574356079102
-0.0017606616020202637
-0.00176239013671875
-0.001740574836730957
-0.0017585158348083496
-0.0017778873443603516
-0.0017690062522888184
-0.0017532706260681152
-0.0017747282981872559
-0.0017843842506408691
-0.0017657279968261719
-0.0017583370208740234
-0.0017545223236083984
-0.0017647147178649902
-0.0017565488815307617
-0.0017821788787841797
-0.0017873048782348633
-0.0017837285995483398
-0.001793503761291504
-0.00176316499710083
-0.0017952919006347656
-0.001751542091369629
-0.0017589926719665527
-0.0017592906951904297
-0.0017410516738891602
-0.0017539262771606445
-0.0017448067665100098
-0.0017556548118591309
-0.0017693638801574707
-0.0017588138580322266
-0.0017814040184020996
-0.0017567873001098633
-0.0017445087432861328
-0.0017758607864379883
-0.001765906810760498
-0.0017453432083129883
-0.0017635822296142578
-0.001775503158569336
-0.0017810463905334473
-0.001767873764038086
-0.0017688870429992676
-0.0017898082733154297
-0.0018208026885986328
-0.001767575740814209
-0.0017740130424499512
-0.0017781853675842285
-0.0017594695091247559
-0.0017977356910705566
-0.0017826557159423828
-0.0017438530921936035
-0.001773536205291748
-0.0017814040184020996
-0.001769423484802246
-0.0017516613006591797
-0.0017995834350585938
-0.00179213285446167
-0.00179976224899292
-0.0017905831336975098
-0.001783907413482666
-0.0017719268798828125
-0.0017774701118469238
-0.0017709136009216309
-0.0018003582954406738
-0.001791536808013916
-0.0017895102500915527
-0.0017672181129455566
-0.0017586350440979004
-0.0017839670181274414
-0.0017846226692199707
-0.001782238483428955
-0.001774132251739502
-0.0017673373222351074
-0.001773834228515625
-0.0017920136451721191
-0.0017606616020202637
-0.0018029212951660156
-0.0017970800399780273
-0.00181502103805542
-0.0017734169960021973
-0.0017840266227722168
-0.0018094778060913086
-0.0017875432968139648
-0.0017939209938049316
-0.001814424991607666
-0.0018125176429748535
-0.0017922520637512207
-0.0017736554145812988
-0.0017996430397033691
-0.0017983317375183105
-0.0018292665481567383
-0.001782834529876709
-0.0018118619918823242
-0.0017808079719543457
-0.0017681121826171875
-0.0017704367637634277
-0.0017865896224975586
-0.001790463924407959
-0.0017911791801452637
-0.0018024444580078125
-0.0017928481101989746
-0.0017986893653869629
-0.0018079876899719238
-0.0018086433410644531
-0.0017940402030944824
-0.0017622113227844238
-0.001773834228515625
-0.0017848610877990723
-0.001824498176574707
-0.0017919540405273438
-0.0017943382263183594
-0.001809537410736084
-0.0017839670181274414
-0.001782834529876709
-0.001782834529876709
-0.001782834529876709
-0.001782834529876709
-0.001782834529876709
-0.001782834529876709
-0.001782834529876709
-0.001782834529876709
-0.001782834529876709
-0.001782834529876709
-0.001782834529876709
-0.001782834529876709
-0.001782834529876709
-0.001782834529876709
-0.001782834529876709
-0.001782834529876709
-0.001782834529876709
