2.68064022064209
1.0812764167785645
0.36114054918289185
0.2780778408050537
0.30653947591781616
0.26280516386032104
0.26344096660614014
0.25829288363456726
0.258878231048584
0.25152599811553955
0.25390341877937317
0.24656695127487183
0.24744799733161926
0.24204111099243164
0.24254116415977478
0.23646187782287598
0.23858971893787384
0.22996443510055542
0.23069660365581512
0.2247689962387085
0.2255459725856781
0.2161385864019394
0.21698462963104248
0.20971804857254028
0.2098262757062912
0.20026758313179016
0.20169560611248016
0.19329790771007538
0.19291305541992188
0.18582981824874878
0.18574130535125732
0.1774924099445343
0.1770760715007782
0.16900180280208588
0.16922158002853394
0.16206926107406616
0.16240191459655762
0.15446045994758606
0.15503190457820892
0.14728078246116638
0.15002025663852692
0.1418979912996292
0.14188125729560852
0.136715367436409
0.14000235497951508
0.1330033540725708
0.13428425788879395
0.12816590070724487
0.1323460340499878
0.12734490633010864
0.12797510623931885
0.12367852032184601
0.1256560981273651
0.12342627346515656
0.12227648496627808
0.11855202913284302
0.11947320401668549
0.11596536636352539
0.11612161993980408
0.11416232585906982
0.11613790690898895
0.11068559437990189
0.1119895651936531
0.1107454001903534
0.10913404822349548
0.10800967365503311
0.1086912453174591
0.10708721727132797
0.10697834193706512
0.10670360177755356
0.10702455043792725
0.10475310683250427
0.10344749689102173
0.10211676359176636
0.10465657711029053
0.10324054956436157
0.10100805759429932
0.10188805311918259
0.10176261514425278
0.1028495579957962
0.10149011015892029
0.1011822521686554
0.1003246158361435
0.09987728297710419
0.09999670088291168
0.09883135557174683
0.0979858860373497
0.09824925661087036
0.09836801141500473
0.0981803834438324
0.09989596903324127
0.09666775166988373
0.09766756743192673
0.0972413569688797
0.09667283296585083
0.0968216210603714
0.09648723900318146
0.09700588881969452
0.0966249406337738
0.09567020833492279
0.09470082819461823
0.0964595302939415
0.0955183207988739
0.09574337303638458
0.09670619666576385
0.09510908275842667
0.09526389837265015
0.09432028234004974
0.09587278217077255
0.09460292756557465
0.09380790591239929
0.09429743885993958
0.09460516273975372
0.09245327115058899
0.09502128511667252
0.09261767566204071
0.09321916103363037
0.09391859173774719
0.09253864735364914
0.09274129569530487
0.09213434904813766
0.09345566481351852
0.09169107675552368
0.09121686220169067
0.09321916103363037
0.09011106938123703
0.0923619344830513
0.09141828119754791
0.08987149596214294
0.08985410630702972
0.09135575592517853
0.08999370783567429
0.09123414754867554
0.08987666666507721
0.08917286247015
0.08710937201976776
0.0901232361793518
0.08805156499147415
0.08847276866436005
0.0885617807507515
0.08673916012048721
0.08535107970237732
0.0875081717967987
0.08492850512266159
0.08526884764432907
0.08365748822689056
0.0829792320728302
0.08362549543380737
0.08285495638847351
0.08121755719184875
0.0820700079202652
0.08011336624622345
0.08057679235935211
0.07840187847614288
0.0792836993932724
0.078275665640831
0.07901117205619812
0.07833322882652283
0.07454007863998413
0.0757935494184494
0.07704383134841919
0.07573667168617249
0.07544443011283875
0.0750548392534256
0.07318144291639328
0.07447486370801926
0.07318651676177979
0.07351171970367432
0.0731361135840416
0.07179936021566391
0.07253777980804443
0.07100586593151093
0.07067723572254181
0.06923416256904602
0.0705203041434288
0.06847727298736572
0.06953195482492447
0.06815549731254578
0.06923162937164307
0.06759285926818848
0.06844055652618408
0.06724419444799423
0.06858286261558533
0.06620868295431137
0.0670982077717781
0.06594537198543549
0.06598102301359177
0.06509619951248169
0.06391866505146027
0.06345853209495544
0.06381700932979584
0.06280320882797241
0.06255528330802917
0.06238606572151184
0.06218366697430611
0.06195003166794777
0.0626269280910492
0.06142418459057808
0.06148505210876465
0.0610136017203331
0.06048477441072464
0.060108691453933716
0.060181841254234314
0.05846770852804184
0.059105999767780304
0.058440200984478
0.05827847123146057
0.05793086811900139
0.05859232321381569
0.0570366196334362
0.05770578980445862
0.056528788059949875
0.05598719045519829
0.05588039755821228
0.05617506057024002
0.05603432655334473
0.05590517818927765
0.05571902543306351
0.054839711636304855
0.05565684661269188
0.05447850376367569
0.05455837398767471
0.05390799418091774
0.05447356030344963
0.05391073226928711
0.05353951081633568
0.05316575616598129
0.05296187475323677
0.05411491543054581
0.052872493863105774
0.05342721939086914
0.05187847465276718
0.052690207958221436
0.05237329751253128
0.05223260819911957
0.05197485163807869
0.05166078731417656
0.052464455366134644
0.0523073710501194
0.05242977291345596
0.05078689754009247
0.05190081149339676
0.051867518573999405
0.0515240915119648
0.05108581483364105
0.05095096677541733
0.051788583397865295
0.051551513373851776
0.05060231685638428
0.05121709406375885
0.05036009103059769
0.052872493863105774
0.052872493863105774
0.052872493863105774
0.052872493863105774
0.052872493863105774
0.052872493863105774
0.052872493863105774
0.052872493863105774
0.052872493863105774
0.052872493863105774
0.052872493863105774
0.052872493863105774
0.052872493863105774
0.052872493863105774
0.052872493863105774
0.052872493863105774
0.052872493863105774
