0.10987777262926102
0.04105718061327934
0.013701281510293484
0.012849776074290276
0.01524763647466898
0.015138013288378716
0.014964343048632145
0.015038846991956234
0.014980782754719257
0.014916040934622288
0.01502858567982912
0.01499074324965477
0.014966150745749474
0.01507892832159996
0.015070940367877483
0.015119371004402637
0.015275142155587673
0.015154149383306503
0.015158869326114655
0.015347658656537533
0.01539576519280672
0.015317109413444996
0.015397652983665466
0.015460491180419922
0.015593194402754307
0.015450159087777138
0.015687599778175354
0.015583670698106289
0.015776067972183228
0.015689408406615257
0.01591663993895054
0.01573033444583416
0.016020517796278
0.01571757346391678
0.01580633968114853
0.015979910269379616
0.016008902341127396
0.016055366024374962
0.015979718416929245
0.01603289693593979
0.016179226338863373
0.016331356018781662
0.016155438497662544
0.016479367390275
0.01702192984521389
0.016646305099129677
0.017254263162612915
0.016986051574349403
0.017460552975535393
0.017602302134037018
0.017593855038285255
0.01771194487810135
0.018003925681114197
0.018130578100681305
0.017872940748929977
0.018083833158016205
0.01818896271288395
0.018005922436714172
0.017920926213264465
0.01823923923075199
0.01836533658206463
0.018298545852303505
0.01828191615641117
0.018380621448159218
0.018389739096164703
0.018017621710896492
0.018192652612924576
0.0178496353328228
0.01810026541352272
0.01809190772473812
0.018412424251437187
0.018259322270751
0.017966901883482933
0.0177655927836895
0.018456945195794106
0.01822265423834324
0.018257804214954376
0.018357552587985992
0.018250806257128716
0.018392998725175858
0.018515046685934067
0.018140198662877083
0.01814846880733967
0.01832290180027485
0.01834925450384617
0.018061961978673935
0.017983360216021538
0.01792982779443264
0.01814652420580387
0.01832048036158085
0.01837894134223461
0.01828998699784279
0.018283607438206673
0.018084459006786346
0.018140247091650963
0.018225351348519325
0.018299715593457222
0.01813696138560772
0.018330099061131477
0.018191583454608917
0.017978675663471222
0.01831420138478279
0.01800699718296528
0.01830531843006611
0.018363533541560173
0.018149156123399734
0.018239296972751617
0.018105246126651764
0.01833409070968628
0.018287615850567818
0.0180203840136528
0.01818772219121456
0.01810264401137829
0.018419668078422546
0.01818484626710415
0.018022485077381134
0.018144706264138222
0.018271882086992264
0.01806470938026905
0.018111949786543846
0.01809893734753132
0.018074197694659233
0.018100939691066742
0.018052520230412483
0.018344184383749962
0.018256448209285736
0.01830378733575344
0.01848141849040985
0.018155792728066444
0.018001403659582138
0.01826784387230873
0.018350008875131607
0.018298819661140442
0.018329162150621414
0.018159838393330574
0.01832498237490654
0.018494052812457085
0.018315577879548073
0.018493564799427986
0.01842508278787136
0.0182285588234663
0.018254196271300316
0.01809833012521267
0.018201543018221855
0.018364110961556435
0.018273990601301193
0.018195129930973053
0.018316376954317093
0.018407657742500305
0.018216174095869064
0.01815820299088955
0.01817096211016178
0.01825903169810772
0.018154263496398926
0.018373137339949608
0.01837494783103466
0.01836260035634041
0.01843208633363247
0.018227003514766693
0.018457215279340744
0.018105043098330498
0.018187791109085083
0.01819707080721855
0.018043886870145798
0.018145447596907616
0.018052738159894943
0.018160689622163773
0.01826985739171505
0.018156155943870544
0.01833566278219223
0.018152272328734398
0.018060382455587387
0.018248243257403374
0.01819983869791031
0.018081940710544586
0.0181930772960186
0.01824742928147316
0.018306950107216835
0.018220599740743637
0.018217477947473526
0.01840008608996868
0.018594056367874146
0.018184470012784004
0.018276305869221687
0.01824844628572464
0.018130790442228317
0.0184149332344532
0.018271375447511673
0.01800611987709999
0.018270980566740036
0.018288953229784966
0.018241165205836296
0.018061181530356407
0.018413925543427467
0.018364379182457924
0.018412582576274872
0.018338970839977264
0.018301669508218765
0.01823871210217476
0.018263230100274086
0.018194470554590225
0.018433108925819397
0.018368903547525406
0.018364563584327698
0.018187835812568665
0.018151307478547096
0.018285127356648445
0.018302639946341515
0.01828707382082939
0.018248798325657845
0.018175173550844193
0.018213512375950813
0.01835394650697708
0.018108388409018517
0.018456796184182167
0.018387839198112488
0.018525028601288795
0.018204282969236374
0.01829581707715988
0.018504148349165916
0.01831403560936451
0.018355118110775948
0.01850259304046631
0.018483730033040047
0.01837502233684063
0.01819317229092121
0.018394868820905685
0.018364299088716507
0.01862269639968872
0.018283285200595856
0.018479129299521446
0.018255354836583138
0.018148725852370262
0.018198326230049133
0.018288258463144302
0.01830596663057804
0.018351176753640175
0.018364090472459793
0.018347330391407013
0.01837790757417679
0.018420547246932983
0.018466848880052567
0.018333176150918007
0.018139300867915154
0.018198292702436447
0.01827085390686989
0.01853221282362938
0.018310636281967163
0.01832873560488224
0.018449803814291954
0.018209362402558327
0.008628212846815586
0.003980465233325958
0.0033633506391197443
0.0032101927790790796
0.0031253723427653313
0.003061029128730297
0.0030077951960265636
0.002944604028016329
0.0029072852339595556
0.0028839679434895515
0.0028771618381142616
0.0028673307970166206
0.002872148063033819
0.002852373057976365
0.0028453636914491653
0.0028424118645489216
0.0028413215186446905
