0.10783735662698746
0.04000738635659218
0.013405347242951393
0.012401523068547249
0.01475144736468792
0.014594770036637783
0.01442750170826912
0.01451454684138298
0.0144491046667099
0.014398757368326187
0.014497445896267891
0.01447793748229742
0.01444248016923666
0.014570431783795357
0.014549617655575275
0.014615398831665516
0.01474683452397585
0.014650031924247742
0.01463299710303545
0.014837595634162426
0.014858739450573921
0.014807446859776974
0.01486357394605875
0.014955096878111362
0.01505543477833271
0.01494716014713049
0.015143013559281826
0.01506755594164133
0.01523231714963913
0.015166879631578922
0.015377379953861237
0.015202507376670837
0.01547970063984394
0.015188448131084442
0.015286565758287907
0.015447502955794334
0.01549416221678257
0.015527483075857162
0.015482506714761257
0.015528589487075806
0.015699492767453194
0.015848780050873756
0.01570615917444229
0.016017166897654533
0.016567526385188103
0.016216980293393135
0.016818180680274963
0.01656721904873848
0.017040349543094635
0.017183279618620872
0.017181409522891045
0.017306072637438774
0.017603768035769463
0.017724426463246346
0.0174791868776083
0.01769040897488594
0.017796505242586136
0.017617272213101387
0.017538737505674362
0.017845559865236282
0.017979130148887634
0.017909634858369827
0.017899272963404655
0.017993705347180367
0.018006809055805206
0.01764070987701416
0.017807625234127045
0.01747589372098446
0.01772359013557434
0.017711106687784195
0.018030302599072456
0.017875295132398605
0.017588762566447258
0.017393214628100395
0.018073072656989098
0.017846541479229927
0.017877984791994095
0.01797213777899742
0.017869679257273674
0.01800978183746338
0.018127674236893654
0.017760010436177254
0.017771506682038307
0.017938122153282166
0.017966441810131073
0.017683161422610283
0.017606783658266068
0.017552120611071587
0.0177638940513134
0.017931783571839333
0.017988888546824455
0.01790088228881359
0.017896877601742744
0.01769946701824665
0.017755236476659775
0.017834464088082314
0.017916370183229446
0.017750604078173637
0.01794498786330223
0.01780438795685768
0.01759873703122139
0.017926344648003578
0.017628300935029984
0.017920605838298798
0.017969023436307907
0.017765406519174576
0.017851661890745163
0.017718296498060226
0.017946142703294754
0.01790005899965763
0.01764082908630371
0.01780049502849579
0.017722802236676216
0.018028197810053825
0.017803113907575607
0.017641738057136536
0.01776127703487873
0.01788121834397316
0.01768186315894127
0.01772543229162693
0.017718574032187462
0.017688117921352386
0.017715508118271828
0.017668358981609344
0.01794891618192196
0.01786685362458229
0.01791352778673172
0.0180888120085001
0.017768174409866333
0.0176149420440197
0.01788625679910183
0.01795153319835663
0.01791369542479515
0.017934193834662437
0.017775725573301315
0.017943445593118668
0.01810096576809883
0.01792951487004757
0.01810428872704506
0.0180377047508955
0.01784397102892399
0.017869818955659866
0.01771533116698265
0.017819778993725777
0.01798359677195549
0.01788809336721897
0.017815517261624336
0.017931122332811356
0.018020376563072205
0.017831046134233475
0.017777176573872566
0.017783788964152336
0.017868222668766975
0.01776919700205326
0.017979973927140236
0.017990516498684883
0.017973631620407104
0.018042098730802536
0.017844757065176964
0.018067318946123123
0.017725346609950066
0.01780221424996853
0.017813870683312416
0.017659395933151245
0.017763623967766762
0.01767159439623356
0.017777828499674797
0.017881490290164948
0.0177668035030365
0.01794794201850891
0.017764408141374588
0.017674371600151062
0.017863672226667404
0.017813317477703094
0.01769777573645115
0.017805906012654305
0.017864571884274483
0.017922189086675644
0.0178352240473032
0.017832934856414795
0.018008477985858917
0.018201055005192757
0.017797332257032394
0.01788453385233879
0.017864393070340157
0.017745109274983406
0.018023505806922913
0.01788788102567196
0.017622200772166252
0.01788601279258728
0.017899394035339355
0.017853638157248497
0.017681153491139412
0.01802324317395687
0.017975516617298126
0.018022390082478523
0.017954599112272263
0.017917882651090622
0.017851512879133224
0.01787957176566124
0.017812272533774376
0.01804446242749691
0.01798231527209282
0.01797478273510933
0.017802804708480835
0.017764586955308914
0.017900055274367332
0.01791422814130783
0.017899177968502045
0.017863331362605095
0.01778823882341385
0.017831848934292793
0.017968203872442245
0.017723266035318375
0.018067603930830956
0.017998190596699715
0.01813460700213909
0.017817150801420212
0.01790722645819187
0.018114404752850533
0.017925648018717766
0.01796719618141651
0.0181122999638319
0.018095916137099266
0.017987485975027084
0.017811579629778862
0.018009452149271965
0.017978738993406296
0.01822853833436966
0.017897069454193115
0.018089331686496735
0.01787114515900612
0.017768101766705513
0.017816267907619476
0.017904095351696014
0.017924103885889053
0.017967352643609047
0.017979741096496582
0.017961416393518448
0.017992010340094566
0.01803535409271717
0.018078742548823357
0.01794864609837532
0.017758555710315704
0.017812922596931458
0.01788952201604843
0.018138175830245018
0.01792498305439949
0.017944132909178734
0.01806151680648327
0.017827294766902924
0.017897069454193115
0.017897069454193115
0.017897069454193115
0.017897069454193115
0.017897069454193115
0.017897069454193115
0.017897069454193115
0.017897069454193115
0.017897069454193115
0.017897069454193115
0.017897069454193115
0.017897069454193115
0.017897069454193115
0.017897069454193115
0.017897069454193115
0.017897069454193115
0.017897069454193115
