0.5743117928504944
0.5743201375007629
0.5323828458786011
0.5323843955993652
0.48953038454055786
0.4895271956920624
0.4402005970478058
0.4402037262916565
0.3821669816970825
0.3821449875831604
0.3178490400314331
0.31785839796066284
0.25073865056037903
0.25074315071105957
0.18583638966083527
0.18581874668598175
0.12985682487487793
0.12983438372612
0.09886837005615234
0.09886153042316437
0.11293106526136398
0.11293816566467285
0.11341451108455658
0.11341657489538193
0.11418335884809494
0.1141752079129219
0.11764609068632126
0.1176677793264389
0.1194753646850586
0.11945698410272598
0.12197446078062057
0.12195025384426117
0.12891514599323273
0.12889578938484192
0.13090668618679047
0.1309056133031845
0.13490797579288483
0.13490872085094452
0.1309419870376587
0.13085025548934937
0.12555935978889465
0.12553323805332184
0.12237176299095154
0.12243376672267914
0.12026764452457428
0.12038758397102356
0.11948376893997192
0.1194753423333168
0.11952295154333115
0.1195901408791542
0.122769795358181
0.12265278398990631
0.12421103566884995
0.12418220192193985
0.1236983984708786
0.12375301867723465
0.12248017638921738
0.12256773561239243
0.12529537081718445
0.12537594139575958
0.12633207440376282
0.12639640271663666
0.12585550546646118
0.12581060826778412
0.12322745472192764
0.12320980429649353
0.1262747198343277
0.1262011080980301
0.12547391653060913
0.12555162608623505
0.1249115988612175
0.12508125603199005
0.125449538230896
0.12537235021591187
0.12614667415618896
0.12614595890045166
0.12631788849830627
0.126217782497406
0.12607261538505554
0.12604165077209473
0.1273593306541443
0.12729670107364655
0.12458859384059906
0.12450113892555237
0.126181498169899
0.12623821198940277
0.1269494742155075
0.12692870199680328
0.12776856124401093
0.12762419879436493
0.12797559797763824
0.12809239327907562
0.1272338181734085
0.127223938703537
0.12527216970920563
0.12527701258659363
0.12597595155239105
0.1260041743516922
0.12644898891448975
0.12635165452957153
0.1292313188314438
0.12916389107704163
0.12603631615638733
0.12604522705078125
0.12453446537256241
0.12454457581043243
0.12506510317325592
0.12506000697612762
0.12577977776527405
0.12562137842178345
0.12549740076065063
0.1254681944847107
0.12755315005779266
0.127622589468956
0.12660132348537445
0.12663422524929047
0.12549951672554016
0.12545479834079742
0.12627123296260834
0.126298725605011
0.12610885500907898
0.1261538565158844
0.12723731994628906
0.12731581926345825
0.12806159257888794
0.12794151902198792
0.12771975994110107
0.12766580283641815
0.12771561741828918
0.12775260210037231
0.12674398720264435
0.126866415143013
0.12650613486766815
0.126559317111969
0.12861986458301544
0.12888836860656738
0.12608659267425537
0.12596017122268677
0.1283014416694641
0.12841354310512543
0.12713995575904846
0.12712594866752625
0.12706856429576874
0.12712043523788452
0.1268443465232849
0.12689438462257385
0.12784986197948456
0.12784014642238617
0.12687861919403076
0.12693996727466583
0.12621775269508362
0.12648294866085052
0.12654569745063782
0.12642407417297363
0.12610317766666412
0.12607872486114502
0.12789207696914673
0.12790405750274658
0.12768034636974335
0.12766370177268982
0.1270318180322647
0.12708330154418945
0.12692026793956757
0.12675946950912476
0.1272565722465515
0.12728963792324066
0.12597331404685974
0.1259576976299286
0.12580707669258118
0.1258653998374939
0.12723052501678467
0.12741225957870483
0.126739501953125
0.126780703663826
0.12496381998062134
0.12527716159820557
0.12958692014217377
0.12949998676776886
0.130142942070961
0.13026629388332367
0.13028860092163086
0.13047118484973907
0.1302776336669922
0.13025593757629395
0.13012854754924774
0.1301647424697876
0.13031500577926636
0.13017897307872772
0.1302012801170349
0.13024835288524628
0.13022062182426453
0.1302197277545929
0.13022571802139282
0.1302730292081833
0.13015158474445343
0.13034987449645996
0.13030140101909637
0.1302647441625595
0.13024835288524628
0.13022926449775696
0.130246102809906
0.13031665980815887
0.13016249239444733
0.1303151249885559
0.1302603781223297
0.13021346926689148
0.13031449913978577
0.1301613599061966
0.13032501935958862
0.130197212100029
0.13023966550827026
0.13021965324878693
0.13028067350387573
0.1302187442779541
0.1303645372390747
0.1301017701625824
0.13009846210479736
0.13015514612197876
0.1302909553050995
0.1303378790616989
0.13023824989795685
0.1303665190935135
0.1303030550479889
0.13023674488067627
0.13028892874717712
0.13031437993049622
0.13025619089603424
0.1302415281534195
0.13039979338645935
0.13028478622436523
0.13038332760334015
0.130279541015625
0.1302928626537323
0.13021263480186462
0.13016264140605927
0.13029678165912628
0.1302274912595749
0.13027815520763397
0.13033641874790192
0.13030977547168732
0.13028687238693237
0.130222886800766
0.13019393384456635
0.13011804223060608
0.13021792471408844
0.130390003323555
0.13028746843338013
0.13021138310432434
0.1303001195192337
0.13022349774837494
0.13017597794532776
0.12513503432273865
