0.5859366655349731
0.543595552444458
0.543437659740448
0.49762123823165894
0.49753016233444214
0.4445001482963562
0.4444483518600464
0.38312193751335144
0.38307157158851624
0.31524181365966797
0.3152099847793579
0.24605870246887207
0.24603033065795898
0.5586302280426025
0.5586302280426025
0.5908935070037842
0.5586302280426025
0.7424747943878174
0.7424747943878174
0.7416163086891174
0.7416163086891174
0.7416163086891174
0.7416163086891174
0.7416163086891174
0.7416163086891174
0.7416163086891174
0.7416163086891174
0.7416163086891174
0.7416163086891174
0.7416163086891174
0.7416163086891174
0.7416163086891174
0.7416163086891174
0.7133646607398987
0.7416163086891174
0.7416163086891174
0.7416163086891174
0.7416163086891174
0.7416163086891174
0.7416163086891174
0.7416163086891174
0.7416163086891174
0.7416163086891174
0.7416163086891174
0.7416163086891174
0.7416163086891174
0.7416163086891174
0.7416163086891174
0.7416163086891174
0.7416163086891174
0.7416163086891174
0.7416163086891174
0.7416163086891174
0.7416163086891174
0.7416163086891174
0.7416163086891174
0.7416163086891174
0.7416163086891174
0.7416163086891174
0.7416163086891174
0.7416163086891174
0.7416163086891174
0.7416163086891174
0.7416163086891174
0.7416163086891174
0.7416163086891174
0.7416163086891174
0.7416163086891174
0.7416163086891174
0.7416163086891174
0.7416163086891174
0.7416163086891174
0.7416163086891174
0.7416163086891174
0.7416163086891174
0.7416163086891174
0.7416163086891174
0.7416163086891174
0.7416163086891174
0.7416163086891174
0.7416163086891174
0.7416163086891174
0.7416163086891174
0.7416163086891174
0.7416163086891174
0.7416163086891174
0.7416163086891174
0.7416163086891174
0.7416163086891174
0.7416163086891174
0.7416163086891174
0.7416163086891174
0.7416163086891174
0.7416163086891174
0.7416163086891174
0.7133646607398987
0.7133646607398987
0.7416163086891174
0.7416163086891174
0.7133646607398987
0.7416163086891174
0.7416163086891174
0.7416163086891174
0.7416163086891174
0.7416163086891174
0.7133646607398987
0.7133646607398987
0.7133646607398987
0.7133646607398987
0.7133646607398987
0.7133646607398987
0.7133646607398987
0.7133646607398987
0.7133646607398987
0.7133646607398987
0.7133646607398987
0.7133646607398987
0.7133646607398987
0.7133646607398987
0.7133646607398987
0.6925417184829712
0.6925417184829712
0.6925417184829712
0.7133646607398987
0.7133646607398987
0.6925417184829712
0.6925417184829712
0.6925417184829712
0.6672981977462769
0.6925417184829712
0.6672981977462769
0.6376999020576477
0.6672981977462769
0.6376999020576477
0.6376999020576477
0.6672981977462769
0.6672981977462769
0.6376999020576477
0.6376999020576477
0.61183762550354
0.61183762550354
0.6376999020576477
0.5908935070037842
0.5908935070037842
0.5586302280426025
0.23770670592784882
0.23174460232257843
0.18380939960479736
0.1874365210533142
0.17172834277153015
0.1707313060760498
0.1581554412841797
0.15650075674057007
0.1451922059059143
0.14718207716941833
0.12685775756835938
0.1256248652935028
0.11855757236480713
0.11836504936218262
0.10478371381759644
0.10354018211364746
0.1016276478767395
0.10294514894485474
0.0899132788181305
0.09075659513473511
0.08127358555793762
0.08169814944267273
0.07388657331466675
0.07544189691543579
0.06599429249763489
0.06558504700660706
0.061026155948638916
0.060469627380371094
0.060193926095962524
0.059810370206832886
0.08113265037536621
0.08182603120803833
0.08494418859481812
0.08436456322669983
0.0846254825592041
0.08452454209327698
0.08397513628005981
0.08484870195388794
0.08571624755859375
0.08352673053741455
0.08443263173103333
0.08519250154495239
0.08492925763130188
0.08406049013137817
0.0853155255317688
0.08478611707687378
0.08509963750839233
0.08471766114234924
0.08506074547767639
0.08390754461288452
0.0847235918045044
0.08405753970146179
0.085360586643219
0.08475634455680847
0.08503681421279907
0.08450675010681152
0.085042804479599
0.08548092842102051
0.08390459418296814
0.08505776524543762
0.08589786291122437
0.08533355593681335
0.0847533643245697
0.08506673574447632
0.08453938364982605
0.08451861143112183
0.08531251549720764
0.08491134643554688
0.08450675010681152
0.08486360311508179
0.08609217405319214
0.08562865853309631
0.08489343523979187
0.08607393503189087
0.08637559413909912
0.08532753586769104
0.0833575427532196
0.08492925763130188
0.08475634455680847
0.08454826474189758
0.08475038409233093
0.08467304706573486
0.08521649241447449
0.08541473746299744
0.08382239937782288
0.08523750305175781
0.08479803800582886
0.086022287607193
0.08521649241447449
0.08497405052185059
0.0852465033531189
0.08433791995048523
0.08485466241836548
0.08486658334732056
0.0860556960105896
0.08439415693283081
0.08616214990615845
0.08557736873626709
0.08498302102088928
0.08425220847129822
0.08627793192863464
0.08641836047172546
0.08382239937782288
0.08438822627067566
0.08451268076896667
0.059871017932891846
