0.23854511976242065
0.19675679504871368
0.19677342474460602
0.1583763062953949
0.15836362540721893
0.11953333765268326
0.11951764672994614
0.08106937259435654
0.081053227186203
0.0472518615424633
0.047237660735845566
0.02224620059132576
0.022222528234124184
0.010470862500369549
0.010439679957926273
0.00934644602239132
0.006759258918464184
0.030298523604869843
0.02658783085644245
0.033760372549295425
0.030900388956069946
0.030758850276470184
0.030690651386976242
0.030578115954995155
0.03054443746805191
0.030400743708014488
0.02070935070514679
0.020618991926312447
0.020493192598223686
0.020539667457342148
0.020509393885731697
0.020270122215151787
0.020424623042345047
0.015987060964107513
0.02011481299996376
0.01969035528600216
0.019796190783381462
0.01947283372282982
0.01886451430618763
0.01861000619828701
0.021002281457185745
0.02075118198990822
0.020872779190540314
0.02079424448311329
0.02566518820822239
0.023598842322826385
0.028724905103445053
0.02869495004415512
0.028659196570515633
0.028534863144159317
0.028517669066786766
0.028426891192793846
0.02843981608748436
0.028322169557213783
0.02834436669945717
0.028244363144040108
0.02823564223945141
0.02807058021426201
0.028068093582987785
0.027956053614616394
0.0279511921107769
0.027810441330075264
0.027809081599116325
0.02771884761750698
0.027718456462025642
0.02761949598789215
0.027623405680060387
0.027557577937841415
0.027557959780097008
0.027536308392882347
0.027536295354366302
0.027506867423653603
0.027509424835443497
0.027493970468640327
0.02749650366604328
0.027474548667669296
0.027475375682115555
0.027454247698187828
0.027455495670437813
0.027457254007458687
0.02745761349797249
0.027441564947366714
0.02744206227362156
0.02743580751121044
0.02743597887456417
0.02743888646364212
0.02743910439312458
0.02742389775812626
0.027423657476902008
0.027429156005382538
0.027429288253188133
0.027432050555944443
0.027431894093751907
0.027437351644039154
0.027435176074504852
0.02324194461107254
0.02324029989540577
0.027418488636612892
0.027419710531830788
0.02326563559472561
0.027416447177529335
0.027415623888373375
0.02741617150604725
0.027417678385972977
0.027418194338679314
0.023235995322465897
0.023256318643689156
0.023210400715470314
0.023225363343954086
0.023201994597911835
0.023195967078208923
0.023192496970295906
0.023202145472168922
0.02318480983376503
0.02319001965224743
0.023159075528383255
0.023162854835391045
0.02316082827746868
0.02316257171332836
0.023160221055150032
0.01935778185725212
0.019281255081295967
0.019292442128062248
0.023149928078055382
0.023149771615862846
0.019288696348667145
0.019274963065981865
0.019236581400036812
0.015669329091906548
0.019248586148023605
0.015639733523130417
0.012288938276469707
0.015588212758302689
0.012287444435060024
0.012284770607948303
0.015547704882919788
0.015552718192338943
0.012208512984216213
0.01217714324593544
0.009168634191155434
0.009199586696922779
0.012096469290554523
0.006405519787222147
0.006358484271913767
0.0038379912730306387
0.001605266472324729
0.0015667576808482409
0.001163145643658936
0.001200829865410924
0.0010013339342549443
0.00098679237999022
0.000845984322950244
0.0008386501576751471
0.0007148239528760314
0.0007264323066920042
0.000534620659891516
0.0005241610924713314
0.00046616108738817275
0.00046610194840468466
0.000357099313987419
0.00035094181657768786
0.00034023652551695704
0.0003495892742648721
0.0002619514998514205
0.00026786167290993035
0.0002140486176358536
0.00021493484382517636
0.0001773227413650602
0.00018424772133585066
0.0001424982910975814
0.00014177658886183053
0.00012070545926690102
0.00012005186727037653
0.000122633675346151
0.0001198420359287411
0.0002685108338482678
0.00027155873249284923
0.0002991322544403374
0.0002970200148411095
0.0003002020821440965
0.00029715895652770996
0.0002990785869769752
0.00030198003514669836
0.00030441407579928637
0.0002926069137174636
0.00029547070153057575
0.00030302535742521286
0.0003001484728883952
0.00029285685741342604
0.0003035530389752239
0.00030138343572616577
0.0003039956500288099
0.00029923347756266594
0.00030212075216695666
0.00029629780328832567
0.0003014417306985706
0.0002971531357616186
0.000302876956993714
0.00029811880085617304
0.00030048220651224256
0.00029842203366570175
0.00030036468524485826
0.00030182115733623505
0.0002961905556730926
0.00030211766716092825
0.0003039134026039392
0.000302080501569435
0.0003008786297868937
0.00029958627419546247
0.00029971616459079087
0.00029653089586645365
0.0003033583634532988
0.00030331386369653046
0.000301280029816553
0.0003004483587574214
0.0003075887798331678
0.0003047981590498239
0.00030066713225096464
0.00030819594394415617
0.00031023318297229707
0.0003018222050741315
0.00029355890001170337
0.0003046940255444497
0.00030032978975214064
0.0002994025417137891
0.0003013387613464147
0.0003012233355548233
0.00030129222432151437
0.00030235035228542984
0.0002951154310721904
0.00030166766373440623
0.0002997028059326112
0.0003063478216063231
0.0003045388148166239
0.00030304858228191733
0.0003041622694581747
0.0002994007954839617
0.0003046993224415928
0.0002998440177179873
0.0003036884590983391
0.0002992988738697022
0.00030876678647473454
0.00030527383205480874
0.00030307023553177714
0.0002983802114613354
0.0003105704963672906
0.0003107105731032789
0.00029856350738555193
0.00029785235528834164
0.00030276525649242103
0.00012017235712846741
