245.07574462890625
244.83273315429688
216.20822143554688
216.07046508789062
186.17495727539062
186.0665283203125
152.72572326660156
152.62957763671875
116.05657196044922
115.96958923339844
79.0091552734375
78.95861053466797
46.51770782470703
46.47654342651367
22.079004287719727
22.03036117553711
7.666445732116699
7.644804000854492
1.7562915086746216
1.7563127279281616
0.5924985408782959
0.5894884467124939
0.5625759959220886
0.5613067746162415
0.5734224319458008
0.5728545188903809
0.5962035059928894
0.5966237187385559
0.6030623316764832
0.6022924184799194
0.5712121725082397
0.5716118812561035
0.5945142507553101
0.5939153432846069
0.6014668345451355
0.6006503701210022
0.6242288947105408
0.6232578754425049
0.5986135005950928
0.6002292037010193
0.5799463987350464
0.5805414915084839
0.6137396097183228
0.6053262948989868
0.558144748210907
0.5551139116287231
0.49725908041000366
0.4919123649597168
0.44019779562950134
0.44457706809043884
0.47839727997779846
0.4775632619857788
0.41933661699295044
0.41796931624412537
0.4199451208114624
0.41921699047088623
0.34337201714515686
0.3452911972999573
0.40936991572380066
0.40860363841056824
0.3978217840194702
0.4023170471191406
0.4302023649215698
0.4291117787361145
0.4418833255767822
0.44785261154174805
0.4938831925392151
0.4879278540611267
0.5029553174972534
0.5148429870605469
0.46304091811180115
0.46906977891921997
0.4415966868400574
0.45012232661247253
0.44510164856910706
0.43996381759643555
0.4134467840194702
0.4158690869808197
0.3932536244392395
0.4027143120765686
0.34684035181999207
0.3493838608264923
0.3454146683216095
0.34416642785072327
0.33963069319725037
0.33966314792633057
0.30742737650871277
0.3083067834377289
0.3567061722278595
0.3565540611743927
0.3150956332683563
0.3151983618736267
0.2843836545944214
0.28520792722702026
0.27196750044822693
0.27149656414985657
0.3108755946159363
0.3124086856842041
0.2836519777774811
0.28467971086502075
0.28800293803215027
0.2874516546726227
0.28158828616142273
0.28243809938430786
0.2738029956817627
0.2756461501121521
0.2680590748786926
0.26774606108665466
0.28141966462135315
0.28027328848838806
0.284644216299057
0.2852591276168823
0.2838698923587799
0.2840319573879242
0.275992751121521
0.27502018213272095
0.2974708676338196
0.2978556752204895
0.2862669825553894
0.2864636182785034
0.2752930223941803
0.2766532301902771
0.30999889969825745
0.3081921935081482
0.2755107879638672
0.2753397226333618
0.2829512357711792
0.2823234796524048
0.32415229082107544
0.3281828761100769
0.2760927975177765
0.2805160880088806
0.3125028610229492
0.31212055683135986
0.3340710997581482
0.33719006180763245
0.3123522400856018
0.3126237392425537
0.33550575375556946
0.33621352910995483
0.3453182876110077
0.34579357504844666
0.3103363811969757
0.3140896260738373
0.3550207018852234
0.35549554228782654
0.4097338318824768
0.4072377383708954
0.4398066997528076
0.43534746766090393
0.45760831236839294
0.46291980147361755
0.4648464024066925
0.47012025117874146
0.49486836791038513
0.49937495589256287
0.6367130875587463
0.6425647735595703
0.6158275604248047
0.6011744141578674
0.7353078722953796
0.7584875822067261
0.636829137802124
0.6058240532875061
0.7051082253456116
0.7005499005317688
0.6964584589004517
0.7162612676620483
0.6621662378311157
0.6573938727378845
0.6829732060432434
0.6928926706314087
0.6407675743103027
0.6358194947242737
0.5440428853034973
0.5431172847747803
0.272781103849411
0.27175217866897583
0.2543163299560547
0.2592989206314087
0.25330352783203125
0.254665732383728
0.2523175776004791
0.250105082988739
0.25110647082328796
0.2577126622200012
0.25342705845832825
0.2521318793296814
0.25774946808815
0.25317686796188354
0.2518971860408783
0.25150027871131897
0.25052446126937866
0.25430136919021606
0.2528367340564728
0.2508641481399536
0.25285157561302185
0.2535935044288635
0.25237658619880676
0.2521487772464752
0.25231480598449707
0.2524699568748474
0.25379306077957153
0.254355788230896
0.25459012389183044
0.2472762018442154
0.2545306086540222
0.25440168380737305
0.25218942761421204
0.2575852572917938
0.24554459750652313
0.2545544505119324
0.2537081241607666
0.25165826082229614
0.25195157527923584
0.25342869758605957
0.2513136863708496
0.253257155418396
0.2560376226902008
0.2527168095111847
0.25173041224479675
0.25172874331474304
0.2516123950481415
0.25176748633384705
0.25249651074409485
0.2504553496837616
0.2527404725551605
0.25421538949012756
0.25588753819465637
0.2535034716129303
0.25428101420402527
0.2526801526546478
0.25948581099510193
0.25580042600631714
0.2557046711444855
0.2526926100254059
0.25175753235816956
0.25482797622680664
0.2528717815876007
0.25713643431663513
0.2554622292518616
0.2526954412460327
0.2490929663181305
0.25199514627456665
0.25254446268081665
0.25539106130599976
0.25234925746917725
0.25315970182418823
0.25455695390701294
0.25564077496528625
0.2517314851284027
0.5377808213233948
