0.2964901328086853
0.29652419686317444
0.2667974531650543
0.2667843997478485
0.2370830774307251
0.2370385080575943
0.2035181075334549
0.2034677416086197
0.1647532880306244
0.16470453143119812
0.12262124568223953
0.12257402390241623
0.0802871584892273
0.0802404060959816
0.042423851788043976
0.04239987954497337
0.017614340409636497
0.017606565728783607
0.016468914225697517
0.016465594992041588
0.014172944240272045
0.014165029861032963
0.013934982009232044
0.013931234367191792
0.013720842078328133
0.013711164705455303
0.013308745808899403
0.013301931321620941
0.012970270588994026
0.012967033311724663
0.012626963667571545
0.01262687984853983
0.011962107382714748
0.011959562078118324
0.01128570456057787
0.01128541212528944
0.010311247780919075
0.010317451320588589
0.009192160330712795
0.009209024719893932
0.008068877272307873
0.008065448142588139
0.0072746905498206615
0.007241811603307724
0.006858439184725285
0.00684246513992548
0.0066556488163769245
0.006675431504845619
0.006363978609442711
0.006380627863109112
0.005772698204964399
0.005812910385429859
0.005516524892300367
0.005517607554793358
0.005353311542421579
0.005343112163245678
0.005325301084667444
0.005325558595359325
0.00487896241247654
0.004884978290647268
0.00470369728282094
0.004710303153842688
0.004506606608629227
0.004516066052019596
0.004474447574466467
0.0044777002185583115
0.0042101056315004826
0.0042204950004816055
0.003971821162849665
0.003963136114180088
0.003978218883275986
0.003972449339926243
0.003855395130813122
0.0038725726772099733
0.0036522294394671917
0.0036675692535936832
0.0035254776012152433
0.0035203341394662857
0.0034527117386460304
0.0034530707634985447
0.003382727736607194
0.0033789114095270634
0.003530147485435009
0.0035272405948489904
0.003289269283413887
0.003286496503278613
0.0032141355331987143
0.003213381627574563
0.0031727515161037445
0.0031688737217336893
0.003149038879200816
0.0031409673392772675
0.0031119356863200665
0.0031119659543037415
0.0033105805050581694
0.003274050774052739
0.0030560807790607214
0.0030639960896223783
0.003029983025044203
0.0030340843368321657
0.0030781852547079325
0.0030774420592933893
0.002941868035122752
0.002943642670288682
0.0030993439722806215
0.003094111103564501
0.003062468720600009
0.0030778683722019196
0.0029184273444116116
0.002907765796408057
0.0028586348053067923
0.002875064965337515
0.0028393345419317484
0.002851759782060981
0.002784264739602804
0.0027795720379799604
0.0027515713591128588
0.0027643288485705853
0.0027192523702979088
0.0027157897129654884
0.002747621387243271
0.0027331095188856125
0.002695324132218957
0.002694603055715561
0.002748857019469142
0.0027295839972794056
0.0026508821174502373
0.0026470739394426346
0.0026050549931824207
0.0026059066876769066
0.0025756743270903826
0.0025744133163243532
0.002554249716922641
0.002546141855418682
0.002629026770591736
0.0026470343582332134
0.0025662400294095278
0.002551388693973422
0.0024920699652284384
0.0024977184366434813
0.002414200222119689
0.0024219457991421223
0.0023587699979543686
0.0023604321759194136
0.0022996861953288317
0.0023110953625291586
0.002301187254488468
0.002296868711709976
0.0022412361577153206
0.002239688066765666
0.0021551037207245827
0.002145185135304928
0.002071056980639696
0.0020597586408257484
0.002068824600428343
0.0020620666909962893
0.0019817755091935396
0.0019753375090658665
0.0019661125261336565
0.0019669998437166214
0.0017776158638298512
0.0017752384301275015
0.0018356774235144258
0.0018655451713129878
0.0017079123063012958
0.0016967789269983768
0.0016272281063720584
0.001615467481315136
0.0016233359929174185
0.0016582272946834564
0.001528503024019301
0.0015264706453308463
0.0014742488274350762
0.0014618921559304
0.0017142780125141144
0.0017230676021426916
0.002482031937688589
0.0024710255675017834
0.0026379222981631756
0.0026344803627580404
0.0026585606392472982
0.0026625802274793386
0.0026696776039898396
0.002662966726347804
0.002663147170096636
0.0026376459281891584
0.0026420613285154104
0.002667040331289172
0.002656529890373349
0.0026402254588901997
0.0026592002250254154
0.0026674203108996153
0.0026701262686401606
0.002655808115378022
0.002658046782016754
0.0026642095763236284
0.002670443616807461
0.0026634533423930407
0.0026632575318217278
0.002648589899763465
0.002656232565641403
0.0026627685874700546
0.002653702162206173
0.0026610286440700293
0.0026594609953463078
0.002671579597517848
0.002662182319909334
0.002665354171767831
0.0026630626525729895
0.0026461880188435316
0.0026598318945616484
0.0026380436029285192
0.002663236577063799
0.002665123203769326
0.002668993314728141
0.002644786611199379
0.0026658009737730026
0.0026580779813230038
0.0026539452373981476
0.002676473930478096
0.002672523260116577
0.00265915016643703
0.0026664684992283583
0.0026655655819922686
0.002660294296219945
0.002657092409208417
0.0026604279410094023
0.0026702338363975286
0.0026545377913862467
0.002660886151716113
0.002661892445757985
0.0026628419291228056
0.002658976474776864
0.0026612100191414356
0.0026732455007731915
0.0026692424435168505
0.002666858956217766
0.0026681346353143454
0.00267457845620811
0.002669363282620907
0.002646611537784338
0.0026601171121001244
0.002670195186510682
0.0026552206836640835
0.002660490106791258
0.0026669460348784924
0.0026747435331344604
0.002671510213986039
0.0026671241503208876
0.0026484853588044643
0.002667869906872511
0.0017045119311660528
