0.31323686242103577
0.31297144293785095
0.2765449583530426
0.27638962864875793
0.23858074843883514
0.23845364153385162
0.19631268084049225
0.19619819521903992
0.14986379444599152
0.14975960552692413
0.10280933976173401
0.10274618864059448
0.06119157746434212
0.06113893911242485
0.029557783156633377
0.02950214222073555
0.011138091795146465
0.01111492607742548
0.005719326436519623
0.0057168020866811275
0.005114181432873011
0.005111454054713249
0.005076258443295956
0.0050750188529491425
0.00504166167229414
0.005039260257035494
0.004988896194845438
0.004987369291484356
0.004938044119626284
0.004937192890793085
0.004874540027230978
0.004874547477811575
0.004766005091369152
0.004765321500599384
0.004626589361578226
0.004626274574548006
0.004405947867780924
0.004407175816595554
0.004145523067563772
0.004150382708758116
0.003872377797961235
0.0038719321601092815
0.0036692055873572826
0.003661144757643342
0.0035389673430472612
0.003536377800628543
0.0034474434796720743
0.003449719864875078
0.0033690459094941616
0.0033712279982864857
0.0032984642311930656
0.003301923628896475
0.0032493111211806536
0.0032497309148311615
0.003200473031029105
0.0031996131874620914
0.003159815911203623
0.0031600615475326777
0.0031092592980712652
0.0031090909615159035
0.0030560423620045185
0.003055489156395197
0.0029793980065733194
0.0029788692481815815
0.0029069583397358656
0.0029078435618430376
0.0028318269178271294
0.002832819242030382
0.002749276114627719
0.002753038192167878
0.002685189014300704
0.0026866565458476543
0.0026371206622570753
0.0026431658770889044
0.0025969173293560743
0.002599550411105156
0.0025527512189000845
0.0025553309824317694
0.002520305337384343
0.0025244655553251505
0.0024959277361631393
0.0024954003747552633
0.002486136741936207
0.0024867735337466
0.002464426914229989
0.00246439129114151
0.0024515832774341106
0.002451371168717742
0.0024600098840892315
0.0024608802050352097
0.002443710109218955
0.002443406032398343
0.00243209907785058
0.002431556349620223
0.0024414467625319958
0.0024385731667280197
0.0024194554425776005
0.002420266857370734
0.0024149424862116575
0.0024154474958777428
0.0024148658849298954
0.0024154209531843662
0.0024070250801742077
0.0024066499900072813
0.0024126460775732994
0.002412440488114953
0.00240883557125926
0.0024106691125780344
0.002396601950749755
0.002397277159616351
0.0023915539495646954
0.00239184545353055
0.002391909249126911
0.002394559793174267
0.0023813704028725624
0.0023812211584299803
0.0023748886305838823
0.0023764746729284525
0.0023708778899163008
0.0023712210822850466
0.002369822235777974
0.002368405694141984
0.0023635257966816425
0.0023638587445020676
0.00238115550018847
0.0023785934317857027
0.002353993011638522
0.0023530505131930113
0.002349760150536895
0.002348198788240552
0.0023419023491442204
0.00233931140974164
0.0023327437229454517
0.0023333593271672726
0.002339002676308155
0.002341274404898286
0.002324970904737711
0.002325052861124277
0.0023133838549256325
0.002312109339982271
0.0022978195920586586
0.002299124840646982
0.0022854760754853487
0.002279912354424596
0.0022663201671093702
0.0022613611072301865
0.0022452904377132654
0.0022435190621763468
0.0021962295286357403
0.0021994004491716623
0.0021505679469555616
0.002148904837667942
0.0020948194433003664
0.0020951805636286736
0.0020406441763043404
0.0020440376829355955
0.0019678110256791115
0.0019629730377346277
0.001896669389680028
0.0018911605002358556
0.0018281623488292098
0.001832919311709702
0.0017569649498909712
0.0017577827675268054
0.0016680527478456497
0.0016745327739045024
0.0015699143987149
0.0015807469608262181
0.001468736445531249
0.0014832582091912627
0.0013882421189919114
0.001391890225932002
0.0012964941561222076
0.0012920687440782785
0.0012582959607243538
0.0012482007732614875
0.0016246086452156305
0.0016291075153276324
0.0016935558523982763
0.0016915679443627596
0.0017000065417960286
0.0016906538512557745
0.001698712003417313
0.001700524939224124
0.0017059135716408491
0.0016830795211717486
0.0016877978341653943
0.001703485264442861
0.0016996582271531224
0.0016828237567096949
0.0017042127437889576
0.0017023611580953002
0.001705780508928001
0.0016960811335593462
0.0017025702400133014
0.0016922482755035162
0.001702000037766993
0.001693418831564486
0.0017027327558025718
0.0016924003139138222
0.0016974477330222726
0.0016941354842856526
0.001697638537734747
0.0016999267973005772
0.0016918873880058527
0.0017022095853462815
0.0017024842090904713
0.0017019849037751555
0.0016998248174786568
0.0016957992920652032
0.0016970641445368528
0.001688556163571775
0.0017024189000949264
0.0017051424365490675
0.0017009618459269404
0.0016955542378127575
0.0017109817126765847
0.0017053565243259072
0.0016985266702249646
0.0017129271291196346
0.001716088387183845
0.0016995707992464304
0.001685700728558004
0.0017066129948943853
0.0016992423916235566
0.0016950881108641624
0.0017010977026075125
0.0017012127209454775
0.0016985569382086396
0.001700450899079442
0.0016883353237062693
0.001699667307548225
0.0016984858084470034
0.0017087558517232537
0.0017097009113058448
0.001704119611531496
0.0017079893732443452
0.001697636442258954
0.0017080153338611126
0.0016978561179712415
0.001699955784715712
0.001696425606496632
0.001713357400149107
0.0017062537372112274
0.001702729961834848
0.001694581820629537
0.0017162882722914219
0.0017159759299829602
0.0016967221163213253
0.001693105441518128
0.0017053388291969895
0.0012470480287447572
