1.2658034563064575
1.2658127546310425
1.1490416526794434
1.1490484476089478
1.035588264465332
1.0355587005615234
0.9113352298736572
0.9113597273826599
0.7725867033004761
0.772632896900177
0.6280145645141602
0.6280503273010254
0.4850229322910309
0.4849506914615631
0.35298848152160645
0.3529703617095947
0.24335487186908722
0.24339213967323303
0.18487657606601715
0.18482400476932526
0.212321937084198
0.2123110592365265
0.21253906190395355
0.21251410245895386
0.2133435308933258
0.21337924897670746
0.21911796927452087
0.21913711726665497
0.22156421840190887
0.22160068154335022
0.22464287281036377
0.2246721237897873
0.23513446748256683
0.2350911796092987
0.23484964668750763
0.23481133580207825
0.23697730898857117
0.23687605559825897
0.22647880017757416
0.22637711465358734
0.21387088298797607
0.21376767754554749
0.20578284561634064
0.2058870643377304
0.20062583684921265
0.20053862035274506
0.19842180609703064
0.19838061928749084
0.19841693341732025
0.1982366144657135
0.20348623394966125
0.20337308943271637
0.20581884682178497
0.2058829665184021
0.20500317215919495
0.20482753217220306
0.20323030650615692
0.2031063288450241
0.20773081481456757
0.20756696164608002
0.20923784375190735
0.2092091590166092
0.2082320898771286
0.20827311277389526
0.20412218570709229
0.20420394837856293
0.20877708494663239
0.20869959890842438
0.20721665024757385
0.20737652480602264
0.20631010830402374
0.2063969373703003
0.20681950449943542
0.20672975480556488
0.20821024477481842
0.2080632895231247
0.2080203890800476
0.20826929807662964
0.2076520174741745
0.2078557163476944
0.20964650809764862
0.20974214375019073
0.20521743595600128
0.20521514117717743
0.20761878788471222
0.20779919624328613
0.2086195945739746
0.20869959890842438
0.20971174538135529
0.20990529656410217
0.21030694246292114
0.21018698811531067
0.2088891565799713
0.20885556936264038
0.2057405412197113
0.20589931309223175
0.2069437950849533
0.20681853592395782
0.20725740492343903
0.20727746188640594
0.21175310015678406
0.21173380315303802
0.20669600367546082
0.20657306909561157
0.20433640480041504
0.20440419018268585
0.20490185916423798
0.20507213473320007
0.20571793615818024
0.20560207962989807
0.2055010050535202
0.20542772114276886
0.20868946611881256
0.20875273644924164
0.20700658857822418
0.206934854388237
0.20546485483646393
0.20509886741638184
0.2066705971956253
0.2064378559589386
0.2059577852487564
0.20611749589443207
0.2076810896396637
0.20801851153373718
0.20876352488994598
0.2086469680070877
0.20834387838840485
0.20820078253746033
0.20820753276348114
0.20823809504508972
0.20651014149188995
0.20678433775901794
0.20611046254634857
0.2059718370437622
0.209549218416214
0.20930412411689758
0.2051679939031601
0.20522186160087585
0.2087716907262802
0.20872165262699127
0.20655442774295807
0.20646163821220398
0.20647825300693512
0.20625755190849304
0.20615333318710327
0.2059890329837799
0.2075892835855484
0.20777183771133423
0.20587007701396942
0.20607618987560272
0.2049723118543625
0.20468805730342865
0.20490409433841705
0.2047865092754364
0.20439082384109497
0.20446905493736267
0.2069227695465088
0.20691390335559845
0.2064821869134903
0.20649473369121552
0.20561009645462036
0.20553964376449585
0.20526818931102753
0.20527812838554382
0.20605123043060303
0.20579345524311066
0.20391756296157837
0.2038620561361313
0.2037036269903183
0.20343506336212158
0.20590922236442566
0.20579133927822113
0.20506416261196136
0.20515036582946777
0.20220963656902313
0.2021854817867279
0.20937031507492065
0.2093052864074707
0.2103186845779419
0.2103009819984436
0.21024399995803833
0.21042728424072266
0.21046170592308044
0.21039022505283356
0.21053549647331238
0.2105063796043396
0.21063190698623657
0.2104419618844986
0.21049800515174866
0.21031127870082855
0.21037918329238892
0.21030840277671814
0.21020200848579407
0.21046382188796997
0.21024924516677856
0.21035431325435638
0.21043989062309265
0.21064122021198273
0.21050111949443817
0.21066412329673767
0.210381880402565
0.21058933436870575
0.21061478555202484
0.21060308814048767
0.21034449338912964
0.2103370875120163
0.21054215729236603
0.21043668687343597
0.2101762294769287
0.21050336956977844
0.21035969257354736
0.21071062982082367
0.21052666008472443
0.210549995303154
0.21016177535057068
0.2103986144065857
0.2104634940624237
0.21041971445083618
0.21060968935489655
0.21030931174755096
0.21045717597007751
0.21035581827163696
0.21059468388557434
0.21040159463882446
0.21031221747398376
0.21045611798763275
0.21034759283065796
0.21045778691768646
0.21051594614982605
0.21057730913162231
0.21038198471069336
0.21049706637859344
0.210463285446167
0.21050219237804413
0.21039940416812897
0.21015116572380066
0.21039214730262756
0.21034342050552368
0.21029552817344666
0.21034346520900726
0.21051889657974243
0.21037331223487854
0.21025371551513672
0.21045657992362976
0.2103157788515091
0.2104061245918274
0.21050308644771576
0.21036912500858307
0.2103465050458908
0.21030505001544952
0.2104031890630722
0.20171359181404114
