1.26554274559021
1.2655526399612427
1.1488432884216309
1.1488510370254517
1.0354232788085938
1.0353929996490479
0.9111977815628052
0.911219596862793
0.7724762558937073
0.7725209593772888
0.6279347538948059
0.6279707551002502
0.48497265577316284
0.484904944896698
0.35296836495399475
0.35294637084007263
0.2433469295501709
0.24338260293006897
0.1848696619272232
0.18481841683387756
0.21231073141098022
0.21230347454547882
0.21252964437007904
0.2125048190355301
0.21333417296409607
0.21336714923381805
0.2191110998392105
0.21912996470928192
0.2215554416179657
0.221590057015419
0.22463352978229523
0.2246628701686859
0.23512956500053406
0.23508447408676147
0.23484550416469574
0.23480384051799774
0.23697273433208466
0.2368742823600769
0.22647081315517426
0.22637054324150085
0.21385596692562103
0.21376293897628784
0.2057628482580185
0.20585764944553375
0.2006050944328308
0.20051012933254242
0.19839811325073242
0.19836649298667908
0.19838431477546692
0.19821970164775848
0.20346292853355408
0.20334789156913757
0.20578528940677643
0.2058480829000473
0.2049761414527893
0.204816535115242
0.20319990813732147
0.2030840367078781
0.20770902931690216
0.20755523443222046
0.20921902358531952
0.20919258892536163
0.20820952951908112
0.20826226472854614
0.20412352681159973
0.20419250428676605
0.20876474678516388
0.208694189786911
0.20721197128295898
0.20736701786518097
0.20631906390190125
0.2063918262720108
0.20681484043598175
0.20672369003295898
0.20820190012454987
0.20805978775024414
0.20801815390586853
0.20827288925647736
0.2076410949230194
0.20785760879516602
0.20963911712169647
0.2097434401512146
0.20521746575832367
0.2052186280488968
0.20762096345424652
0.20779843628406525
0.2086213231086731
0.20869863033294678
0.20970816910266876
0.20990775525569916
0.21030640602111816
0.21018296480178833
0.2088911384344101
0.20885765552520752
0.20574428141117096
0.20590011775493622
0.206946462392807
0.20682109892368317
0.20725877583026886
0.20728184282779694
0.2117551863193512
0.211736798286438
0.20670290291309357
0.20657412707805634
0.2043444961309433
0.20440904796123505
0.20490476489067078
0.20507586002349854
0.20571915805339813
0.2056027501821518
0.2055029720067978
0.20542797446250916
0.20869016647338867
0.20875553786754608
0.20701159536838531
0.20694003999233246
0.20546838641166687
0.20510603487491608
0.20667603611946106
0.20643766224384308
0.20595683157444
0.2061198651790619
0.20768094062805176
0.20802564918994904
0.20876921713352203
0.2086532562971115
0.20834921300411224
0.20819887518882751
0.20821483433246613
0.20824268460273743
0.20651240646839142
0.2067864090204239
0.20611456036567688
0.20597536861896515
0.20955553650856018
0.20930591225624084
0.2051743119955063
0.20522993803024292
0.20878002047538757
0.20872409641742706
0.20655572414398193
0.20646712183952332
0.20648622512817383
0.20625752210617065
0.20615985989570618
0.20599457621574402
0.207594633102417
0.20777803659439087
0.20587243139743805
0.20608040690422058
0.20497936010360718
0.20469067990779877
0.20490454137325287
0.20479430258274078
0.20439130067825317
0.20447097718715668
0.20692162215709686
0.20691470801830292
0.20648358762264252
0.20648865401744843
0.20562531054019928
0.20554977655410767
0.205265074968338
0.20528647303581238
0.20606063306331635
0.2057962566614151
0.20392511785030365
0.20387059450149536
0.2037023901939392
0.20343494415283203
0.20591522753238678
0.20579490065574646
0.205072283744812
0.20515309274196625
0.2022080272436142
0.2021840363740921
0.20936593413352966
0.2093045562505722
0.21031536161899567
0.21030575037002563
0.21025198698043823
0.21042713522911072
0.21045848727226257
0.21039368212223053
0.21054431796073914
0.21050508320331573
0.21063178777694702
0.2104388326406479
0.2105025351047516
0.21031758189201355
0.21037988364696503
0.2103111892938614
0.21019726991653442
0.2104678750038147
0.2102472484111786
0.2103499472141266
0.21043400466442108
0.2106393724679947
0.21050257980823517
0.2106650322675705
0.21038506925106049
0.210587739944458
0.21061739325523376
0.2106029987335205
0.21033501625061035
0.21033169329166412
0.2105463147163391
0.2104388177394867
0.21017678081989288
0.21050287783145905
0.21036410331726074
0.21071530878543854
0.21052268147468567
0.21055631339550018
0.21016386151313782
0.21040140092372894
0.2104741483926773
0.21041348576545715
0.2106180042028427
0.21030820906162262
0.2104649692773819
0.2103651762008667
0.2105850726366043
0.2104000449180603
0.21031682193279266
0.21045736968517303
0.2103470265865326
0.2104550004005432
0.21051307022571564
0.21058233082294464
0.21038225293159485
0.2104962170124054
0.2104552686214447
0.2105095088481903
0.21039944887161255
0.21014773845672607
0.21039296686649323
0.21034015715122223
0.21029305458068848
0.2103453427553177
0.2105175256729126
0.21037529408931732
0.2102576494216919
0.21046356856822968
0.21031887829303741
0.2104029357433319
0.21050359308719635
0.210368350148201
0.21034270524978638
0.21030756831169128
0.21041221916675568
0.20223397016525269
