0.6036961078643799
0.6037000417709351
0.555729866027832
0.5557252764701843
0.5077143907546997
0.5076985955238342
0.4535244405269623
0.4535234868526459
0.39103713631629944
0.3910733759403229
0.32322198152542114
0.32320547103881836
0.2535957396030426
0.25351616740226746
0.18709158897399902
0.18708543479442596
0.13036666810512543
0.1304149180650711
0.0991448387503624
0.09911136329174042
0.11326635628938675
0.11326082795858383
0.1137126013636589
0.11369063705205917
0.11448895186185837
0.11452296376228333
0.11798204481601715
0.11799611151218414
0.11979993432760239
0.11984454840421677
0.1223766878247261
0.12238290905952454
0.1293867975473404
0.1293613165616989
0.13144953548908234
0.13143688440322876
0.13559071719646454
0.13544896245002747
0.13168925046920776
0.13163290917873383
0.12637318670749664
0.1263016164302826
0.12347457557916641
0.12353046238422394
0.12131696194410324
0.12130379676818848
0.12056796997785568
0.12052252143621445
0.12065845727920532
0.12043152749538422
0.12391214817762375
0.12377189844846725
0.1253746747970581
0.12536561489105225
0.12474070489406586
0.12454637885093689
0.12355862557888031
0.12342239171266556
0.12642566859722137
0.12628410756587982
0.1274031698703766
0.12738005816936493
0.12678319215774536
0.1267835646867752
0.12413337826728821
0.12430203706026077
0.1271800994873047
0.12710191309452057
0.12624530494213104
0.12639126181602478
0.12575627863407135
0.12586309015750885
0.12615695595741272
0.1260790377855301
0.12712329626083374
0.12710560858249664
0.12700022757053375
0.1272638887166977
0.12682701647281647
0.1270754337310791
0.12819042801856995
0.128309965133667
0.1254545897245407
0.1254556030035019
0.12702935934066772
0.12724821269512177
0.12779730558395386
0.12785042822360992
0.12859271466732025
0.12876690924167633
0.12898467481136322
0.12884072959423065
0.12806284427642822
0.12806107103824615
0.12605375051498413
0.12621407210826874
0.12697763741016388
0.12685279548168182
0.1272093951702118
0.12724898755550385
0.13016699254512787
0.13015605509281158
0.12699463963508606
0.12689800560474396
0.1254158318042755
0.12544091045856476
0.12575797736644745
0.12590041756629944
0.12637987732887268
0.1262192726135254
0.12630604207515717
0.12622368335723877
0.12842240929603577
0.12850075960159302
0.12739086151123047
0.12733694911003113
0.1264849156141281
0.1261359602212906
0.12734639644622803
0.12716363370418549
0.12677426636219025
0.12688465416431427
0.1279917061328888
0.12835551798343658
0.1288675218820572
0.12880147993564606
0.1285361349582672
0.12841229140758514
0.128579244017601
0.12857666611671448
0.12748004496097565
0.12775591015815735
0.12730582058429718
0.12716910243034363
0.1296796202659607
0.129476860165596
0.12679409980773926
0.12680916488170624
0.12927232682704926
0.1291525959968567
0.1278698891401291
0.12777677178382874
0.127904012799263
0.12771745026111603
0.12776684761047363
0.12760591506958008
0.12871579825878143
0.12888652086257935
0.12764127552509308
0.1278531402349472
0.12719221413135529
0.12697434425354004
0.12715844810009003
0.12701734900474548
0.12687857449054718
0.12694548070430756
0.12868988513946533
0.12866519391536713
0.1284308284521103
0.12838657200336456
0.12802636623382568
0.12791335582733154
0.1276884824037552
0.12771514058113098
0.1283251941204071
0.1280958354473114
0.12702932953834534
0.1269046664237976
0.12674176692962646
0.12652091681957245
0.1282874047756195
0.12812073528766632
0.12766887247562408
0.12773704528808594
0.1256812959909439
0.12577389180660248
0.13032425940036774
0.13030032813549042
0.130986288189888
0.13102571666240692
0.13091908395290375
0.13097864389419556
0.13113564252853394
0.13101454079151154
0.13108423352241516
0.13113652169704437
0.13128823041915894
0.131099671125412
0.13109102845191956
0.13091836869716644
0.13091892004013062
0.1309264749288559
0.13087356090545654
0.13110385835170746
0.1308404803276062
0.13091252744197845
0.13097505271434784
0.13124608993530273
0.1311700940132141
0.13121169805526733
0.1309569627046585
0.1311812847852707
0.13123424351215363
0.13123677670955658
0.1309245079755783
0.13099849224090576
0.13113045692443848
0.13101594150066376
0.13083289563655853
0.13105495274066925
0.1309731900691986
0.13125111162662506
0.13115426898002625
0.13121043145656586
0.13073724508285522
0.13100458681583405
0.13105623424053192
0.13099534809589386
0.13124550879001617
0.13098350167274475
0.13106873631477356
0.13105225563049316
0.13112930953502655
0.13105319440364838
0.130936861038208
0.1310538351535797
0.1309693157672882
0.1310659497976303
0.1311209499835968
0.13119493424892426
0.13091331720352173
0.1311243623495102
0.13106395304203033
0.1311488151550293
0.13104312121868134
0.1307636797428131
0.13105931878089905
0.13094347715377808
0.1309250444173813
0.13089221715927124
0.13112729787826538
0.13093140721321106
0.13088935613632202
0.13105304539203644
0.13093100488185883
0.13095185160636902
0.13110272586345673
0.13093072175979614
0.13099032640457153
0.1309436410665512
0.131021648645401
0.1257723569869995
