-0.029384374618530273
-0.029379844665527344
-0.023347139358520508
-0.023340940475463867
-0.01818394660949707
-0.018171310424804688
-0.013323783874511719
-0.013319730758666992
-0.008870124816894531
-0.008928298950195312
-0.0053730010986328125
-0.005347013473510742
-0.0028569698333740234
-0.0027730464935302734
-0.0012552738189697266
-0.0012667179107666016
-0.0005097389221191406
-0.0005805492401123047
-0.0002765655517578125
-0.0002498626708984375
-0.0003352165222167969
-0.00032258033752441406
-0.0002980232238769531
-0.0002739429473876953
-0.0003056526184082031
-0.0003478527069091797
-0.00033593177795410156
-0.00032830238342285156
-0.00032448768615722656
-0.0003876686096191406
-0.00040221214294433594
-0.00043272972106933594
-0.0004715919494628906
-0.00046563148498535156
-0.0005428791046142578
-0.0005311965942382812
-0.000682830810546875
-0.0005402565002441406
-0.0007472038269042969
-0.0007827281951904297
-0.0008137226104736328
-0.0007684230804443359
-0.0011029243469238281
-0.0010967254638671875
-0.0010492801666259766
-0.0009162425994873047
-0.0010840892791748047
-0.0010471343994140625
-0.0011355876922607422
-0.0008413791656494141
-0.001142263412475586
-0.0011191368103027344
-0.0011637210845947266
-0.0011835098266601562
-0.0010423660278320312
-0.00079345703125
-0.0010783672332763672
-0.0008547306060791016
-0.0011303424835205078
-0.0009081363677978516
-0.0010712146759033203
-0.0009837150573730469
-0.0009276866912841797
-0.0009729862213134766
-0.0009059906005859375
-0.0010921955108642578
-0.0009052753448486328
-0.0009007453918457031
-0.0007712841033935547
-0.0008397102355957031
-0.0008447170257568359
-0.0007817745208740234
-0.0007073879241943359
-0.0007066726684570312
-0.0009765625
-0.0009596347808837891
-0.0006823539733886719
-0.0010461807250976562
-0.0007543563842773438
-0.001033782958984375
-0.0008311271667480469
-0.0010132789611816406
-0.000865936279296875
-0.0009543895721435547
-0.0008478164672851562
-0.0010099411010742188
-0.0008478164672851562
-0.0009217262268066406
-0.0008242130279541016
-0.001142740249633789
-0.0010089874267578125
-0.0007483959197998047
-0.0008289813995361328
-0.0008370876312255859
-0.0007815361022949219
-0.0009369850158691406
-0.001001596450805664
-0.0008485317230224609
-0.0007603168487548828
-0.0008974075317382812
-0.0009357929229736328
-0.0009920597076416016
-0.0009582042694091797
-0.0008528232574462891
-0.0008814334869384766
-0.0008962154388427734
-0.0006928443908691406
-0.0008404254913330078
-0.0006000995635986328
-0.0005979537963867188
-0.0008087158203125
-0.0007555484771728516
-0.0008692741394042969
-0.0008780956268310547
-0.000789642333984375
-0.0007026195526123047
-0.0009853839874267578
-0.0006811618804931641
-0.0010752677917480469
-0.0008649826049804688
-0.0006654262542724609
-0.0007307529449462891
-0.0007543563842773438
-0.001039743423461914
-0.0008058547973632812
-0.0008599758148193359
-0.00081634521484375
-0.0007464885711669922
-0.0008635520935058594
-0.000823974609375
-0.0007359981536865234
-0.0008895397186279297
-0.0007996559143066406
-0.0006098747253417969
-0.0010597705841064453
-0.0005884170532226562
-0.0007073879241943359
-0.0008490085601806641
-0.0009708404541015625
-0.0007390975952148438
-0.0007300376892089844
-0.0006508827209472656
-0.000835418701171875
-0.0005970001220703125
-0.0009224414825439453
-0.0007114410400390625
-0.000865936279296875
-0.0010464191436767578
-0.0007627010345458984
-0.0009131431579589844
-0.0009744167327880859
-0.0004913806915283203
-0.0006127357482910156
-0.0005931854248046875
-0.0007753372192382812
-0.0008666515350341797
-0.0007977485656738281
-0.0007610321044921875
-0.0007505416870117188
-0.0007228851318359375
-0.0009944438934326172
-0.0008299350738525391
-0.0007681846618652344
-0.0009555816650390625
-0.0010685920715332031
-0.0008060932159423828
-0.0010559558868408203
-0.0009469985961914062
-0.000934600830078125
-0.0006554126739501953
-0.0010569095611572266
-0.0007085800170898438
-0.0009293556213378906
-0.0009562969207763672
-0.0007174015045166016
-0.0004966259002685547
-0.0007374286651611328
-0.0008003711700439453
-0.0008432865142822266
-0.0007593631744384766
-0.0006303787231445312
-0.000507354736328125
-0.0008580684661865234
-0.0007586479187011719
-0.0009555816650390625
-0.0009717941284179688
-0.0009732246398925781
-0.0009207725524902344
-0.0008897781372070312
-0.0006699562072753906
-0.0006983280181884766
-0.0007066726684570312
-0.0006477832794189453
-0.0008308887481689453
-0.0006887912750244141
-0.0005626678466796875
-0.0006735324859619141
-0.0009813308715820312
-0.0009217262268066406
-0.000982522964477539
-0.0007109642028808594
-0.0008647441864013672
-0.0010716915130615234
-0.0009217262268066406
-0.0006642341613769531
-0.0007851123809814453
-0.0008158683776855469
-0.0008544921875
-0.0005078315734863281
-0.0008578300476074219
-0.0007336139678955078
-0.0010313987731933594
-0.000873565673828125
-0.0009915828704833984
-0.0003726482391357422
-0.0009028911590576172
-0.0009577274322509766
-0.0008401870727539062
-0.0009546279907226562
-0.0006456375122070312
-0.0008304119110107422
-0.0006856918334960938
-0.0008263587951660156
-0.00081634521484375
-0.0006480216979980469
-0.0007393360137939453
-0.0007131099700927734
-0.0008244514465332031
-0.0007212162017822266
-0.0009100437164306641
-0.0005300045013427734
-0.0008447170257568359
-0.0007710456848144531
-0.0009362697601318359
-0.0008804798126220703
-0.0004668235778808594
-0.0008318424224853516
-0.0006654262542724609
-0.0005886554718017578
-0.0005824565887451172
-0.0008404254913330078
-0.0007085800170898438
-0.0006954669952392578
-0.0009350776672363281
-0.0007131099700927734
-0.0005619525909423828
-0.0008151531219482422
-0.0007193088531494141
-0.0006902217864990234
-0.0007202625274658203
-0.0008456707000732422
-0.0006372928619384766
