0.5880275964736938
0.5880170464515686
0.501271665096283
0.5014399886131287
0.42424458265304565
0.42452272772789
0.34696727991104126
0.34674447774887085
0.2671058177947998
0.2671861946582794
0.19089297950267792
0.19028396904468536
0.12285304814577103
0.123675636947155
0.07002251595258713
0.06957978755235672
0.03522811830043793
0.03522079437971115
0.02129048854112625
0.021065235137939453
0.028558723628520966
0.02835005149245262
0.02878117747604847
0.02850506268441677
0.029568957164883614
0.029368899762630463
0.03145822510123253
0.031561803072690964
0.033085353672504425
0.03303607553243637
0.03543886914849281
0.035372354090213776
0.04147707670927048
0.041307903826236725
0.04689834639430046
0.04669581353664398
0.05759279429912567
0.05696750059723854
0.06308198720216751
0.06408842653036118
0.06908315420150757
0.06924860924482346
0.07595634460449219
0.07783058285713196
0.07486343383789062
0.08512481302022934
0.07617318630218506
0.07775075733661652
0.07469502091407776
0.07498282939195633
0.08151211589574814
0.07844029366970062
0.07860726118087769
0.0797445997595787
0.08306489884853363
0.07216383516788483
0.07021728903055191
0.07481690496206284
0.07484004646539688
0.07767491042613983
0.07771089673042297
0.08292615413665771
0.07742922753095627
0.08016274124383926
0.07244537025690079
0.07603953033685684
0.0769040510058403
0.07672980427742004
0.07571274042129517
0.07628589123487473
0.07442770898342133
0.0764918103814125
0.07604047656059265
0.07297506183385849
0.07663314044475555
0.07566776871681213
0.07299616932868958
0.07483510673046112
0.07288952171802521
0.0767657607793808
0.07175023853778839
0.07668594270944595
0.0714990422129631
0.06932651251554489
0.07294961810112
0.07250440865755081
0.0721481665968895
0.07354685664176941
0.07533402740955353
0.07598891854286194
0.07584666460752487
0.07642269879579544
0.07093430310487747
0.07403675466775894
0.07351559400558472
0.06837672740221024
0.07112666964530945
0.0711810514330864
0.07045166194438934
0.07235121726989746
0.07489346712827682
0.07621857523918152
0.06842295825481415
0.07113703340291977
0.06847688555717468
0.07096292078495026
0.07041051983833313
0.07015839219093323
0.06961769610643387
0.07055632025003433
0.07075164467096329
0.06989267468452454
0.07168992608785629
0.07421974092721939
0.0728437751531601
0.07054129242897034
0.06894536316394806
0.06994757056236267
0.0703156590461731
0.07177159935235977
0.07010063529014587
0.0693572461605072
0.07213941961526871
0.07150908559560776
0.07180287688970566
0.07220461219549179
0.07190842181444168
0.07427223771810532
0.06977389752864838
0.06961292028427124
0.07117579132318497
0.06885956972837448
0.06953120976686478
0.07090044766664505
0.07288435101509094
0.07430484890937805
0.06831579655408859
0.07166139781475067
0.07308708876371384
0.07299717515707016
0.07027590274810791
0.07026894390583038
0.07184743881225586
0.07175271958112717
0.07000678032636642
0.06977503001689911
0.06977169960737228
0.07279430329799652
0.06909537315368652
0.07209881395101547
0.0703599750995636
0.07029815763235092
0.07497955113649368
0.07354066520929337
0.06948277354240417
0.07084707915782928
0.07262679934501648
0.07398604601621628
0.07070866227149963
0.0723707303404808
0.07104789465665817
0.06999387592077255
0.07025811076164246
0.07314979285001755
0.07162872701883316
0.0754614919424057
0.07091695815324783
0.07150798290967941
0.07007034868001938
0.07240545004606247
0.07274729013442993
0.0701444000005722
0.07512231916189194
0.07102568447589874
0.06863290816545486
0.07167555391788483
0.07081896811723709
0.07223538309335709
0.07143372297286987
0.07234598696231842
0.07166527211666107
0.07022189348936081
0.07312982529401779
0.07192198932170868
0.07371632754802704
0.07239919900894165
0.07122709602117538
0.07264460623264313
0.07099408656358719
0.07114160805940628
0.07163512706756592
0.07107900083065033
0.0700928196310997
0.0706302747130394
0.07284503430128098
0.07340454310178757
0.07372887432575226
0.07162053883075714
0.07527754455804825
0.07556778937578201
0.07390756905078888
0.0695917159318924
0.07490917295217514
0.07084342837333679
0.07443244010210037
0.0719696655869484
0.07283546030521393
0.07181330025196075
0.07242898643016815
0.07128437608480453
0.07177924364805222
0.07364928722381592
0.07421603798866272
0.07282765954732895
0.07436975091695786
0.07331465929746628
0.07445055991411209
0.07360569387674332
0.07205173373222351
0.07356537878513336
0.0703132301568985
0.0747925415635109
0.07310009747743607
0.06972478330135345
0.07234001904726028
0.07245311886072159
0.07156483829021454
0.07187280803918839
0.0723157525062561
0.0729118287563324
0.07168173044919968
0.07378552109003067
0.07217974960803986
0.07406724989414215
0.07225259393453598
0.07249550521373749
0.0706576332449913
0.07404757291078568
0.07099147140979767
0.07211747020483017
0.07280437648296356
0.07358423620462418
0.07269050925970078
0.07127752900123596
0.07383539527654648
0.07178258150815964
0.07152067869901657
0.07106605917215347
0.07074110209941864
0.0724121481180191
0.07267788052558899
0.07101194560527802
