0.6039056777954102
0.6038987040519714
0.5163971185684204
0.5165464878082275
0.43904736638069153
0.43936455249786377
0.36136165261268616
0.3611115515232086
0.28014490008354187
0.2802095115184784
0.2013261914253235
0.2007058560848236
0.12986987829208374
0.13073240220546722
0.0739307552576065
0.07342490553855896
0.03693548962473869
0.036921143531799316
0.022406434640288353
0.022176159545779228
0.030700325965881348
0.030475923791527748
0.030945857986807823
0.0306567270308733
0.03160484880208969
0.03139222785830498
0.03323530778288841
0.033333972096443176
0.035013388842344284
0.03496010601520538
0.036955226212739944
0.03688377887010574
0.04262154549360275
0.04244184494018555
0.0479731559753418
0.047765497118234634
0.058673255145549774
0.05805102735757828
0.06525247544050217
0.06633362919092178
0.07208052277565002
0.07235578447580338
0.07924321293830872
0.08122015744447708
0.0780155137181282
0.0888141319155693
0.07934455573558807
0.08098792284727097
0.07795447111129761
0.07829219102859497
0.08505132794380188
0.08175960928201675
0.08189782500267029
0.08315872400999069
0.0867936834692955
0.07521136850118637
0.07294461876153946
0.07792933285236359
0.07795102894306183
0.08077336102724075
0.08072120696306229
0.08645521849393845
0.08038845658302307
0.08326777815818787
0.07497525215148926
0.07887741923332214
0.0794423297047615
0.0793069377541542
0.07812421768903732
0.07868487387895584
0.07655927538871765
0.07879745960235596
0.07821695506572723
0.07522081583738327
0.07872334867715836
0.0776657685637474
0.07508683949708939
0.07692241668701172
0.07489093393087387
0.07879634201526642
0.07375282794237137
0.07859300822019577
0.0732216015458107
0.07108006626367569
0.07479430735111237
0.07427878677845001
0.07390811294317245
0.07528558373451233
0.0769437924027443
0.07763102650642395
0.0775056704878807
0.07804684340953827
0.07251358032226562
0.07564964145421982
0.07496067881584167
0.06989049911499023
0.0725703164935112
0.07275233417749405
0.07197176665067673
0.07387623190879822
0.07655029743909836
0.07780931890010834
0.06995034217834473
0.07247242331504822
0.06985839456319809
0.07233354449272156
0.07183150202035904
0.07160104066133499
0.07106585800647736
0.07206624001264572
0.07216258347034454
0.07123561203479767
0.0731978490948677
0.07577826827764511
0.07425537705421448
0.07202401012182236
0.07038361579179764
0.07139679789543152
0.07181456685066223
0.07323566824197769
0.07151221483945847
0.07073775678873062
0.07349327206611633
0.07280892133712769
0.07327255606651306
0.07356005162000656
0.07335182279348373
0.07559574395418167
0.07125607132911682
0.07123973220586777
0.07263144850730896
0.07024534046649933
0.07108741998672485
0.07234542071819305
0.07438869029283524
0.07584352791309357
0.06970665603876114
0.07289279997348785
0.07444780319929123
0.07438578456640244
0.071733258664608
0.07178924232721329
0.07322611659765244
0.07305943220853806
0.0715135708451271
0.071195587515831
0.07135370373725891
0.074190653860569
0.07044994831085205
0.07359091937541962
0.07165872305631638
0.07159937173128128
0.07637309283018112
0.0749397724866867
0.0709579661488533
0.07236218452453613
0.0740433782339096
0.07556106150150299
0.07225561141967773
0.07396993041038513
0.07249177247285843
0.07150590419769287
0.07175052911043167
0.0744311735033989
0.07316944748163223
0.07685330510139465
0.0723366066813469
0.07297400385141373
0.07143309712409973
0.07375723868608475
0.0741448700428009
0.07157373428344727
0.07641297578811646
0.0724043995141983
0.07001014798879623
0.07301488518714905
0.07280885428190231
0.07409344613552094
0.07341396063566208
0.07432140409946442
0.07370170205831528
0.07230906188488007
0.07513612508773804
0.07408413290977478
0.07575913518667221
0.07446807622909546
0.07323727011680603
0.07466482371091843
0.07298250496387482
0.0731407180428505
0.07356041669845581
0.07318664342164993
0.07212687283754349
0.07269024848937988
0.07480032742023468
0.07543426007032394
0.0756899043917656
0.07360442727804184
0.07710481435060501
0.07758621871471405
0.07579314708709717
0.07167695462703705
0.07687520235776901
0.0726739913225174
0.07641089707612991
0.07404143363237381
0.07488890737295151
0.07396552711725235
0.07435067743062973
0.07339372485876083
0.07375422865152359
0.07565459609031677
0.07614834606647491
0.07488761842250824
0.076328344643116
0.0753457248210907
0.0762733742594719
0.07571548968553543
0.07414466142654419
0.07560520619153976
0.0722740888595581
0.07672329992055893
0.07519438862800598
0.0717812106013298
0.07441578805446625
0.07451746612787247
0.07351613789796829
0.07392208278179169
0.07438968867063522
0.07493729889392853
0.07367179542779922
0.07583754509687424
0.07411779463291168
0.07604649662971497
0.07426299154758453
0.07451068609952927
0.07276557385921478
0.07617652416229248
0.07297704368829727
0.07409932464361191
0.07477450370788574
0.07555519044399261
0.07471468299627304
0.073331817984581
0.07593425363302231
0.07383856177330017
0.07360341399908066
0.07318232953548431
0.07278209179639816
0.07434402406215668
0.0747760608792305
0.007419488858431578
