14.632247924804688
13.974128723144531
12.25167179107666
11.792835235595703
10.248453140258789
9.85076904296875
8.276247024536133
7.901993751525879
6.2855424880981445
5.962934494018555
4.395349502563477
4.121293067932129
2.7713749408721924
2.5843777656555176
1.554687261581421
1.4203836917877197
0.7882155179977417
0.7154130935668945
0.43181654810905457
0.3949395418167114
0.43589556217193604
0.40157419443130493
0.4029160737991333
0.3711174428462982
0.38031846284866333
0.35132908821105957
0.3681298494338989
0.3455653488636017
0.35695841908454895
0.3373274505138397
0.3471021056175232
0.32820484042167664
0.36118513345718384
0.34165069460868835
0.370385080575943
0.34953051805496216
0.417435884475708
0.3921048939228058
0.47073251008987427
0.45031341910362244
0.5133640766143799
0.5046064257621765
0.5754336714744568
0.6088747978210449
0.5873948335647583
0.6248852014541626
0.5630900859832764
0.5854538083076477
0.5713335871696472
0.5493589639663696
0.6174944043159485
0.5676037669181824
0.5565112233161926
0.5937780141830444
0.5942547917366028
0.5423375964164734
0.5103439688682556
0.5291525721549988
0.5406050682067871
0.5345978140830994
0.5408593416213989
0.5605703592300415
0.5245147347450256
0.5292816758155823
0.4977818727493286
0.5097553730010986
0.5095884799957275
0.5067670941352844
0.4981692433357239
0.4998602569103241
0.47474876046180725
0.4783003628253937
0.47712767124176025
0.41717350482940674
0.46130529046058655
0.45309293270111084
0.4258911907672882
0.4090501070022583
0.3953761160373688
0.3944317698478699
0.37640583515167236
0.39371490478515625
0.3605347275733948
0.3504335880279541
0.3542746305465698
0.3401806056499481
0.33775222301483154
0.3432166278362274
0.36236268281936646
0.3373243808746338
0.3314179480075836
0.31859061121940613
0.2923290729522705
0.29219067096710205
0.29460737109184265
0.262734055519104
0.28032729029655457
0.25738540291786194
0.259341299533844
0.2559300363063812
0.26495692133903503
0.25284016132354736
0.2368040382862091
0.24455231428146362
0.23057986795902252
0.225795716047287
0.2238234579563141
0.2140212208032608
0.22146070003509521
0.20929507911205292
0.21159881353378296
0.2058424949645996
0.211090087890625
0.20344758033752441
0.20544591546058655
0.19099989533424377
0.19325201213359833
0.18230466544628143
0.1848924607038498
0.18310467898845673
0.18229779601097107
0.17869500815868378
0.18006755411624908
0.17738628387451172
0.19181375205516815
0.18163913488388062
0.17964383959770203
0.17238342761993408
0.16692399978637695
0.1703583002090454
0.16721320152282715
0.16845977306365967
0.16683518886566162
0.1617235541343689
0.17277327179908752
0.1703874170780182
0.16580913960933685
0.16097740828990936
0.16795673966407776
0.16321870684623718
0.1607927531003952
0.15907475352287292
0.16429120302200317
0.16450010240077972
0.1642892062664032
0.16306620836257935
0.16460639238357544
0.16951027512550354
0.16239497065544128
0.15898481011390686
0.16186028718948364
0.1644444465637207
0.16835153102874756
0.16750691831111908
0.16923944652080536
0.16341783106327057
0.17679649591445923
0.16914382576942444
0.1787005364894867
0.17564627528190613
0.17184436321258545
0.17898502945899963
0.17404961585998535
0.1732703000307083
0.18758106231689453
0.18669618666172028
0.1779097318649292
0.16441130638122559
0.17449112236499786
0.1808129847049713
0.17603018879890442
0.17375436425209045
0.1820562779903412
0.17536428570747375
0.17677906155586243
0.17508205771446228
0.15209728479385376
0.15755705535411835
0.15031032264232635
0.15093423426151276
0.1489960104227066
0.13616052269935608
0.14173664152622223
0.14840984344482422
0.1560068428516388
0.1460225135087967
0.15099844336509705
0.14695027470588684
0.14206641912460327
0.13996006548404694
0.13986346125602722
0.13864807784557343
0.13493867218494415
0.13826441764831543
0.14554840326309204
0.1410617232322693
0.13801218569278717
0.13750286400318146
0.13784454762935638
0.14237633347511292
0.14029815793037415
0.13923043012619019
0.1410091668367386
0.1289704442024231
0.13483065366744995
0.13124047219753265
0.13139718770980835
0.12941433489322662
0.1282491385936737
0.12636856734752655
0.1389821469783783
0.13066352903842926
0.12836284935474396
0.12912116944789886
0.1265811026096344
0.12482181936502457
0.12872600555419922
0.12269538640975952
0.1273414045572281
0.12827494740486145
0.12251932173967361
0.12539085745811462
0.1254967749118805
0.12027029693126678
0.11987374722957611
0.12179519981145859
0.12439639866352081
0.12386687099933624
0.12342825531959534
0.12245891988277435
0.12170920521020889
0.12094594538211823
0.12514141201972961
0.11813686788082123
0.1208738386631012
0.11854423582553864
0.1202164888381958
0.11999182403087616
0.11873917281627655
0.11819006502628326
0.11785036325454712
0.11608465015888214
0.1231839507818222
0.12203297019004822
0.12021683901548386
0.11863328516483307
0.12355321645736694
0.11712317913770676
0.1200203225016594
0.11769025027751923
0.11738027632236481
0.17175444960594177
