0.0002,0.0346
0.0002,0.0346
0.0002,0.0398
0.0001,0.0194
0.0000,0.0164
0.0000,0.0127
0.0000,0.0149
0.0000,0.0119
0.0000,0.0123
0.0000,0.0127
0.0000,0.0094
0.0000,0.0094
0.0000,0.0090
0.0000,0.0111
0.0000,0.0085
0.0000,0.0081
0.0000,0.0102
0.0000,0.0079
0.0000,0.0079
0.0000,0.0067
0.0000,0.0085
0.0000,0.0085
0.0000,0.0074
0.0000,0.0104
0.0000,0.0082
0.0000,0.0067
0.0000,0.0076
0.0000,0.0111
0.0000,0.0096
0.0000,0.0084
0.0000,0.0085
0.0000,0.0085
0.0000,0.0097
0.0000,0.0071
0.0000,0.0065
0.0000,0.0078
0.0000,0.0062
0.0000,0.0109
0.0000,0.0105
0.0000,0.0060
0.0000,0.0072
0.0000,0.0071
0.0000,0.0136
0.0000,0.0072
0.0000,0.0062
0.0000,0.0082
0.0000,0.0067
0.0000,0.0066
0.0000,0.0069
0.0000,0.0096
0.0000,0.0063
0.0000,0.0069
0.0000,0.0069
0.0000,0.0069
0.0000,0.0069
0.0000,0.0069
0.0000,0.0069
0.0000,0.0069
0.0000,0.0069
0.0000,0.0069
0.0000,0.0069
0.0000,0.0069
0.0000,0.0069
0.0000,0.0069
0.0000,0.0069
0.0000,0.0069
0.0000,0.0069
0.0000,0.0069
0.0000,0.0069
0.0000,0.0069
0.0000,0.0069
0.0000,0.0069
0.0000,0.0069
0.0000,0.0069
0.0000,0.0069
0.0000,0.0069
0.0000,0.0069
0.0000,0.0069
0.0000,0.0069
0.0000,0.0069
0.0000,0.0069
0.0000,0.0069
0.0000,0.0069
0.0000,0.0069
0.0000,0.0069
0.0000,0.0069
0.0000,0.0069
0.0000,0.0069
0.0000,0.0069
0.0000,0.0069
0.0000,0.0069
0.0000,0.0069
0.0000,0.0069
0.0000,0.0069
0.0000,0.0069
0.0000,0.0069
0.0000,0.0069
0.0000,0.0069
0.0000,0.0069
0.0000,0.0069
0.0000,0.0069
0.0000,0.0063
0.0000,0.0069
0.0000,0.0069
0.0000,0.0069
0.0000,0.0069
0.0000,0.0069
0.0000,0.0069
0.0000,0.0069
0.0000,0.0069
0.0000,0.0069
0.0000,0.0069
0.0000,0.0069
0.0000,0.0069
0.0000,0.0069
0.0000,0.0069
0.0000,0.0069
0.0000,0.0069
0.0000,0.0069
0.0000,0.0069
0.0000,0.0069
0.0000,0.0069
0.0000,0.0069
0.0000,0.0069
0.0000,0.0069
0.0000,0.0069
0.0000,0.0069
0.0000,0.0069
0.0000,0.0069
0.0000,0.0069
0.0000,0.0069
0.0000,0.0069
0.0000,0.0069
0.0000,0.0069
0.0000,0.0069
0.0000,0.0069
0.0000,0.0069
0.0000,0.0069
0.0000,0.0069
0.0000,0.0069
0.0000,0.0069
0.0000,0.0069
0.0000,0.0069
0.0000,0.0069
0.0000,0.0069
0.0000,0.0069
0.0000,0.0069
0.0000,0.0069
0.0000,0.0069
0.0000,0.0069
0.0000,0.0069
0.0000,0.0069
0.0000,0.0063
