27.1623,15.9736
27.1630,15.9733
27.1616,15.9734
27.1614,15.9733
27.1614,15.9734
27.1618,15.9734
27.1616,15.9734
27.1617,15.9734
27.1621,15.9735
27.1619,15.9735
27.1619,15.9735
27.1618,15.9733
27.1619,15.9735
27.1621,15.9734
27.1620,15.9735
27.1621,15.9735
27.1616,15.9732
27.1616,15.9733
27.1616,15.9733
27.1620,15.9734
27.1618,15.9735
27.1616,15.9735
27.1618,15.9734
27.1617,15.9735
27.1617,15.9734
27.1618,15.9734
27.1617,15.9734
27.1617,15.9735
27.1619,15.9734
27.1617,15.9734
27.1615,15.9734
27.1615,15.9733
27.1618,15.9735
27.1618,15.9735
27.1615,15.9733
27.1617,15.9735
27.1617,15.9734
27.1617,15.9734
27.1616,15.9734
27.1616,15.9735
27.1616,15.9734
27.1617,15.9734
27.1613,15.9734
27.1618,15.9733
27.1617,15.9734
27.1614,15.9735
27.1614,15.9733
27.1619,15.9734
27.1614,15.9733
27.1613,15.9733
27.1611,15.9733
27.1260,15.9274
