16.5188,14.5726
14.0081,12.0568
14.0080,12.0568
14.7024,12.7738
14.4001,12.4677
14.4769,12.5507
14.6019,12.6717
14.2392,12.3131
14.3641,12.4376
14.4073,12.4803
14.6959,12.7671
14.6847,12.7535
14.6846,12.7533
14.6349,12.7024
14.3467,12.4136
14.5481,12.6125
14.4806,12.5435
14.3523,12.4131
14.5622,12.6225
14.4381,12.4983
14.4898,12.5489
14.3963,12.4554
14.3964,12.4555
14.4949,12.5538
14.6913,12.7506
14.4036,12.4609
14.5060,12.5640
14.4516,12.5103
14.2590,12.3165
14.3619,12.4167
14.6495,12.7036
14.3834,12.4375
14.3834,12.4374
14.6110,12.6639
14.4712,12.5229
14.6928,12.7445
14.7687,12.8198
14.7064,12.7579
14.2940,12.3484
14.3393,12.3927
14.5848,12.6369
14.7516,12.8041
14.7516,12.8041
14.1673,12.2204
14.5240,12.5772
14.5552,12.6085
14.4174,12.4708
14.4670,12.5201
14.6824,12.7361
14.4655,12.5184
14.3294,12.3830
14.4797,12.4841
14.4655,12.5185
14.4654,12.5186
14.4655,12.5186
14.4657,12.5186
14.4657,12.5186
14.4656,12.5185
14.4655,12.5186
14.4656,12.5187
14.4656,12.5187
14.4656,12.5187
14.4656,12.5184
14.4656,12.5185
14.4655,12.5186
14.4655,12.5185
14.4655,12.5185
14.4656,12.5185
14.4656,12.5186
14.4655,12.5186
14.4656,12.5185
14.4655,12.5185
14.4656,12.5186
14.4656,12.5184
14.4656,12.5186
14.4655,12.5185
14.4655,12.5185
14.4656,12.5186
14.4655,12.5187
14.4655,12.5186
14.4656,12.5186
14.4656,12.5186
14.4656,12.5185
14.4655,12.5186
14.4657,12.5186
14.4657,12.5185
14.4655,12.5185
14.4656,12.5185
14.4655,12.5187
14.4655,12.5185
14.4655,12.5186
14.4656,12.5185
14.4655,12.5184
14.4656,12.5187
14.4655,12.5186
14.4655,12.5185
14.4656,12.5186
14.4655,12.5186
14.4655,12.5185
14.4656,12.5186
14.4656,12.5187
14.4655,12.5185
14.4656,12.5185
14.4798,12.4837
14.4655,12.5186
14.4656,12.5185
14.4656,12.5186
14.4655,12.5185
14.4655,12.5186
14.4656,12.5185
14.4655,12.5186
14.4655,12.5187
14.4656,12.5185
14.4656,12.5186
14.4656,12.5187
14.4656,12.5186
14.4656,12.5186
14.4655,12.5185
14.4657,12.5187
14.4655,12.5186
14.4656,12.5185
14.4655,12.5186
14.4656,12.5187
14.4656,12.5185
14.4656,12.5187
14.4655,12.5186
14.4655,12.5186
14.4656,12.5186
14.4656,12.5187
14.4655,12.5186
14.4655,12.5185
14.4655,12.5187
14.4656,12.5186
14.4655,12.5186
14.4656,12.5185
14.4655,12.5186
14.4655,12.5186
14.4656,12.5186
14.4656,12.5187
14.4655,12.5186
14.4656,12.5186
14.4656,12.5185
14.4656,12.5185
14.4655,12.5186
14.4656,12.5186
14.4656,12.5185
14.4655,12.5186
14.4656,12.5186
14.4655,12.5186
14.4656,12.5185
14.4655,12.5187
14.4656,12.5186
14.4655,12.5185
14.4656,12.5187
14.4655,12.5187
14.4799,12.4838
