-1.0000,0.4535
-1.0000,0.4530
-1.0000,0.4530
-1.0000,0.4530
-1.0000,0.4528
-1.0000,0.4528
-1.0000,0.4527
-1.0000,0.4526
-1.0000,0.4526
-1.0000,0.4525
-1.0000,0.4526
-1.0000,0.4525
-1.0000,0.4525
-1.0000,0.4525
-1.0000,0.4525
-1.0000,0.4525
-1.0000,0.4525
-1.0000,0.4524
-1.0000,0.4525
-1.0000,0.4524
-1.0000,0.4524
-1.0000,0.4524
-1.0000,0.4524
-1.0000,0.4524
-1.0000,0.4524
-1.0000,0.4524
-1.0000,0.4524
-1.0000,0.4523
-1.0000,0.4523
-1.0000,0.4523
-1.0000,0.4523
-1.0000,0.4523
-1.0000,0.4523
-1.0000,0.4523
-1.0000,0.4522
-1.0000,0.4522
-1.0000,0.4522
-1.0000,0.4522
-1.0000,0.4522
-1.0000,0.4522
-1.0000,0.4522
-1.0000,0.4522
-1.0000,0.4522
-1.0000,0.4521
-1.0000,0.4521
-1.0000,0.4521
-1.0000,0.4521
-1.0000,0.4521
-1.0000,0.4521
-1.0000,0.4520
-1.0000,0.4520
-1.0000,-1.0000,0.4520
-1.0000,0.4520
-1.0000,0.4520
-1.0000,0.4520
-1.0000,0.4520
-1.0000,0.4520
-1.0000,0.4520
-1.0000,0.4520
-1.0000,0.4520
-1.0000,0.4520
-1.0000,0.4520
-1.0000,0.4520
-1.0000,0.4520
-1.0000,0.4520
-1.0000,0.4520
-1.0000,0.4520
-1.0000,0.4520
-1.0000,0.4520
-1.0000,0.4520
-1.0000,0.4520
-1.0000,0.4520
-1.0000,0.4520
-1.0000,0.4520
-1.0000,0.4520
-1.0000,0.4520
-1.0000,0.4520
-1.0000,0.4520
-1.0000,0.4520
-1.0000,0.4520
-1.0000,0.4520
-1.0000,0.4520
-1.0000,0.4520
-1.0000,0.4520
-1.0000,0.4520
-1.0000,0.4520
-1.0000,0.4520
-1.0000,0.4520
-1.0000,0.4520
-1.0000,0.4520
-1.0000,0.4520
-1.0000,0.4520
-1.0000,0.4520
-1.0000,0.4520
-1.0000,0.4520
-1.0000,0.4520
-1.0000,0.4520
-1.0000,0.4520
-1.0000,0.4520
-1.0000,0.4520
-1.0000,0.4520
-1.0000,0.4520
-1.0000,0.4520
-1.0000,-1.0000,0.4520
-1.0000,0.4520
-1.0000,0.4520
-1.0000,0.4520
-1.0000,0.4520
-1.0000,0.4520
-1.0000,0.4520
-1.0000,0.4520
-1.0000,0.4520
-1.0000,0.4520
-1.0000,0.4520
-1.0000,0.4520
-1.0000,0.4520
-1.0000,0.4520
-1.0000,0.4520
-1.0000,0.4520
-1.0000,0.4520
-1.0000,0.4520
-1.0000,0.4520
-1.0000,0.4520
-1.0000,0.4520
-1.0000,0.4520
-1.0000,0.4520
-1.0000,0.4520
-1.0000,0.4520
-1.0000,0.4520
-1.0000,0.4520
-1.0000,0.4520
-1.0000,0.4520
-1.0000,0.4520
-1.0000,0.4520
-1.0000,0.4520
-1.0000,0.4520
-1.0000,0.4520
-1.0000,0.4520
-1.0000,0.4520
-1.0000,0.4520
-1.0000,0.4520
-1.0000,0.4520
-1.0000,0.4520
-1.0000,0.4520
-1.0000,0.4520
-1.0000,0.4520
-1.0000,0.4520
-1.0000,0.4520
-1.0000,0.4520
-1.0000,0.4520
-1.0000,0.4520
-1.0000,0.4520
-1.0000,0.4520
-1.0000,0.4520
-1.0000,0.4520
-1.0000,-1.0000,0.4520
