22071.2461
12496.7607
9103.8564
11479.5059
9435.5312
10115.3037
10107.0586
9596.2090
9905.6602
9845.1416
10607.4629
10375.3906
10231.4590
10073.1699
9652.5771
9983.9619
9955.4766
9802.3486
10260.5137
10205.0762
10042.5352
9867.1289
9846.8203
10273.9678
10729.2695
9947.2686
9989.7100
10091.7871
9904.5234
10053.4844
10661.3867
9948.6250
9938.7188
10763.1621
10189.3477
10438.4551
10360.9355
10465.3652
9598.9443
9801.5635
10115.2246
10439.9609
10432.7383
9431.6787
10131.0713
10225.3291
9976.9395
9965.6924
10490.8721
10068.2939
9985.9678
9987.6416
10068.4004
10068.2773
10068.1660
10068.5713
10068.1445
10068.4990
10068.1904
10068.6992
10068.2012
10067.9697
10068.4316
10068.4316
10068.3350
10068.1621
10068.4258
10068.1152
10067.9316
10068.3262
10068.1055
10068.4316
10068.2393
10068.0762
10068.2305
10067.9844
10068.2910
10068.1494
10068.2930
10068.1426
10068.2002
10068.0674
10067.9375
10068.1992
10068.0811
10068.2500
10068.0664
10068.4238
10068.4834
10068.1943
10068.4854
10068.1738
10068.4707
10068.4150
10068.4434
10067.9863
10068.4434
10067.9668
10068.4980
10068.3643
10068.2646
10068.4629
10068.3945
9987.3301
10068.1387
10067.9844
10067.8945
10068.2500
10068.5625
10068.4609
10068.3457
10068.0996
10068.1113
10068.2129
10068.2637
10067.9102
10068.1143
10068.5410
10068.2822
10068.3711
10068.2988
10068.2852
10068.0840
10068.4180
10068.2383
10068.2891
10068.0879
10068.5820
10068.0684
10068.5771
10068.0977
10068.1426
10068.5781
10068.3936
10068.2275
10068.4648
10068.1992
10068.1777
10068.2461
10068.1572
10068.1533
10067.8105
10068.3906
10068.2383
10068.1660
10068.4658
10068.2900
10068.1602
10068.5605
10068.6260
10067.9688
10068.4600
10068.4023
10068.2490
10068.0547
9987.7129
